#	z_max	r_eq	V_L
4.05491e-09	2.80939e-08	6.10893e-24
7.15867e-09	2.69917e-08	1.10629e-23
3.75568e-09	2.06153e-08	2.74746e-24
3.20106e-09	2.33755e-08	3.18192e-24
2.75988e-09	1.9086e-08	1.40874e-24
3.67784e-09	2.464e-08	3.90646e-24
3.20868e-09	1.9086e-08	2.1475e-24
4.27774e-09	2.58426e-08	4.25472e-24
4.12126e-09	2.52485e-08	2.38557e-24
4.04055e-09	2.40161e-08	2.80028e-24
2.94126e-09	2.06153e-08	1.3171e-24
2.81389e-09	1.45772e-08	7.57031e-25
3.17303e-09	1.74231e-08	1.55773e-24
7.14913e-09	3.97308e-08	1.29879e-23
3.0818e-09	2.13388e-08	1.82876e-24
4.86578e-09	4.04876e-08	1.15926e-23
3.05644e-09	1.9086e-08	9.97489e-25
2.21346e-09	9.54302e-09	2.66682e-25
2.6143e-09	1.34959e-08	7.71392e-25
3.15856e-09	1.82735e-08	1.52766e-24
2.96293e-09	1.98654e-08	9.09103e-25
3.94377e-09	2.64234e-08	3.07416e-24
2.74787e-09	1.6529e-08	1.27274e-24
2.64064e-09	2.52485e-08	3.42235e-24
3.753e-09	3.01777e-08	4.42781e-24
3.60575e-09	2.13388e-08	2.16656e-24
3.55546e-09	2.33755e-08	2.01462e-24
2.83037e-09	2.06153e-08	1.70759e-24
3.22145e-09	1.98654e-08	2.2777e-24
7.9391e-09	5.13907e-08	3.17876e-23
2.59334e-09	1.9086e-08	2.11823e-24
2.42893e-09	1.6529e-08	1.1693e-24
2.77016e-09	1.6529e-08	1.37061e-24
3.45123e-09	2.464e-08	2.85901e-24
7.30979e-09	5.45429e-08	5.74791e-23
3.1124e-09	1.45772e-08	7.44377e-25
2.40324e-09	1.34959e-08	8.54991e-25
3.86312e-09	2.69917e-08	3.96141e-24
3.76601e-09	3.06765e-08	4.21448e-24
4.01489e-09	3.48462e-08	7.76656e-24
3.44737e-09	1.6529e-08	1.24757e-24
9.2755e-09	5.10945e-08	4.6947e-23
1.96124e-09	1.34959e-08	5.13988e-25
1.27606e-08	2.91544e-08	9.89323e-24
2.61386e-09	1.45772e-08	5.98754e-25
3.43391e-09	2.91544e-08	4.22242e-24
3.3872e-09	3.11674e-08	6.96452e-24
3.34852e-09	2.13388e-08	2.35813e-24
3.5674e-09	3.06765e-08	4.99704e-24
3.37505e-09	2.69917e-08	3.86315e-24
2.12988e-09	9.54302e-09	2.47579e-25
3.23162e-09	2.75483e-08	5.3531e-24
3.47795e-09	3.3058e-08	8.47606e-24
2.74903e-09	1.45772e-08	5.90641e-25
3.56222e-09	2.464e-08	1.76525e-24
3.71265e-09	2.33755e-08	2.45781e-24
4.15707e-09	3.6547e-08	5.68169e-24
3.39931e-09	2.58426e-08	2.93484e-24
3.33143e-09	2.52485e-08	2.01015e-24
3.45112e-09	3.48462e-08	7.39551e-24
2.52665e-09	1.74231e-08	9.89417e-25
2.87789e-09	2.20387e-08	1.22989e-24
2.3542e-09	7.79184e-09	2.52834e-25
7.02079e-09	4.15971e-08	1.94692e-23
3.1501e-09	2.464e-08	2.97197e-24
2.19961e-09	1.34959e-08	6.85495e-25
1.99624e-09	1.55837e-08	4.18334e-25
9.58387e-09	4.73959e-08	3.98486e-23
3.17884e-09	1.82735e-08	2.03546e-24
3.84791e-09	3.61293e-08	9.08916e-24
2.25289e-09	1.10193e-08	3.78281e-25
3.43166e-09	2.06153e-08	2.23351e-24
6.70492e-09	3.97308e-08	1.60687e-23
1.07011e-08	4.57667e-08	3.01894e-23
2.76546e-09	1.55837e-08	7.30833e-25
4.0726e-09	3.11674e-08	7.27899e-24
2.68343e-09	1.34959e-08	9.19424e-25
4.24773e-09	3.16506e-08	5.32887e-24
1.05384e-08	3.61293e-08	1.80357e-23
2.80334e-09	1.10193e-08	6.21092e-25
2.5376e-09	1.55837e-08	6.58237e-25
3.77833e-09	2.75483e-08	3.17033e-24
4.29581e-09	2.58426e-08	3.10817e-24
2.74945e-09	2.40161e-08	2.10263e-24
3.65168e-09	2.20387e-08	2.86297e-24
3.37372e-09	2.13388e-08	1.73668e-24
2.15578e-09	1.34959e-08	5.98285e-25
2.19765e-09	7.79184e-09	2.19815e-25
3.92624e-09	2.20387e-08	2.24802e-24
4.82146e-09	3.3514e-08	7.84166e-24
4.16021e-09	3.06765e-08	4.79493e-24
2.17463e-09	9.54302e-09	3.12826e-25
3.58809e-09	3.06765e-08	5.9138e-24
2.30329e-09	1.6529e-08	7.0257e-25
3.11183e-09	1.74231e-08	5.63156e-25
3.19204e-09	2.33755e-08	2.11573e-24
2.34332e-09	1.34959e-08	5.69645e-25
2.59114e-09	2.58426e-08	3.55292e-24
4.24801e-09	2.80939e-08	4.03692e-24
4.04194e-09	3.39638e-08	6.74406e-24
3.16621e-09	1.9086e-08	1.06759e-24
3.48531e-09	2.20387e-08	2.29457e-24
7.89163e-09	5.01954e-08	4.3731e-23
2.30527e-09	1.45772e-08	7.91394e-25
4.32444e-09	3.3514e-08	5.60128e-24
4.09892e-09	2.86291e-08	2.73679e-24
2.50453e-09	1.55837e-08	1.52098e-24
3.78855e-09	3.61293e-08	4.94998e-24
2.77631e-09	1.6529e-08	1.11999e-24
4.93692e-09	3.25956e-08	7.43304e-24
4.08401e-09	2.96704e-08	6.4629e-24
2.58144e-09	1.55837e-08	9.26588e-25
3.57523e-09	2.33755e-08	3.56656e-24
2.44725e-09	1.74231e-08	5.13252e-25
3.84291e-09	3.16506e-08	3.44303e-24
3.01311e-09	1.232e-08	4.26018e-25
1.4846e-08	4.80321e-08	5.10128e-23
2.55023e-09	1.9086e-08	1.1261e-24
4.07455e-09	2.33755e-08	2.60219e-24
3.11649e-09	2.27169e-08	2.50762e-24
3.24255e-09	1.98654e-08	1.49377e-24
3.32429e-09	2.52485e-08	2.42906e-24
2.03775e-09	7.79184e-09	1.61169e-25
4.19152e-09	2.69917e-08	3.23981e-24
4.21378e-09	4.47607e-08	9.40692e-24
3.22765e-09	3.69599e-08	1.31466e-23
3.19975e-09	2.52485e-08	4.05429e-24
9.29067e-09	5.25588e-08	5.55471e-23
4.38485e-09	2.40161e-08	3.09769e-24
2.66458e-09	1.82735e-08	8.72479e-25
2.94008e-09	2.27169e-08	2.82887e-24
2.13784e-09	1.232e-08	5.08893e-25
2.58899e-09	1.34959e-08	7.34251e-25
1.01846e-08	5.69924e-08	6.59056e-23
3.73561e-09	2.464e-08	3.6035e-24
6.76662e-09	4.50985e-08	2.06487e-23
3.51993e-09	1.45772e-08	1.15081e-24
2.87925e-09	2.06153e-08	2.0724e-24
3.88476e-09	3.48462e-08	8.84929e-24
4.8822e-09	2.80939e-08	4.52249e-24
5.9063e-09	3.69599e-08	9.49286e-24
3.46021e-09	2.464e-08	2.19962e-24
3.06536e-09	1.82735e-08	1.70011e-24
3.81159e-09	3.16506e-08	3.04337e-24
2.56408e-09	1.55837e-08	7.79385e-25
3.18324e-09	1.98654e-08	1.77735e-24
3.99711e-09	3.69599e-08	8.24522e-24
7.55539e-09	4.19604e-08	2.13209e-23
6.06585e-09	5.04969e-08	2.63979e-23
2.95508e-09	2.33755e-08	2.66837e-24
2.03367e-09	1.6529e-08	4.64598e-25
3.40989e-09	3.16506e-08	6.11815e-24
2.97832e-09	2.58426e-08	1.99118e-24
3.08501e-09	2.40161e-08	2.24489e-24
3.79922e-09	2.06153e-08	1.70125e-24
2.5659e-09	1.34959e-08	8.46367e-25
3.27795e-09	2.13388e-08	3.17132e-24
2.37628e-09	1.55837e-08	6.79509e-25
1.22749e-08	3.93469e-08	2.08331e-23
3.07815e-09	2.20387e-08	1.37329e-24
2.51772e-09	1.55837e-08	1.17102e-24
2.59338e-09	1.34959e-08	7.40154e-25
4.01435e-09	2.52485e-08	2.70696e-24
2.56263e-09	1.74231e-08	1.05713e-24
4.04113e-09	2.75483e-08	4.59183e-24
3.33416e-09	2.06153e-08	1.60404e-24
2.07926e-09	5.50966e-09	6.75749e-26
2.84315e-09	1.9086e-08	1.40588e-24
2.49497e-09	1.232e-08	5.55878e-25
3.19873e-09	2.86291e-08	2.02365e-24
2.55519e-09	1.45772e-08	7.0946e-25
4.57487e-09	2.52485e-08	2.73307e-24
7.14844e-09	4.37316e-08	1.55953e-23
4.1432e-09	2.27169e-08	2.44303e-24
3.48237e-09	2.52485e-08	2.42648e-24
3.86008e-09	3.25956e-08	5.8878e-24
3.22676e-09	1.34959e-08	9.82868e-25
2.59435e-09	5.50966e-09	1.00864e-25
2.34014e-09	5.50966e-09	9.41001e-26
3.84911e-09	3.44078e-08	6.96871e-24
6.09686e-09	4.30319e-08	2.00908e-23
3.19763e-09	2.58426e-08	2.40235e-24
3.8397e-09	3.01777e-08	5.09809e-24
5.18347e-09	4.50985e-08	1.65173e-23
4.55837e-09	4.23205e-08	1.27098e-23
2.64875e-09	1.6529e-08	1.42253e-24
3.2117e-09	1.45772e-08	6.93404e-25
3.46165e-09	2.96704e-08	3.65846e-24
3.35477e-09	2.86291e-08	4.32362e-24
2.82038e-09	9.54302e-09	3.19773e-25
2.88801e-09	1.232e-08	5.59513e-25
3.14418e-09	2.06153e-08	2.36644e-24
2.64654e-09	9.54302e-09	2.9546e-25
2.387e-09	1.9086e-08	1.84597e-24
2.53423e-09	1.10193e-08	5.30047e-25
3.32297e-09	2.75483e-08	1.64936e-24
4.65399e-09	3.6547e-08	9.05049e-24
1.0059e-08	5.19781e-08	5.15945e-23
3.1954e-09	2.64234e-08	3.27362e-24
3.0442e-09	1.34959e-08	4.69023e-25
4.00334e-09	2.40161e-08	1.77098e-24
2.1835e-09	9.54302e-09	2.13226e-25
3.564e-09	2.52485e-08	2.7012e-24
4.80925e-09	2.80939e-08	4.00227e-24
3.93522e-09	2.96704e-08	4.93642e-24
3.62806e-09	2.33755e-08	3.38677e-24
2.77355e-09	1.98654e-08	1.30892e-24
1.95051e-09	7.79184e-09	1.86618e-25
2.78701e-09	1.98654e-08	1.27871e-24
2.28777e-09	9.54302e-09	3.45809e-25
3.10458e-09	1.98654e-08	1.53216e-24
5.24332e-09	5.37016e-08	3.34832e-23
3.45508e-09	1.6529e-08	4.10167e-25
4.33639e-09	3.01777e-08	2.84981e-24
4.32597e-09	1.98654e-08	1.40894e-24
2.95875e-09	2.64234e-08	3.01329e-24
2.00482e-09	1.10193e-08	3.96756e-25
3.75835e-09	3.81721e-08	1.00594e-23
2.41805e-09	1.55837e-08	1.0314e-24
2.59955e-09	1.55837e-08	8.33796e-25
2.93162e-09	2.20387e-08	2.2618e-24
3.72238e-09	3.06765e-08	4.03109e-24
2.00719e-09	1.10193e-08	4.83426e-25
3.79812e-09	3.16506e-08	4.46392e-24
2.19865e-09	1.232e-08	3.01434e-25
4.69965e-09	3.16506e-08	4.45146e-24
2.43574e-09	1.34959e-08	5.38866e-25
3.86973e-09	3.06765e-08	5.52895e-24
3.14785e-09	1.45772e-08	6.60813e-25
3.52307e-09	2.80939e-08	3.03726e-24
3.27821e-09	2.20387e-08	1.60597e-24
7.90608e-09	4.8971e-08	2.91044e-23
3.12896e-09	1.34959e-08	5.61788e-25
3.30824e-09	3.3058e-08	4.40669e-24
7.25112e-09	4.83471e-08	2.10698e-23
3.42854e-09	2.86291e-08	4.82763e-24
2.17114e-09	1.55837e-08	4.89401e-25
2.55445e-09	1.34959e-08	7.25771e-25
2.4784e-09	1.34959e-08	1.05652e-24
2.24332e-09	1.34959e-08	7.98819e-25
3.15728e-09	2.52485e-08	3.74797e-24
2.44316e-09	1.74231e-08	9.13353e-25
3.21993e-09	2.69917e-08	4.41934e-24
2.87523e-09	1.55837e-08	1.33143e-24
2.53945e-09	1.74231e-08	8.32211e-25
3.04051e-09	1.55837e-08	7.69299e-25
6.59528e-09	3.73684e-08	1.56931e-23
9.63975e-09	4.6751e-08	2.88347e-23
2.31758e-09	1.10193e-08	6.10555e-25
2.73459e-09	2.06153e-08	1.35948e-24
2.69626e-09	1.9086e-08	1.58944e-24
2.37522e-09	1.9086e-08	1.72606e-24
2.1234e-09	1.55837e-08	5.84652e-25
2.52612e-09	1.6529e-08	1.47468e-24
2.6854e-09	1.34959e-08	6.17588e-25
3.40441e-09	3.97308e-08	9.20242e-24
4.05866e-09	2.52485e-08	2.74049e-24
2.76558e-09	1.34959e-08	1.00099e-24
3.65601e-09	3.01777e-08	4.14239e-24
3.33046e-09	2.75483e-08	2.50978e-24
3.5325e-09	2.64234e-08	2.64141e-24
2.02444e-09	1.10193e-08	4.01972e-25
3.44298e-09	1.82735e-08	1.14705e-24
3.84937e-09	4.15971e-08	1.19212e-23
3.5413e-09	2.464e-08	2.80398e-24
2.54337e-09	1.9086e-08	9.70359e-25
3.37609e-09	2.75483e-08	4.60534e-24
4.08913e-09	3.25956e-08	5.7905e-24
2.11473e-09	1.10193e-08	3.18442e-25
4.24643e-09	3.48462e-08	7.0302e-24
2.41798e-09	1.34959e-08	7.10097e-25
2.80987e-09	1.6529e-08	9.99901e-25
3.53812e-09	2.80939e-08	4.27448e-24
5.80216e-09	3.85676e-08	1.30306e-23
2.46046e-09	1.34959e-08	8.07272e-25
3.50481e-09	2.33755e-08	2.35709e-24
2.40748e-09	1.82735e-08	1.2552e-24
3.2634e-09	2.86291e-08	4.70016e-24
2.334e-09	1.55837e-08	9.95414e-25
4.33555e-09	2.86291e-08	5.14531e-24
2.46856e-09	1.45772e-08	7.63876e-25
3.35473e-09	1.74231e-08	9.57112e-25
2.49112e-09	1.98654e-08	1.80052e-24
2.84256e-09	1.9086e-08	1.03385e-24
3.97432e-09	2.20387e-08	2.00321e-24
3.60449e-09	1.98654e-08	1.6872e-24
3.57311e-09	3.61293e-08	6.35874e-24
2.69503e-09	2.33755e-08	2.25343e-24
2.75676e-09	1.232e-08	6.54736e-25
7.56546e-09	4.12305e-08	1.98934e-23
2.45634e-09	1.9086e-08	2.29446e-25
2.40643e-09	1.10193e-08	5.74135e-25
3.01409e-09	1.74231e-08	1.27712e-24
4.14591e-09	2.13388e-08	1.66561e-24
2.58819e-09	1.9086e-08	1.60954e-24
3.45757e-09	1.55837e-08	8.10732e-25
2.4276e-09	1.45772e-08	1.12561e-24
3.46021e-09	3.21266e-08	5.6597e-24
2.50462e-09	1.10193e-08	3.95554e-25
3.34497e-09	2.75483e-08	4.20005e-24
4.21792e-09	2.69917e-08	3.35149e-24
3.29108e-09	2.20387e-08	2.05772e-24
2.27032e-09	1.34959e-08	5.82679e-25
2.82293e-09	1.9086e-08	1.41439e-24
3.06939e-09	2.40161e-08	2.22289e-24
2.24208e-09	1.74231e-08	1.12022e-24
2.03562e-09	1.10193e-08	3.90457e-25
3.42303e-09	2.33755e-08	2.73979e-24
4.41496e-09	3.93469e-08	1.02005e-23
3.0745e-09	2.27169e-08	2.17294e-24
3.77669e-09	4.30319e-08	1.19163e-23
2.95955e-09	2.464e-08	2.50075e-24
3.17346e-09	1.6529e-08	1.37445e-24
2.97246e-09	7.79184e-09	2.10492e-25
2.39416e-09	1.55837e-08	8.37533e-25
2.90589e-09	1.45772e-08	6.05644e-25
3.50306e-09	1.6529e-08	1.25577e-24
3.09579e-09	1.9086e-08	2.565e-24
2.99894e-09	3.3058e-08	3.86875e-24
3.3446e-09	2.58426e-08	4.89623e-24
3.54526e-09	2.20387e-08	2.24618e-24
3.45816e-09	2.464e-08	2.53365e-24
2.19525e-09	9.54302e-09	3.63033e-25
2.27547e-09	1.10193e-08	4.64618e-25
3.25018e-09	1.6529e-08	9.53526e-25
3.4892e-09	2.464e-08	1.99225e-24
2.92602e-09	1.9086e-08	1.47443e-24
3.32182e-09	2.33755e-08	2.88945e-24
3.83521e-09	3.85676e-08	8.9206e-24
4.29935e-09	3.25956e-08	6.32776e-24
2.35303e-09	5.50966e-09	9.25779e-26
2.81493e-09	2.27169e-08	3.26376e-24
3.02046e-09	1.82735e-08	1.69434e-24
2.27029e-09	1.34959e-08	9.15183e-25
2.38776e-09	1.10193e-08	5.40267e-25
2.77559e-09	2.52485e-08	3.01508e-24
2.89616e-09	2.33755e-08	2.97255e-24
3.93154e-09	2.27169e-08	2.0006e-24
2.51654e-09	2.64234e-08	7.48915e-25
2.61574e-09	1.55837e-08	4.54002e-25
3.47794e-09	9.54302e-09	3.67621e-25
2.44207e-09	1.10193e-08	2.92881e-25
3.24083e-09	2.20387e-08	2.35152e-24
3.77938e-09	2.75483e-08	6.6429e-24
2.31999e-09	7.79184e-09	2.04012e-25
3.88078e-09	2.96704e-08	4.36276e-24
2.72658e-09	1.45772e-08	8.71226e-25
4.61272e-09	4.47607e-08	1.75562e-23
3.08637e-09	1.45772e-08	8.91936e-25
1.76974e-08	4.08608e-08	3.16441e-23
3.00345e-09	1.9086e-08	9.65442e-25
3.21476e-09	2.86291e-08	4.78882e-24
2.58983e-09	1.9086e-08	2.07676e-24
2.80819e-09	1.55837e-08	1.00618e-24
2.17827e-09	1.9086e-08	1.44665e-24
3.70652e-09	1.82735e-08	1.39194e-24
2.70686e-09	1.45772e-08	7.24492e-25
2.38623e-09	1.34959e-08	8.20987e-25
3.62304e-09	2.33755e-08	1.57178e-24
7.30459e-09	4.40773e-08	2.26851e-23
2.97514e-09	1.232e-08	8.19196e-25
2.82159e-09	2.64234e-08	4.37728e-24
2.24467e-09	7.79184e-09	1.33417e-25
3.29278e-09	2.464e-08	2.21102e-24
2.54314e-09	1.55837e-08	1.13129e-24
2.4032e-09	1.9086e-08	7.88808e-25
2.74944e-09	1.6529e-08	7.82823e-25
3.17803e-09	2.96704e-08	4.61925e-24
2.10732e-09	1.10193e-08	5.08371e-25
2.52132e-09	1.10193e-08	4.83296e-25
2.6971e-09	2.20387e-08	1.41791e-24
2.5128e-09	1.34959e-08	7.33742e-25
2.81546e-09	2.06153e-08	1.8615e-24
3.78143e-09	2.27169e-08	2.12217e-24
3.10077e-09	2.464e-08	2.12873e-24
2.43629e-09	1.55837e-08	4.82293e-25
1.31327e-08	3.97308e-08	2.5973e-23
2.78767e-09	2.20387e-08	1.43756e-24
3.3903e-09	2.13388e-08	1.89198e-24
3.51369e-09	3.57067e-08	8.5136e-24
2.92349e-09	1.82735e-08	9.44942e-25
3.15229e-09	2.80939e-08	3.43931e-24
2.26848e-09	1.45772e-08	7.66207e-25
2.19939e-09	1.55837e-08	6.68165e-25
4.84033e-09	2.58426e-08	1.86739e-24
2.38571e-09	1.55837e-08	8.95519e-25
2.75686e-09	1.82735e-08	5.36366e-25
3.15139e-09	2.13388e-08	1.4456e-24
3.04227e-09	1.45772e-08	9.70544e-25
3.85696e-09	2.69917e-08	2.9997e-24
3.83e-09	3.48462e-08	3.53774e-24
3.46417e-09	3.25956e-08	5.32383e-24
3.38688e-09	3.06765e-08	3.37971e-24
2.04628e-09	7.79184e-09	1.11405e-25
2.30949e-09	1.45772e-08	5.35214e-25
3.57711e-09	2.52485e-08	2.28236e-24
5.14414e-09	3.06765e-08	6.87701e-24
6.3687e-09	4.40773e-08	1.74631e-23
2.80813e-09	2.33755e-08	2.50721e-24
3.47806e-09	1.74231e-08	1.00175e-24
8.92596e-09	4.19604e-08	2.17975e-23
2.05968e-09	1.10193e-08	5.03749e-26
2.8496e-09	2.06153e-08	1.24678e-24
5.02128e-09	3.93469e-08	1.49747e-23
3.43542e-09	2.58426e-08	2.31598e-24
2.10039e-09	7.79184e-09	1.69793e-25
4.27411e-09	2.86291e-08	5.58217e-24
2.96169e-09	1.82735e-08	1.1139e-24
3.0504e-09	1.34959e-08	4.59536e-25
2.44486e-09	1.34959e-08	4.4875e-25
1.15124e-08	4.77151e-08	4.0968e-23
2.75844e-09	2.64234e-08	3.9401e-24
3.67489e-09	3.21266e-08	7.15083e-24
2.44799e-09	5.50966e-09	9.57298e-26
2.78665e-09	1.74231e-08	7.56972e-25
3.50959e-09	3.16506e-08	3.75448e-24
2.01612e-09	1.10193e-08	3.82466e-25
3.01707e-09	1.82735e-08	1.62108e-24
1.48668e-08	4.12305e-08	3.08434e-23
4.34007e-09	3.61293e-08	2.08012e-23
2.84001e-09	5.50966e-09	3.96147e-26
2.169e-09	1.34959e-08	4.95118e-25
2.50666e-09	1.10193e-08	2.11462e-25
3.83015e-09	3.3058e-08	5.57705e-24
3.11445e-09	2.75483e-08	3.7112e-24
3.63735e-09	2.52485e-08	4.03166e-24
2.30302e-09	1.55837e-08	7.79794e-25
2.12716e-09	1.6529e-08	6.93632e-25
4.83873e-09	2.91544e-08	4.67411e-24
4.30164e-09	3.77724e-08	4.96913e-24
4.22614e-09	2.75483e-08	3.89785e-24
3.68541e-09	3.06765e-08	5.40209e-24
4.41412e-09	2.69917e-08	4.85086e-24
2.72648e-09	1.34959e-08	8.12142e-25
3.26006e-09	2.33755e-08	2.11419e-24
2.24072e-09	7.79184e-09	2.11881e-25
3.56087e-09	1.9086e-08	1.27751e-24
2.65338e-09	1.34959e-08	6.35675e-25
4.55181e-09	4.50985e-08	1.40294e-23
3.54803e-09	1.9086e-08	8.23194e-25
2.24317e-09	9.54302e-09	2.97509e-25
2.68037e-09	1.82735e-08	8.37573e-25
3.6953e-09	3.52791e-08	4.95497e-24
2.91854e-09	1.9086e-08	1.13765e-24
2.80073e-09	1.9086e-08	1.37689e-24
3.13661e-09	1.55837e-08	7.77857e-25
2.76794e-09	1.74231e-08	1.24554e-24
2.75656e-09	1.6529e-08	6.55762e-25
3.90327e-09	3.21266e-08	6.41298e-24
2.3632e-09	1.82735e-08	1.15326e-24
2.95386e-09	2.06153e-08	1.45841e-24
3.2096e-09	2.06153e-08	1.64316e-24
2.62076e-09	1.74231e-08	1.22254e-24
2.83921e-09	2.06153e-08	1.43048e-24
2.42614e-09	1.55837e-08	9.31724e-25
2.41716e-09	1.82735e-08	7.47997e-25
3.01408e-09	1.6529e-08	1.06168e-24
3.058e-09	1.6529e-08	1.08918e-24
1.15436e-08	5.16852e-08	5.79035e-23
4.56506e-09	3.16506e-08	5.49765e-24
3.24016e-09	3.01777e-08	3.53729e-24
3.25045e-09	2.33755e-08	2.06939e-24
4.31036e-09	3.73684e-08	9.83274e-24
5.19204e-09	3.11674e-08	5.51e-24
3.46506e-09	3.11674e-08	5.31751e-24
5.14368e-09	5.07966e-08	1.52347e-23
4.08732e-09	2.464e-08	2.0538e-24
3.05244e-09	2.33755e-08	2.00561e-24
4.29876e-09	2.58426e-08	4.24646e-24
2.61056e-09	1.232e-08	6.98152e-25
4.2866e-09	1.9086e-08	3.27459e-24
3.06063e-09	1.10193e-08	7.02297e-25
2.96046e-09	2.13388e-08	2.22051e-24
2.23321e-09	5.50966e-09	7.33344e-26
3.1737e-09	3.39638e-08	3.59929e-24
2.86142e-09	2.20387e-08	2.34203e-24
3.26595e-09	1.82735e-08	1.73241e-24
2.05925e-09	1.232e-08	4.07077e-25
2.80273e-09	2.40161e-08	2.64986e-24
3.83259e-09	3.69599e-08	1.0244e-23
9.01994e-09	5.28468e-08	5.92479e-23
2.62113e-09	1.98654e-08	2.41286e-24
3.36076e-09	2.64234e-08	2.19621e-24
2.53961e-09	1.9086e-08	4.67838e-25
3.18118e-09	1.232e-08	9.27642e-25
3.28218e-09	1.55837e-08	1.13734e-24
2.2323e-09	1.10193e-08	1.83316e-25
2.81713e-09	1.9086e-08	8.71283e-25
2.25798e-09	1.34959e-08	4.45304e-25
3.61531e-09	3.21266e-08	5.41994e-24
4.05437e-09	3.6547e-08	8.77022e-24
3.25216e-09	2.06153e-08	1.79084e-24
4.24284e-09	2.86291e-08	4.61626e-24
2.29935e-09	2.20387e-08	1.91878e-24
2.80819e-09	1.98654e-08	2.05892e-24
2.60284e-09	5.50966e-09	1.07025e-25
4.30263e-09	3.81721e-08	7.8259e-24
1.0694e-08	2.86291e-08	6.8472e-24
2.5153e-09	1.10193e-08	5.25675e-25
3.79017e-09	2.33755e-08	2.49298e-24
2.03795e-09	7.79184e-09	1.53621e-25
3.24871e-09	2.58426e-08	3.41339e-24
3.27987e-09	2.52485e-08	1.72384e-24
3.78697e-09	3.44078e-08	2.30713e-24
3.68914e-09	2.69917e-08	3.49818e-24
2.76476e-09	1.55837e-08	7.47594e-25
2.38723e-09	5.50966e-09	9.41971e-26
2.46022e-09	1.10193e-08	3.73474e-25
3.42314e-09	2.40161e-08	2.09236e-24
3.22709e-09	1.34959e-08	9.39358e-25
4.05782e-09	3.39638e-08	4.19369e-24
4.6178e-09	3.06765e-08	7.25409e-24
2.90353e-09	1.9086e-08	7.8735e-25
3.77154e-09	3.16506e-08	4.79899e-24
1.9979e-09	1.10193e-08	3.78947e-25
2.78456e-09	2.40161e-08	3.72859e-24
2.76292e-09	2.13388e-08	1.78374e-24
2.9254e-09	2.27169e-08	2.47006e-24
2.84129e-09	2.13388e-08	2.27463e-24
4.81104e-09	4.19604e-08	1.17987e-23
2.26035e-09	1.82735e-08	6.62324e-25
3.44277e-09	3.89592e-08	1.04373e-23
3.36205e-09	2.80939e-08	3.60658e-24
2.40025e-09	7.79184e-09	1.29253e-25
4.88239e-09	1.98654e-08	2.09686e-24
8.37901e-09	4.8971e-08	3.38275e-23
2.49967e-09	3.11674e-08	6.37984e-24
3.31202e-09	1.9086e-08	1.25515e-24
3.37308e-09	2.52485e-08	3.55499e-24
3.66322e-09	2.64234e-08	2.03642e-24
4.70057e-09	4.37316e-08	5.13315e-24
6.32517e-09	3.44078e-08	9.89221e-24
2.75322e-09	1.98654e-08	1.03372e-24
2.63887e-09	1.98654e-08	1.04515e-24
2.46048e-09	1.55837e-08	9.77878e-25
3.31368e-09	2.52485e-08	3.57519e-24
1.0739e-08	4.23205e-08	2.31506e-23
3.35609e-09	2.64234e-08	3.49317e-24
3.066e-09	1.9086e-08	1.46638e-24
1.32953e-08	4.40773e-08	3.69571e-23
2.46497e-09	5.50966e-09	7.79603e-26
2.85805e-09	1.55837e-08	9.43826e-25
4.26442e-09	3.3058e-08	7.67819e-24
2.04927e-09	1.34959e-08	7.39458e-25
2.71126e-09	1.82735e-08	6.59228e-25
4.39794e-09	2.52485e-08	3.32414e-24
3.62009e-09	1.9086e-08	2.20479e-24
3.50354e-09	1.9086e-08	1.56912e-24
3.07917e-09	1.232e-08	5.97663e-25
3.81044e-09	2.33755e-08	3.04696e-24
3.97292e-09	2.64234e-08	4.38106e-24
1.98562e-09	1.10193e-08	4.41635e-25
3.28958e-09	2.27169e-08	1.21791e-24
4.65719e-09	5.75226e-08	2.49776e-23
2.36533e-09	1.10193e-08	3.72088e-25
2.94209e-09	2.13388e-08	1.25646e-24
2.92585e-09	2.96704e-08	1.59352e-24
3.86927e-09	2.06153e-08	2.80836e-24
3.41673e-09	2.86291e-08	1.41084e-24
2.75704e-09	1.82735e-08	1.50645e-24
2.16676e-09	4.04876e-08	7.28124e-24
3.72287e-09	3.21266e-08	6.06103e-24
3.22269e-09	2.69917e-08	2.7021e-24
2.5721e-09	1.6529e-08	7.56273e-25
4.18342e-09	2.91544e-08	3.81485e-24
2.14525e-09	1.6529e-08	1.00089e-24
2.05067e-09	1.232e-08	2.04923e-25
2.90764e-09	1.34959e-08	6.34802e-25
3.44768e-09	2.75483e-08	4.5197e-24
3.07695e-09	1.9086e-08	2.06626e-24
3.89061e-09	2.80939e-08	4.17464e-24
2.8017e-09	1.232e-08	6.10593e-25
6.39909e-09	2.80939e-08	6.02589e-24
2.70766e-09	1.74231e-08	1.76044e-24
3.73647e-09	2.27169e-08	2.98922e-24
4.04164e-09	3.69599e-08	9.67029e-24
3.70983e-09	2.52485e-08	2.91544e-24
3.62948e-09	3.01777e-08	4.98663e-24
3.36643e-09	3.06765e-08	4.57144e-24
3.08397e-09	2.33755e-08	2.82363e-24
2.6231e-09	1.45772e-08	8.49974e-25
4.90281e-09	4.30319e-08	1.68796e-23
2.11283e-09	5.50966e-09	7.52321e-26
3.0575e-09	1.232e-08	6.38362e-25
4.51473e-09	3.69599e-08	9.79358e-24
2.41793e-09	1.98654e-08	1.0425e-24
2.10538e-09	1.10193e-08	3.03301e-25
2.89213e-09	1.82735e-08	1.74833e-24
6.44793e-09	3.93469e-08	1.55142e-23
3.49348e-09	3.3058e-08	7.6724e-24
2.59896e-09	1.10193e-08	6.63145e-25
4.74386e-09	3.77724e-08	8.14647e-24
4.35181e-09	3.48462e-08	6.9317e-24
3.28186e-09	2.69917e-08	3.17392e-24
3.68738e-09	1.98654e-08	1.2289e-24
3.94933e-09	3.6547e-08	4.87351e-24
4.2805e-09	4.04876e-08	9.0922e-24
1.09221e-08	5.13907e-08	5.12706e-23
2.93608e-09	2.20387e-08	1.97019e-24
3.36417e-09	1.74231e-08	1.20238e-24
2.76956e-09	1.34959e-08	7.70921e-25
4.46497e-09	4.37316e-08	6.18297e-24
4.27765e-09	3.52791e-08	3.68637e-24
3.06633e-09	2.69917e-08	4.98248e-24
2.39891e-09	1.55837e-08	1.14316e-24
3.92983e-09	2.58426e-08	3.12923e-24
2.25651e-09	1.82735e-08	6.27081e-25
2.32439e-09	1.82735e-08	1.08211e-24
2.79492e-09	1.34959e-08	2.82774e-25
9.00207e-09	4.866e-08	3.13795e-23
3.99896e-09	3.61293e-08	6.91088e-24
3.0546e-09	1.98654e-08	6.19065e-25
2.92059e-09	1.9086e-08	1.22744e-24
3.87086e-09	3.39638e-08	8.05745e-24
3.46467e-09	1.98654e-08	1.45399e-24
3.30008e-09	2.64234e-08	2.9911e-24
3.02389e-09	2.13388e-08	2.05391e-24
1.58235e-08	5.13907e-08	4.90939e-23
2.82753e-09	2.13388e-08	1.79408e-24
3.93906e-09	2.58426e-08	3.86508e-24
2.40281e-09	9.54302e-09	1.46476e-25
3.19455e-09	1.34959e-08	3.4063e-25
2.71183e-09	1.55837e-08	1.37568e-24
2.17605e-09	1.34959e-08	4.4216e-25
5.40132e-09	3.77724e-08	1.25482e-23
3.02976e-09	1.9086e-08	1.54335e-24
3.53171e-09	2.69917e-08	2.83833e-24
3.04232e-09	2.20387e-08	2.21916e-24
3.20995e-09	1.74231e-08	1.4602e-24
4.00927e-09	3.16506e-08	6.72499e-24
2.74372e-09	1.9086e-08	1.80829e-24
2.84402e-09	1.34959e-08	6.61768e-25
3.15786e-09	2.33755e-08	2.14471e-24
4.30797e-09	3.16506e-08	5.23157e-24
5.37577e-09	2.91544e-08	4.79085e-24
3.52864e-09	2.464e-08	1.95894e-24
2.8598e-09	1.45772e-08	1.12793e-24
3.13778e-09	2.20387e-08	1.77887e-24
3.448e-09	2.69917e-08	2.83459e-24
2.59832e-09	1.232e-08	6.077e-25
3.61735e-09	2.52485e-08	3.28301e-24
4.5422e-09	2.75483e-08	3.98132e-24
6.22894e-09	3.73684e-08	1.29445e-23
1.23642e-08	4.33831e-08	2.80431e-23
3.3068e-09	1.98654e-08	1.9552e-24
2.59745e-09	1.10193e-08	7.01366e-25
4.53105e-09	3.25956e-08	6.90683e-24
3.44912e-09	1.55837e-08	7.94604e-25
4.48227e-09	2.75483e-08	3.6062e-24
4.20449e-09	2.64234e-08	3.51029e-24
3.04649e-09	2.40161e-08	1.74661e-24
3.2363e-09	2.58426e-08	3.02412e-24
2.6154e-09	1.10193e-08	6.59262e-25
3.33301e-09	2.40161e-08	2.04068e-24
2.89654e-09	2.58426e-08	1.92928e-24
2.56206e-09	1.6529e-08	1.1767e-24
1.27606e-08	4.54339e-08	3.70542e-23
5.57751e-09	4.866e-08	1.51532e-23
3.7726e-09	1.82735e-08	1.47556e-24
2.93533e-09	2.13388e-08	1.77414e-24
2.74351e-09	1.98654e-08	1.9028e-24
1.97343e-09	5.50966e-09	7.27265e-26
4.39867e-09	3.3514e-08	6.63761e-24
2.70241e-09	1.9086e-08	1.46067e-24
1.41728e-08	4.30319e-08	3.48972e-23
3.31228e-09	2.75483e-08	4.2772e-24
3.03192e-09	1.98654e-08	1.71566e-24
4.7021e-09	3.97308e-08	1.14923e-23
5.11146e-09	3.39638e-08	9.39687e-24
2.49141e-09	1.45772e-08	7.51996e-25
4.01983e-09	2.464e-08	3.86417e-24
3.71492e-09	2.75483e-08	3.14215e-24
7.20802e-09	4.15971e-08	1.46165e-23
3.9732e-09	3.25956e-08	6.23135e-24
3.27152e-09	3.01777e-08	5.29741e-24
2.95897e-09	1.9086e-08	1.43394e-24
1.24557e-08	4.33831e-08	2.73983e-23
2.94532e-09	1.82735e-08	1.9501e-24
2.27037e-09	7.79184e-09	2.06769e-25
3.79068e-09	3.16506e-08	3.37065e-24
2.3233e-09	1.6529e-08	1.05348e-24
2.59067e-09	1.82735e-08	1.36728e-24
2.81858e-09	1.55837e-08	7.38416e-25
2.84363e-09	1.74231e-08	1.3403e-24
3.25054e-09	1.74231e-08	1.35519e-24
3.26939e-09	2.27169e-08	1.26406e-24
3.13326e-09	2.40161e-08	2.52474e-24
3.40084e-09	2.69917e-08	4.15516e-24
2.718e-09	2.27169e-08	2.13587e-24
4.11435e-09	3.93469e-08	9.72687e-24
4.20948e-09	3.3058e-08	6.12435e-24
3.09998e-09	2.06153e-08	2.09112e-24
3.779e-09	3.06765e-08	4.65076e-24
3.97696e-09	3.16506e-08	2.97874e-24
3.28358e-09	2.58426e-08	3.57465e-24
3.10679e-09	2.96704e-08	1.49101e-24
2.72596e-09	1.82735e-08	1.62486e-24
4.0286e-09	3.48462e-08	4.04569e-24
2.12661e-09	1.232e-08	4.53988e-25
2.76809e-09	1.74231e-08	1.29727e-24
2.94175e-09	1.6529e-08	7.51405e-25
2.60708e-09	1.82735e-08	1.6283e-24
2.72467e-09	2.06153e-08	6.42598e-25
2.09999e-09	1.10193e-08	2.94887e-25
2.99412e-09	1.82735e-08	8.79555e-25
2.7154e-09	1.98654e-08	7.76161e-25
4.68023e-09	3.73684e-08	9.94794e-24
3.09217e-09	1.74231e-08	1.12535e-24
4.12049e-09	2.69917e-08	3.98155e-24
2.13909e-09	7.79184e-09	1.36874e-25
2.16822e-09	1.34959e-08	4.61137e-25
3.35233e-09	2.80939e-08	3.65197e-24
2.9825e-09	2.69917e-08	1.08805e-24
3.48056e-09	2.33755e-08	1.91151e-24
2.84551e-09	1.232e-08	5.17206e-25
2.75314e-09	1.6529e-08	6.82182e-25
1.22262e-08	3.48462e-08	1.91586e-23
1.29662e-08	2.40161e-08	1.06406e-23
3.05121e-09	1.6529e-08	1.4554e-24
2.90979e-09	2.64234e-08	1.99224e-24
3.7341e-09	3.52791e-08	8.43062e-24
1.79325e-08	4.83471e-08	4.60914e-23
3.36939e-09	2.64234e-08	3.11184e-24
2.7186e-09	1.10193e-08	4.7204e-25
2.29376e-09	1.10193e-08	3.65883e-25
2.4662e-09	9.54302e-09	1.81937e-25
7.0802e-09	5.64573e-08	4.02871e-23
2.26443e-09	9.54302e-09	2.99392e-25
4.28443e-09	2.20387e-08	2.95019e-24
2.55102e-09	1.10193e-08	3.70539e-25
2.86467e-09	1.232e-08	7.46275e-25
7.48044e-09	5.10945e-08	3.84711e-23
2.69768e-09	2.40161e-08	7.66968e-25
4.69053e-09	2.33755e-08	3.42695e-24
2.46368e-09	7.79184e-09	1.82207e-25
3.60763e-09	2.52485e-08	6.75248e-25
3.68864e-09	2.80939e-08	3.73629e-24
3.25987e-09	2.13388e-08	2.3213e-24
2.56907e-09	1.6529e-08	9.5439e-25
2.31884e-09	1.232e-08	6.11245e-25
3.71058e-09	1.9086e-08	8.28207e-25
3.97412e-09	3.01777e-08	3.35544e-24
2.62701e-09	1.9086e-08	8.9512e-25
2.75332e-09	2.40161e-08	7.76431e-25
2.18428e-09	1.10193e-08	4.2246e-25
2.54278e-09	9.54302e-09	2.16377e-25
2.59965e-09	2.27169e-08	1.01224e-24
2.86122e-09	2.13388e-08	1.32667e-24
3.77457e-09	3.06765e-08	3.52557e-24
3.13206e-09	1.9086e-08	1.21781e-24
2.7826e-09	1.9086e-08	1.36489e-24
2.80926e-09	1.232e-08	1.42538e-25
2.73441e-09	1.98654e-08	2.13159e-24
2.68484e-09	1.10193e-08	2.41569e-25
3.54369e-09	3.25956e-08	4.97127e-24
3.77144e-09	3.85676e-08	9.32413e-24
1.03122e-08	5.39835e-08	5.41788e-23
2.28166e-09	9.54302e-09	3.01154e-25
2.817e-09	2.33755e-08	2.98326e-24
4.32864e-09	3.52791e-08	8.28888e-24
4.96528e-09	3.3058e-08	7.20889e-24
3.25507e-09	2.80939e-08	4.58628e-24
3.11647e-09	1.232e-08	5.90141e-25
3.50541e-09	2.52485e-08	3.54874e-24
3.63999e-09	2.69917e-08	3.24231e-24
2.67226e-09	2.06153e-08	2.23654e-24
2.5722e-09	1.74231e-08	1.56271e-24
2.60711e-09	1.55837e-08	7.04004e-25
2.36453e-09	1.74231e-08	1.39209e-24
3.53924e-09	2.20387e-08	2.74959e-24
4.33187e-09	3.52791e-08	8.05243e-24
3.45994e-09	1.74231e-08	1.80678e-24
3.55553e-09	3.06765e-08	7.81129e-24
2.25288e-09	1.10193e-08	3.86402e-25
3.0552e-09	1.6529e-08	9.65781e-25
2.26213e-09	9.54302e-09	2.5358e-25
3.07965e-09	2.20387e-08	1.10299e-24
2.39615e-09	1.232e-08	5.65214e-25
4.3148e-09	4.37316e-08	1.12572e-23
3.03642e-09	2.13388e-08	2.9266e-24
3.65661e-09	3.3514e-08	6.8743e-24
2.36448e-09	1.232e-08	4.47724e-25
3.14954e-09	1.45772e-08	1.09793e-24
1.96458e-09	9.54302e-09	1.38458e-25
3.02834e-09	2.13388e-08	2.92786e-24
3.195e-09	2.464e-08	3.40043e-24
4.46347e-09	3.16506e-08	6.37065e-24
3.13204e-09	2.75483e-08	3.80816e-24
3.14196e-09	2.52485e-08	2.72268e-24
2.93493e-09	1.9086e-08	1.72285e-24
2.26171e-09	1.10193e-08	3.69984e-25
2.32469e-09	7.79184e-09	2.31103e-25
3.07821e-09	2.80939e-08	3.9529e-24
2.67477e-09	2.27169e-08	2.33385e-24
2.96014e-09	1.9086e-08	1.61341e-24
2.88305e-09	2.13388e-08	2.05826e-24
3.80223e-09	3.11674e-08	4.32909e-24
4.26424e-09	3.81721e-08	1.27763e-23
3.86837e-09	3.89592e-08	8.75273e-24
2.34426e-09	1.10193e-08	3.46244e-25
3.63587e-09	3.25956e-08	4.96075e-24
2.9117e-09	1.82735e-08	1.41184e-24
4.07324e-09	2.75483e-08	2.89749e-24
4.16075e-09	2.52485e-08	2.07568e-24
3.46679e-09	2.40161e-08	2.51607e-24
3.57601e-09	2.86291e-08	4.34598e-24
4.16814e-09	3.11674e-08	5.8168e-24
3.59836e-09	2.20387e-08	1.82102e-24
2.8045e-09	2.464e-08	2.61775e-24
2.9491e-09	2.06153e-08	2.25676e-24
4.59364e-09	3.6547e-08	8.92639e-24
2.41615e-09	1.34959e-08	7.809e-25
2.49873e-09	9.54302e-09	2.80921e-25
3.57465e-09	1.55837e-08	7.30969e-25
2.78194e-09	1.45772e-08	6.78155e-25
4.12124e-09	3.52791e-08	9.01114e-24
2.70061e-09	1.45772e-08	8.60086e-25
2.45113e-09	1.10193e-08	5.55814e-25
2.66691e-09	1.6529e-08	6.2793e-25
2.27595e-09	9.54302e-09	2.83686e-25
3.74167e-09	1.98654e-08	1.56447e-24
4.11372e-09	2.69917e-08	3.72025e-24
2.62986e-09	5.50966e-09	1.13589e-25
5.28474e-09	3.44078e-08	8.30916e-24
3.43458e-09	2.86291e-08	4.9858e-24
3.7924e-09	3.01777e-08	5.1817e-24
2.18516e-09	1.10193e-08	3.86252e-25
2.42593e-09	5.50966e-09	1.0267e-25
4.08164e-09	2.96704e-08	4.70022e-24
3.04708e-09	1.98654e-08	1.60223e-24
4.10073e-09	3.57067e-08	5.9432e-24
3.45353e-09	2.69917e-08	4.22438e-24
2.83149e-09	1.9086e-08	1.55786e-24
2.92347e-09	2.52485e-08	3.71317e-24
3.69281e-09	2.75483e-08	4.56872e-24
4.28844e-09	2.58426e-08	3.6919e-24
2.16892e-09	1.10193e-08	3.50027e-25
5.50119e-09	3.3058e-08	8.89606e-24
1.32949e-08	4.15971e-08	2.86507e-23
2.35107e-09	2.13388e-08	1.20826e-24
2.32393e-09	1.74231e-08	8.03899e-25
3.30842e-09	2.13388e-08	2.22815e-24
1.06697e-08	3.85676e-08	2.0991e-23
2.46548e-09	1.45772e-08	8.93971e-25
3.07878e-09	1.98654e-08	2.53622e-24
3.93354e-09	3.21266e-08	6.01641e-24
3.69307e-09	3.57067e-08	7.46146e-24
2.76638e-09	7.79184e-09	2.68475e-25
3.01767e-09	2.33755e-08	2.79909e-24
3.10179e-09	1.6529e-08	1.10451e-24
3.11216e-09	2.52485e-08	3.80847e-24
2.74034e-09	1.45772e-08	1.21628e-24
6.58404e-09	3.44078e-08	1.01537e-23
3.63933e-09	1.55837e-08	1.39596e-24
2.51756e-09	1.74231e-08	1.55203e-24
4.39712e-09	2.86291e-08	3.65209e-24
3.71199e-09	3.3514e-08	7.24633e-24
2.82865e-09	1.45772e-08	7.04526e-25
2.65369e-09	1.98654e-08	9.08642e-25
3.41982e-09	3.11674e-08	5.22614e-24
3.08221e-09	2.20387e-08	1.69011e-24
3.09917e-09	2.33755e-08	2.81666e-24
4.21937e-09	2.75483e-08	4.98469e-24
5.08435e-09	3.16506e-08	8.68833e-24
2.48879e-09	1.34959e-08	6.36739e-25
4.3837e-09	5.22693e-08	2.25031e-23
3.47328e-09	3.73684e-08	7.41727e-24
3.80952e-09	2.69917e-08	3.30537e-24
7.93552e-09	3.73684e-08	1.45694e-23
2.60962e-09	1.10193e-08	6.10826e-25
3.53249e-09	2.13388e-08	2.83528e-24
3.47069e-09	3.11674e-08	5.28586e-24
3.51341e-09	1.6529e-08	1.34112e-24
2.63946e-09	1.55837e-08	7.3533e-25
2.69361e-09	1.9086e-08	1.51628e-24
2.92158e-09	1.82735e-08	1.11262e-24
2.26796e-09	5.50966e-09	8.70653e-26
2.21855e-09	2.20387e-08	2.48731e-24
2.9212e-09	2.13388e-08	1.31817e-24
3.66513e-09	3.57067e-08	7.93608e-24
2.4046e-09	1.34959e-08	4.89109e-25
2.34228e-09	1.9086e-08	6.18387e-25
2.78266e-09	2.13388e-08	1.37904e-24
3.46273e-09	2.33755e-08	2.41403e-24
2.15397e-09	1.232e-08	3.21823e-25
3.40432e-09	2.06153e-08	1.19165e-24
3.5558e-09	2.58426e-08	3.79343e-24
2.15971e-09	1.34959e-08	3.27091e-25
1.95385e-09	1.10193e-08	2.81813e-25
2.05918e-09	1.232e-08	2.99716e-25
1.95566e-09	9.54302e-09	2.73849e-25
2.70617e-09	2.33755e-08	3.7203e-24
3.0115e-09	2.06153e-08	1.75305e-24
1.22406e-08	4.80321e-08	4.87016e-23
3.21822e-09	1.6529e-08	7.69472e-25
4.19529e-09	3.97308e-08	1.10612e-23
2.61553e-09	1.6529e-08	1.14602e-24
2.5107e-09	7.79184e-09	1.87911e-25
3.61767e-09	1.9086e-08	1.53378e-24
3.73779e-09	2.86291e-08	4.71328e-24
3.44878e-09	2.96704e-08	6.78587e-24
3.33616e-09	1.55837e-08	8.62559e-25
3.91782e-09	3.21266e-08	7.30514e-24
2.26944e-09	1.6529e-08	7.89544e-25
2.19334e-09	1.45772e-08	8.71463e-25
2.06372e-09	9.54302e-09	2.77068e-25
4.90997e-09	3.81721e-08	1.11391e-23
2.60237e-09	1.45772e-08	7.50578e-25
3.63923e-09	2.40161e-08	3.00813e-24
2.4054e-09	5.50966e-09	9.04933e-26
3.38047e-09	2.86291e-08	4.08767e-24
5.41586e-09	4.98921e-08	4.66525e-23
3.27303e-09	2.06153e-08	1.56109e-24
4.31648e-09	3.39638e-08	4.90655e-24
3.46466e-09	3.48462e-08	6.68433e-24
3.54079e-09	4.04876e-08	1.03463e-23
1.4136e-08	4.44203e-08	3.53437e-23
9.604e-09	4.30319e-08	2.42992e-23
3.27412e-09	2.13388e-08	3.5532e-24
3.77214e-09	2.58426e-08	2.5015e-24
3.5607e-09	2.52485e-08	3.60202e-24
4.30444e-09	3.3058e-08	6.9883e-24
3.19083e-09	2.06153e-08	2.12089e-24
2.51956e-09	1.9086e-08	7.84699e-25
2.45324e-09	1.34959e-08	5.42212e-25
2.23521e-09	1.34959e-08	2.58474e-25
2.9679e-09	1.45772e-08	7.36368e-25
3.10277e-09	2.06153e-08	1.24746e-24
3.86035e-09	2.91544e-08	4.53401e-24
4.13219e-09	3.21266e-08	3.98117e-24
2.19192e-09	1.10193e-08	3.88705e-25
2.69045e-09	1.34959e-08	7.46732e-25
2.91579e-09	1.45772e-08	8.55364e-25
2.93951e-09	2.20387e-08	1.6637e-24
3.0968e-09	2.64234e-08	3.84198e-24
2.08406e-09	9.54302e-09	2.86773e-25
2.88599e-09	1.98654e-08	1.32607e-24
8.18571e-09	3.6547e-08	1.36387e-23
2.17467e-09	1.6529e-08	6.88533e-25
3.07784e-09	1.74231e-08	1.29245e-24
3.15388e-09	2.52485e-08	2.78962e-24
2.37337e-09	1.34959e-08	8.01138e-25
3.54547e-09	2.40161e-08	2.32951e-24
3.32209e-09	2.20387e-08	2.3808e-24
2.1427e-09	1.34959e-08	7.72801e-25
3.21197e-09	1.9086e-08	1.54907e-24
3.29863e-09	2.69917e-08	4.0093e-24
2.69373e-09	1.55837e-08	1.00159e-24
3.06205e-09	1.9086e-08	1.49149e-24
3.13365e-09	3.01777e-08	5.12892e-24
3.37278e-09	2.464e-08	3.4835e-24
2.10317e-09	1.34959e-08	5.07094e-25
2.29133e-09	9.54302e-09	2.89852e-25
2.89042e-09	1.9086e-08	2.34619e-24
3.22884e-09	2.33755e-08	2.54752e-24
3.64486e-09	3.01777e-08	5.23068e-24
2.48485e-09	9.54302e-09	2.74034e-25
3.32063e-09	2.13388e-08	1.542e-24
3.57092e-09	3.57067e-08	6.333e-24
2.26839e-09	1.10193e-08	5.33108e-25
3.7017e-09	2.86291e-08	3.49349e-24
3.66459e-09	3.01777e-08	4.11646e-24
2.94939e-09	2.06153e-08	2.10171e-24
3.35928e-09	2.96704e-08	3.51495e-24
6.22763e-09	5.83088e-08	5.35637e-23
2.21366e-09	5.50966e-09	8.76731e-26
3.36693e-09	2.33755e-08	1.86406e-24
3.2084e-09	2.27169e-08	1.62691e-24
2.95517e-09	2.20387e-08	1.973e-24
3.20417e-09	2.80939e-08	3.54954e-24
3.96998e-09	3.89592e-08	1.16393e-23
3.29003e-09	2.06153e-08	3.06185e-24
1.06984e-08	4.70746e-08	3.16554e-23
3.06627e-09	2.06153e-08	2.13309e-24
5.35403e-09	4.54339e-08	1.60893e-23
1.18736e-08	4.26777e-08	2.32626e-23
2.46716e-09	1.9086e-08	1.71526e-24
3.96053e-09	3.21266e-08	4.58845e-24
2.4665e-09	1.55837e-08	7.70336e-25
2.68045e-09	2.06153e-08	8.42888e-25
3.95478e-09	2.91544e-08	6.91664e-24
3.49275e-09	1.6529e-08	1.16254e-24
2.51726e-09	2.464e-08	8.20824e-25
3.14136e-09	2.06153e-08	1.76449e-24
4.39053e-09	3.6547e-08	1.00929e-23
2.63886e-09	1.34959e-08	6.36038e-25
2.62516e-09	1.45772e-08	1.03203e-24
3.481e-09	3.6547e-08	9.0404e-24
4.09547e-09	3.3514e-08	5.97529e-24
2.89723e-09	1.74231e-08	1.39402e-24
4.0713e-09	3.11674e-08	6.6012e-24
2.45019e-09	1.55837e-08	9.37489e-25
2.56036e-09	1.6529e-08	1.02108e-24
2.62521e-09	1.55837e-08	9.87491e-25
2.87728e-09	1.9086e-08	1.40785e-24
3.52111e-09	2.33755e-08	3.05225e-24
3.79946e-09	2.75483e-08	5.27067e-24
1.05347e-08	4.26777e-08	2.17293e-23
3.66078e-09	3.3058e-08	7.62939e-24
4.44023e-09	3.3058e-08	7.02434e-24
2.38963e-09	9.54302e-09	2.83456e-25
3.08316e-09	1.232e-08	8.46373e-25
4.20414e-09	3.06765e-08	6.12795e-24
5.06862e-09	2.80939e-08	4.07248e-24
3.34327e-09	2.64234e-08	3.51804e-24
3.42368e-09	2.33755e-08	2.75959e-24
2.39025e-09	1.10193e-08	5.85719e-25
3.29594e-09	1.6529e-08	1.62246e-24
7.01695e-09	3.16506e-08	8.88064e-24
3.09846e-09	2.06153e-08	1.53591e-24
1.99489e-09	1.34959e-08	5.19965e-25
4.52058e-09	1.9086e-08	1.94429e-24
3.21864e-09	2.06153e-08	2.10973e-24
3.89826e-09	1.82735e-08	1.24166e-24
3.90214e-09	3.11674e-08	5.73758e-24
3.13022e-09	2.33755e-08	1.18948e-24
2.48549e-09	1.74231e-08	6.23732e-25
3.23348e-09	2.52485e-08	3.14723e-24
2.49208e-09	1.232e-08	4.83177e-25
3.89535e-09	3.3058e-08	6.25586e-24
4.61158e-09	3.39638e-08	6.59816e-24
2.75991e-09	1.9086e-08	1.73963e-24
3.14285e-09	2.464e-08	2.72954e-24
2.30829e-09	1.10193e-08	4.29664e-25
4.83553e-09	4.26777e-08	1.42743e-23
3.14313e-09	1.74231e-08	1.01528e-24
2.76782e-09	1.55837e-08	5.27911e-25
2.38285e-09	1.232e-08	4.80785e-25
2.29069e-09	1.6529e-08	6.55952e-25
2.88339e-09	2.27169e-08	2.24318e-24
2.22011e-09	1.34959e-08	3.04453e-25
2.22758e-09	5.50966e-09	9.17541e-26
3.66182e-09	2.464e-08	2.29675e-24
2.67175e-09	1.82735e-08	6.15966e-25
3.36852e-09	2.40161e-08	2.10747e-24
1.55069e-08	5.07966e-08	4.76222e-23
3.97208e-09	5.69924e-08	2.07742e-23
3.71304e-09	2.33755e-08	2.14893e-24
4.68828e-09	5.90846e-08	3.30237e-23
4.56751e-09	4.23205e-08	1.06603e-23
2.76076e-09	2.52485e-08	4.14373e-24
4.20091e-09	3.69599e-08	1.48581e-23
8.551e-09	3.25956e-08	1.10973e-23
3.87895e-09	1.74231e-08	1.86324e-24
5.68837e-09	3.11674e-08	4.93865e-24
3.43669e-09	2.13388e-08	1.67319e-24
2.44331e-09	1.55837e-08	1.00535e-24
3.42693e-09	2.80939e-08	2.7642e-24
2.79983e-09	3.16506e-08	6.2711e-24
3.30509e-09	3.3514e-08	6.68944e-24
6.38221e-09	3.73684e-08	1.07151e-23
1.3321e-08	4.26777e-08	2.78553e-23
4.05865e-09	2.80939e-08	3.90322e-24
3.00632e-09	1.98654e-08	1.64087e-24
3.83202e-09	2.13388e-08	3.06717e-24
2.6969e-09	1.9086e-08	9.41027e-25
3.97151e-09	2.96704e-08	3.8961e-24
2.82969e-09	2.58426e-08	2.70849e-24
2.34059e-09	1.232e-08	4.35793e-25
2.43244e-09	1.55837e-08	8.13197e-25
3.71619e-09	3.06765e-08	5.27576e-24
2.56105e-09	1.45772e-08	5.66997e-25
2.86844e-09	2.69917e-08	4.32362e-24
3.0543e-09	1.98654e-08	7.40698e-25
3.05504e-09	1.82735e-08	1.01039e-24
5.41732e-09	2.80939e-08	6.19506e-24
7.86213e-09	3.6547e-08	1.52578e-23
3.11518e-09	2.75483e-08	1.38412e-24
3.09392e-09	2.86291e-08	3.44246e-24
3.7799e-09	2.58426e-08	3.18415e-24
2.50898e-09	1.9086e-08	2.33122e-25
2.88385e-09	2.464e-08	1.91016e-24
3.50836e-09	2.13388e-08	2.01779e-24
2.72111e-09	1.10193e-08	4.39424e-25
2.6378e-09	1.232e-08	4.55545e-25
2.71973e-09	1.82735e-08	9.06672e-25
3.77656e-09	4.37316e-08	1.06209e-23
2.13885e-09	1.45772e-08	7.53679e-25
3.6654e-09	2.13388e-08	1.55924e-24
3.6616e-09	3.11674e-08	5.5877e-24
4.15269e-09	4.9587e-08	1.67261e-23
2.90758e-09	1.232e-08	5.01781e-25
2.64423e-09	1.45772e-08	1.0434e-24
3.56919e-09	2.06153e-08	1.66806e-24
2.81422e-09	1.34959e-08	5.54379e-25
2.41339e-09	1.232e-08	7.40275e-25
5.25787e-09	3.61293e-08	8.43933e-24
4.29322e-09	3.16506e-08	5.7089e-24
4.12461e-09	2.69917e-08	5.29992e-24
2.48748e-09	1.6529e-08	1.20974e-24
4.50681e-09	4.0111e-08	1.18249e-23
1.55751e-08	5.16852e-08	5.71181e-23
4.37348e-09	3.97308e-08	6.51419e-24
2.18017e-09	1.34959e-08	6.35869e-25
4.01127e-09	2.13388e-08	2.09477e-24
2.35741e-09	1.34959e-08	9.6712e-25
2.76266e-09	1.74231e-08	1.52633e-24
2.4688e-09	1.34959e-08	6.24452e-25
3.02979e-09	1.82735e-08	1.59684e-24
1.14912e-08	3.48462e-08	1.46617e-23
3.6998e-09	3.21266e-08	5.97303e-24
2.47999e-09	7.79184e-09	2.41503e-25
3.84884e-09	2.27169e-08	1.73805e-24
3.2754e-09	1.98654e-08	1.71519e-24
2.69437e-09	1.55837e-08	1.18413e-24
5.04029e-09	4.15971e-08	1.23771e-23
5.744e-09	3.73684e-08	1.20016e-23
2.26684e-09	5.50966e-09	8.2195e-26
2.35519e-09	1.82735e-08	1.72739e-24
2.63994e-09	1.55837e-08	8.71885e-25
3.36882e-09	3.44078e-08	3.50617e-24
5.71464e-09	4.30319e-08	1.38782e-23
2.93361e-09	1.98654e-08	1.4964e-24
8.03704e-09	5.28468e-08	5.08203e-23
3.43379e-09	2.75483e-08	2.46717e-24
2.79964e-09	2.06153e-08	1.35657e-24
2.40145e-09	1.55837e-08	1.62079e-24
3.18472e-09	2.13388e-08	1.69728e-24
3.46411e-09	2.06153e-08	2.43368e-24
3.66186e-09	3.48462e-08	4.44268e-24
3.24823e-09	2.06153e-08	1.17032e-24
4.63772e-09	3.3058e-08	6.8193e-24
2.16171e-09	7.79184e-09	2.2398e-25
3.42578e-09	3.06765e-08	4.46781e-24
2.80933e-09	1.98654e-08	1.2562e-24
2.47109e-09	1.34959e-08	5.91257e-25
2.97317e-09	1.82735e-08	1.09416e-24
3.60055e-09	2.40161e-08	3.24816e-24
3.55976e-09	3.11674e-08	4.93694e-24
3.0166e-09	2.06153e-08	1.44836e-24
3.56062e-09	2.33755e-08	1.8641e-24
2.83109e-09	1.55837e-08	7.22077e-25
4.19823e-09	3.21266e-08	2.75931e-24
3.58207e-09	2.464e-08	2.8596e-24
2.24601e-09	1.34959e-08	5.80771e-25
2.50314e-09	1.34959e-08	1.11535e-25
3.78384e-09	2.69917e-08	2.80042e-24
2.76709e-09	1.6529e-08	8.50339e-25
3.52851e-09	2.64234e-08	3.95426e-24
9.74501e-09	5.37016e-08	6.6567e-23
2.45378e-09	1.232e-08	5.39979e-25
3.68896e-09	2.27169e-08	2.17004e-24
3.41117e-09	2.58426e-08	4.93819e-24
2.1046e-09	1.34959e-08	4.96986e-25
3.43553e-09	2.27169e-08	2.1747e-24
2.64221e-09	1.9086e-08	1.28456e-24
4.95889e-09	3.97308e-08	1.19675e-23
2.22808e-09	1.10193e-08	5.14609e-25
4.7794e-09	3.06765e-08	5.39733e-24
3.23441e-09	2.58426e-08	3.63621e-24
2.26422e-09	1.10193e-08	4.66943e-25
2.19138e-09	1.55837e-08	7.91706e-25
7.11413e-09	4.12305e-08	1.76388e-23
3.06806e-09	2.69917e-08	3.22368e-24
3.64751e-09	2.52485e-08	3.89365e-24
3.51539e-09	2.69917e-08	3.47036e-24
2.69294e-09	1.34959e-08	7.66306e-25
2.59405e-09	2.40161e-08	3.12307e-24
3.50352e-09	3.06765e-08	5.1529e-24
3.14112e-09	1.232e-08	4.14287e-25
3.45817e-09	3.06765e-08	4.29952e-24
3.41423e-09	2.464e-08	2.32185e-24
2.60602e-09	1.55837e-08	6.3855e-25
2.88905e-09	1.98654e-08	1.35269e-24
3.26933e-09	2.20387e-08	1.60238e-24
2.1139e-09	1.34959e-08	5.6972e-25
2.63092e-09	1.45772e-08	7.99668e-25
3.10006e-09	2.20387e-08	2.7078e-24
4.01939e-09	3.01777e-08	5.81934e-24
2.77151e-09	1.98654e-08	2.20719e-24
3.89977e-09	2.13388e-08	2.56502e-24
4.06534e-09	3.48462e-08	7.80173e-24
3.7971e-09	4.98921e-08	2.83579e-23
1.97236e-09	7.79184e-09	1.35107e-25
4.1576e-09	2.80939e-08	4.50381e-24
3.05721e-09	1.55837e-08	7.66784e-25
3.37604e-09	1.74231e-08	1.13434e-24
1.9863e-09	1.10193e-08	5.13122e-25
3.3851e-09	2.27169e-08	2.99902e-24
3.26935e-09	2.69917e-08	4.32068e-24
4.41704e-09	2.52485e-08	2.4962e-24
2.836e-09	1.6529e-08	9.11383e-25
3.39088e-09	3.3058e-08	6.14263e-24
1.96696e-09	9.54302e-09	2.66082e-25
4.42292e-09	3.11674e-08	4.83309e-24
3.8634e-09	2.52485e-08	3.11856e-24
2.89563e-09	1.98654e-08	1.71057e-24
5.56183e-09	1.82735e-08	1.97466e-24
5.56188e-09	2.06153e-08	4.00817e-24
2.36644e-09	1.10193e-08	3.5895e-25
5.50184e-09	1.55837e-08	2.76762e-24
3.33978e-09	1.6529e-08	1.43999e-24
3.95652e-09	1.82735e-08	3.62247e-24
