#	z_max	A_0	V_L	D_min	D_max	M_min	M_max
9.86923e-10	4.19617e-17	8.80237e-28	5.85937e-09	9.76562e-09	5.97483e-09	9.38902e-09
1.14641e-09	1.14441e-17	5.21748e-28	3.90625e-09	5.52427e-09	2.73135e-09	4.95057e-09
1.47964e-09	1.60217e-16	7.38481e-26	1.17187e-08	1.74693e-08	1.17789e-08	1.69002e-08
1.80453e-09	1.52588e-16	8.43584e-26	1.36719e-08	1.66875e-08	1.19497e-08	1.62174e-08
8.86772e-10	1.90735e-17	2.77673e-28	3.90625e-09	7.04209e-09	3.92632e-09	6.65767e-09
1.12487e-09	4.95911e-17	6.93014e-27	5.85937e-09	1.05179e-08	5.80412e-09	1.00719e-08
9.60099e-10	1.52588e-17	-8.2623e-28	3.90625e-09	6.17632e-09	3.92632e-09	5.97483e-09
3.70798e-09	3.62396e-16	7.57112e-25	1.95312e-08	2.54656e-08	1.80952e-08	2.47529e-08
1.40394e-09	3.43323e-17	5.2535e-27	5.85937e-09	8.73464e-09	4.77986e-09	8.02334e-09
4.39863e-09	6.21796e-16	1.57251e-24	2.70774e-08	3.32605e-08	2.49236e-08	3.17519e-08
4.07205e-09	4.99725e-16	1.05379e-24	2.34375e-08	2.81684e-08	2.35579e-08	2.71428e-08
1.00618e-09	1.14441e-17	6.57753e-30	3.90625e-09	5.52427e-09	2.73135e-09	4.95057e-09
9.16649e-10	1.14441e-17	1.28228e-29	3.90625e-09	5.52427e-09	2.73135e-09	4.95057e-09
3.7204e-09	6.06537e-16	1.32409e-24	2.48592e-08	3.49386e-08	2.33872e-08	3.38005e-08
1.25859e-09	3.43323e-17	1.68749e-27	5.85937e-09	8.28641e-09	5.97483e-09	8.36476e-09
1.05817e-09	4.95911e-17	1.46838e-27	7.8125e-09	9.76562e-09	6.31625e-09	9.0476e-09
1.2236e-09	4.19617e-17	4.46993e-27	5.85937e-09	9.76562e-09	5.97483e-09	9.38902e-09
1.07158e-09	2.67029e-17	1.93616e-27	5.85937e-09	7.04209e-09	4.95057e-09	6.82838e-09
4.08547e-09	3.20435e-16	6.7147e-25	1.95312e-08	2.27772e-08	1.82659e-08	2.16801e-08
1.07004e-09	4.19617e-17	2.98482e-27	7.8125e-09	8.73464e-09	6.31625e-09	8.36476e-09
4.43488e-09	6.37054e-16	1.55209e-24	2.53906e-08	3.32031e-08	2.54357e-08	3.17519e-08
2.73549e-09	3.50952e-16	4.77887e-25	1.95312e-08	2.53906e-08	1.77538e-08	2.50943e-08
1.24124e-09	4.95911e-17	1.16594e-26	7.8125e-09	9.76562e-09	6.31625e-09	9.0476e-09
9.20689e-10	7.62939e-18	4.35876e-28	1.95312e-09	4.36732e-09	1.8778e-09	4.26773e-09
9.76025e-10	3.8147e-18	3.23886e-28	1.95312e-09	2.76214e-09	1.8778e-09	2.90206e-09
2.93774e-09	3.20435e-16	5.50188e-25	1.75781e-08	2.35997e-08	1.74124e-08	2.23629e-08
1.16587e-09	2.28882e-17	1.14744e-27	5.52427e-09	7.04209e-09	4.09703e-09	6.31625e-09
3.02763e-09	2.28882e-16	2.13488e-25	1.51917e-08	2.22691e-08	1.24618e-08	2.1168e-08
1.21847e-09	8.7738e-17	1.08913e-26	9.76562e-09	1.4219e-08	7.85263e-09	1.38275e-08
3.13704e-09	1.8692e-16	1.45072e-25	1.24296e-08	2.20971e-08	1.09254e-08	2.03144e-08
3.61728e-09	4.04358e-16	7.89126e-25	2.14844e-08	2.62039e-08	1.96316e-08	2.5265e-08
1.0571e-09	1.52588e-17	1.35375e-27	3.90625e-09	5.52427e-09	3.92632e-09	5.63341e-09
2.01659e-09	2.5177e-16	1.57141e-25	1.65958e-08	2.22691e-08	1.45103e-08	2.09973e-08
3.33163e-09	5.98907e-16	1.14492e-24	2.62403e-08	3.25065e-08	2.47529e-08	3.17519e-08
1.35743e-09	4.95911e-17	7.95666e-27	6.90534e-09	1.13886e-08	4.95057e-09	1.0584e-08
4.51932e-09	7.70569e-16	1.91992e-24	3.0264e-08	3.63302e-08	2.76549e-08	3.44833e-08
1.25172e-09	4.57764e-17	9.62536e-27	5.85937e-09	1.05179e-08	5.97483e-09	9.73043e-09
1.28394e-09	8.01086e-17	1.66897e-26	9.76562e-09	1.23526e-08	8.19405e-09	1.19497e-08
1.10271e-09	3.05176e-17	2.4857e-27	5.85937e-09	8.28641e-09	5.63341e-09	8.36476e-09
8.87244e-10	1.90735e-17	1.69795e-27	3.90625e-09	7.04209e-09	3.92632e-09	6.65767e-09
2.98204e-09	3.96729e-16	6.66701e-25	1.95312e-08	2.77591e-08	1.91195e-08	2.646e-08
1.50849e-09	1.64032e-16	3.63335e-26	1.17187e-08	1.84257e-08	1.17789e-08	1.75831e-08
3.50538e-09	3.92914e-16	7.65014e-25	1.95312e-08	2.65654e-08	1.96316e-08	2.56064e-08
1.88514e-09	2.40326e-16	1.52486e-25	1.66761e-08	2.11263e-08	1.38275e-08	2.01437e-08
3.0884e-09	5.11169e-16	7.74567e-25	2.34375e-08	2.98132e-08	2.16801e-08	2.88499e-08
4.49839e-09	4.95911e-16	1.23333e-24	2.34375e-08	2.84379e-08	2.25336e-08	2.76549e-08
1.89574e-09	2.36511e-16	1.48175e-25	1.65728e-08	2.01087e-08	1.38275e-08	1.94609e-08
3.02151e-09	3.39508e-16	4.26802e-25	2.05846e-08	2.38409e-08	1.80952e-08	2.25336e-08
9.32178e-10	3.8147e-18	2.349e-28	1.95312e-09	2.76214e-09	1.8778e-09	2.90206e-09
1.13619e-09	2.67029e-17	6.79109e-27	5.85937e-09	7.04209e-09	4.95057e-09	6.82838e-09
1.02923e-09	1.90735e-17	1.95496e-27	5.24078e-09	7.04209e-09	2.73135e-09	6.65767e-09
9.68095e-10	4.57764e-17	1.25391e-27	5.85937e-09	1.05179e-08	5.97483e-09	9.73043e-09
1.33539e-09	8.7738e-17	1.67114e-26	9.76562e-09	1.40842e-08	7.51121e-09	1.36568e-08
1.16221e-09	1.71661e-16	4.54305e-26	1.36719e-08	1.8529e-08	1.17789e-08	1.75831e-08
1.52194e-09	4.95911e-17	1.77296e-26	7.8125e-09	9.76562e-09	6.31625e-09	9.0476e-09
1.00661e-09	1.52588e-17	9.60605e-28	3.90625e-09	5.52427e-09	3.92632e-09	5.63341e-09
1.46022e-09	6.86646e-17	1.47834e-26	7.8125e-09	1.13886e-08	7.68192e-09	1.0584e-08
1.10075e-09	5.72205e-17	1.39167e-27	5.85937e-09	1.23526e-08	5.80412e-09	1.17789e-08
4.66914e-09	7.36237e-16	1.87825e-24	2.92969e-08	3.47744e-08	2.8167e-08	3.44833e-08
4.79382e-09	6.06537e-16	1.40149e-24	2.73437e-08	3.15537e-08	2.54357e-08	3.12398e-08
2.80335e-09	3.24249e-16	4.93023e-25	1.95312e-08	2.27772e-08	1.82659e-08	2.16801e-08
1.33483e-09	3.43323e-17	6.74759e-27	5.85937e-09	8.73464e-09	4.77986e-09	8.02334e-09
9.30544e-10	4.57764e-17	1.55886e-27	5.85937e-09	9.76562e-09	5.97483e-09	9.73043e-09
9.89403e-10	8.7738e-17	2.74924e-27	5.85937e-09	1.8529e-08	5.80412e-09	1.82659e-08
1.19566e-09	9.53674e-17	1.14811e-26	7.8125e-09	1.48746e-08	7.85263e-09	1.41689e-08
3.99307e-09	5.6839e-16	1.20114e-24	2.53906e-08	3.08816e-08	2.32165e-08	2.95327e-08
8.89006e-10	2.28882e-17	1.55005e-27	3.90625e-09	8.73464e-09	3.92632e-09	8.02334e-09
9.26816e-10	1.52588e-17	-1.09504e-27	3.90625e-09	7.04209e-09	1.8778e-09	6.65767e-09
9.018e-10	1.52588e-17	-8.25823e-28	3.90625e-09	6.17632e-09	3.92632e-09	5.97483e-09
3.29386e-09	2.67029e-16	3.89111e-25	1.75781e-08	2.11263e-08	1.60467e-08	2.03144e-08
1.32504e-09	8.39233e-17	1.64825e-26	9.76562e-09	1.3102e-08	7.85263e-09	1.28032e-08
1.06145e-09	1.52588e-17	6.63148e-28	3.90625e-09	5.52427e-09	3.92632e-09	5.63341e-09
2.35531e-09	2.28882e-16	2.27992e-25	1.65728e-08	2.0762e-08	1.41689e-08	1.98023e-08
1.67365e-09	2.59399e-16	1.52303e-25	1.70533e-08	2.28607e-08	1.38275e-08	2.16801e-08
1.51221e-09	1.64032e-16	6.90384e-26	1.36719e-08	1.80069e-08	1.28032e-08	1.70709e-08
1.06392e-09	3.05176e-17	3.34478e-27	5.85937e-09	8.28641e-09	5.63341e-09	8.36476e-09
1.80351e-09	1.64032e-16	1.14377e-25	1.36719e-08	1.68014e-08	1.28032e-08	1.60467e-08
3.02124e-09	3.43323e-16	5.91719e-25	1.75781e-08	2.47053e-08	1.75831e-08	2.35579e-08
1.48747e-09	1.67847e-16	9.01393e-26	1.36719e-08	1.74693e-08	1.28032e-08	1.69002e-08
1.37761e-09	3.01361e-16	5.88262e-26	1.75781e-08	2.84379e-08	1.57053e-08	2.76549e-08
1.16431e-09	3.8147e-18	-2.49526e-28	1.95312e-09	2.76214e-09	1.8778e-09	2.90206e-09
1.44939e-09	3.8147e-18	5.05211e-28	1.95312e-09	2.76214e-09	1.8778e-09	2.90206e-09
9.50065e-10	2.67029e-17	1.77877e-27	5.85937e-09	7.04209e-09	4.95057e-09	6.82838e-09
9.1288e-10	4.19617e-17	4.01725e-27	5.85937e-09	9.76562e-09	5.97483e-09	9.38902e-09
2.87983e-09	4.34875e-16	6.86786e-25	1.95312e-08	2.84379e-08	1.94609e-08	2.8167e-08
9.42044e-10	2.67029e-17	4.98055e-28	5.52427e-09	8.28641e-09	2.90206e-09	8.36476e-09
2.73941e-09	3.39508e-16	4.51452e-25	1.95312e-08	2.50122e-08	1.92902e-08	2.33872e-08
1.10047e-09	4.57764e-17	3.80641e-27	5.85937e-09	1.05179e-08	5.97483e-09	9.73043e-09
1.25039e-09	4.95911e-17	4.91417e-27	7.8125e-09	9.76562e-09	6.31625e-09	9.0476e-09
1.27486e-09	8.39233e-17	9.15714e-27	9.76562e-09	1.23526e-08	9.38902e-09	1.21204e-08
1.03746e-09	1.14441e-17	-5.68842e-28	3.90625e-09	5.52427e-09	2.73135e-09	4.95057e-09
1.2651e-09	9.15527e-17	1.71505e-26	7.8125e-09	1.4219e-08	7.68192e-09	1.41689e-08
1.78905e-09	2.02179e-16	9.93772e-26	1.36719e-08	2.01087e-08	1.38275e-08	1.96316e-08
1.06968e-09	1.48773e-16	1.56361e-26	1.1735e-08	2.01087e-08	8.87689e-09	1.84366e-08
9.91947e-10	1.14441e-17	-2.00082e-28	3.90625e-09	5.52427e-09	2.73135e-09	4.95057e-09
1.70401e-09	2.09808e-16	1.48288e-25	1.72937e-08	1.8529e-08	1.4681e-08	1.80952e-08
3.49942e-09	4.84467e-16	1.04145e-24	2.14844e-08	2.98132e-08	1.96316e-08	2.9362e-08
1.2483e-09	1.14441e-16	2.34861e-26	1.17187e-08	1.48746e-08	1.00719e-08	1.41689e-08
4.09207e-09	5.30243e-16	1.17261e-24	2.34375e-08	2.98132e-08	2.32165e-08	2.88499e-08
1.15671e-09	1.52588e-17	9.41594e-28	3.90625e-09	6.17632e-09	3.92632e-09	5.97483e-09
9.89101e-10	7.62939e-18	-8.24267e-28	1.95312e-09	4.36732e-09	1.8778e-09	4.26773e-09
1.49707e-09	9.15527e-17	1.75222e-26	9.76562e-09	1.40842e-08	7.85263e-09	1.3486e-08
1.41236e-09	1.75476e-16	7.48095e-26	1.36719e-08	1.92361e-08	1.12668e-08	1.80952e-08
4.78182e-09	3.77655e-16	1.03247e-24	1.75781e-08	2.98771e-08	1.55346e-08	2.74842e-08
1.69743e-09	1.02997e-16	5.92605e-26	7.8125e-09	1.80069e-08	6.82838e-09	1.75831e-08
1.31228e-09	3.43323e-17	9.34526e-27	3.90625e-09	1.05179e-08	3.92632e-09	1.00719e-08
