#Acq. time (s)=	15
#Accumulations=	2
#Range (cm-¹)=	10...600
#Windows=	1
#Auto scanning=	Off
#Autofocus=	Off
#SWIFT=	Off
#Macrospot=	Off
#AutoExposure=	Off
#Spike filter=	Multiple accum.
#Delay time (s)=	0
#Binning=	1
#Readout mode=	Signal
#DeNoise=	Off
#ICS correction=	Off
#Dark correction=	Off
#Inst. Process=	Off
#Detector Gain=	Best Dynamic Range
#Detector ADC=	45 kHz       
#Detector temperature (°C)=	-60.1
#Instrument=	LabRAM Soleil
#Detector=	Syncerity
#Objective=	100x BD
#Grating=	1800 (500nm)
#ND Filter=	10% (6.0mW)
#Laser=	532nm_Edge
#Hole (µm)=	50 
#Laser mode=	Low frequency
#E-Cal_Neon=	0
#StageXY=	75x50mm Scan+
#StageZ=	Marzhauser
#X (µm)=	-12.55
#Y (µm)=	14.8
#Z (µm)=	0
#Spectral res.(cm-¹)=	2.7
#Full time(mm:ss)=	2:37
#AC=	Calibrated 2026-06-13 10:52
#Project=	Raman_Soleil-MBE2-260612C-EW
#Sample=	
#Site=	
#Title=	_11_02_47_2026_06_13_2_15 s_532nm_Edge_1800 (500nm)_100x BD_50 µm_10% (6_0mW)_
#Remark=	
#Date=	13.06.2026 11:03
#Acquired=	13.06.2026 11:03:02
#AxisType[0]=Intens
#AxisUnit[0]=Cnt
#AxisType[1]=Spectr
#AxisUnit[1]=1/cm
#AxisType[2]=Points
#AxisUnit[2]=
	11.7768	13.0146	14.25	15.4853	16.7205	17.9554	19.1902	20.4249	21.6593	22.8937	24.1278	25.3596	26.5935	27.8271	29.0606	30.294	31.525	32.758	33.9909	35.2214	36.454	37.6863	38.9164	40.1485	41.3782	42.6099	43.8393	45.0707	46.2998	47.5288	48.7597	49.9883	51.2167	52.4472	53.6753	54.9033	56.1311	57.3587	58.5883	59.8157	61.0428	62.2698	63.4967	64.7233	65.9499	67.1762	68.4024	69.6263	70.8522	72.0779	73.3035	74.5289	75.752	76.977	78.2019	79.4267	80.6491	81.8736	83.0957	84.3198	85.5416	86.7654	87.9869	89.2104	90.4316	91.6547	92.8756	94.0963	95.319	96.5394	97.7596	98.9796	100.202	101.421	102.641	103.86	105.08	106.299	107.518	108.737	109.955	111.174	112.392	113.61	114.828	116.046	117.261	118.479	119.696	120.914	122.128	123.345	124.562	125.777	126.993	128.207	129.423	130.637	131.853	133.066	134.282	135.495	136.708	137.923	139.136	140.348	141.563	142.775	143.987	145.199	146.411	147.622	148.834	150.045	151.256	152.467	153.678	154.888	156.099	157.309	158.519	159.73	160.939	162.147	163.357	164.566	165.773	166.982	168.191	169.398	170.606	171.813	173.021	174.227	175.435	176.641	177.848	179.054	180.259	181.466	182.671	183.876	185.081	186.285	187.491	188.696	189.9	191.103	192.307	193.511	194.714	195.917	197.12	198.323	199.526	200.729	201.929	203.131	204.333	205.535	206.735	207.937	209.138	210.337	211.539	212.738	213.938	215.137	216.338	217.536	218.736	219.934	221.132	222.332	223.529	224.727	225.926	227.123	228.32	229.517	230.714	231.91	233.106	234.302	235.498	236.694	237.89	239.086	240.281	241.476	242.671	243.866	245.059	246.253	247.448	248.64	249.834	251.028	252.22	253.414	254.605	255.799	256.99	258.183	259.374	260.566	261.757	262.947	264.14	265.33	266.52	267.709	268.899	270.09	271.28	272.469	273.658	274.847	276.035	277.224	278.412	279.601	280.789	281.974	283.162	284.35	285.537	286.725	287.91	289.097	290.284	291.468	292.655	293.839	295.025	296.209	297.395	298.579	299.765	300.948	302.131	303.316	304.499	305.682	306.865	308.049	309.232	310.414	311.596	312.778	313.96	315.141	316.323	317.504	318.685	319.866	321.047	322.228	323.406	324.586	325.767	326.947	328.125	329.304	330.484	331.661	332.841	334.018	335.197	336.374	337.552	338.729	339.907	341.083	342.259	343.437	344.613	345.789	346.964	348.14	349.317	350.492	351.667	352.841	354.016	355.19	356.364	357.539	358.713	359.884	361.058	362.231	363.405	364.578	365.749	366.922	368.095	369.265	370.438	371.608	372.78	373.95	375.122	376.291	377.463	378.632	379.801	380.973	382.141	383.31	384.479	385.649	386.818	387.986	389.154	390.322	391.489	392.657	393.824	394.992	396.159	397.326	398.493	399.659	400.824	401.99	403.156	404.322	405.486	406.652	407.816	408.981	410.146	411.31	412.475	413.637	414.8	415.965	417.127	418.289	419.454	420.615	421.777	422.939	424.103	425.264	426.425	427.586	428.747	429.908	431.069	432.229	433.389	434.55	435.71	436.867	438.027	439.187	440.346	441.504	442.663	443.822	444.979	446.137	447.294	448.452	449.608	450.767	451.923	453.08	454.236	455.392	456.549	457.704	458.859	460.014	461.169	462.326	463.48	464.634	465.789	466.943	468.097	469.25	470.404	471.555	472.709	473.862	475.015	476.168	477.319	478.471	479.624	480.774	481.926	483.076	484.228	485.378	486.529	487.679	488.83	489.979	491.128	492.279	493.427	494.576	495.726	496.875	498.023	499.171	500.319	501.466	502.614	503.761	504.908	506.055	507.202	508.349	509.496	510.64	511.787	512.933	514.079	515.223	516.369	517.512	518.658	519.803	520.946	522.089	523.234	524.377	525.522	526.664	527.807	528.951	530.093	531.235	532.376	533.518	534.662	535.803	536.944	538.085	539.226	540.367	541.507	542.646	543.786	544.926	546.066	547.206	548.344	549.484	550.623	551.76	552.9	554.039	555.176	556.314	557.451	558.587	559.726	560.862	562	563.136	564.271	565.407	566.545	567.68	568.815	569.95	571.085	572.22	573.354	574.489	575.623	576.757	577.891	579.025	580.157	581.291	582.424	583.557	584.689	585.822	586.955	588.085	589.218	590.348	591.481	592.611	593.743	594.873	596.003	597.134	598.264	599.393
1	1034	832	716	458	440	444	446	494	762	1526	2860	4208	5446	6498	6980	7112	6386	4902	3592	2472	2140	2168	2236	2216	2326	2218	2286	2464	2596	2540	2708	2784	2812	3108	3140	3516	3620	3762	3992	4286	4642	5124	5712	6396	7282	8510	10358	11450	11030	8810	6420	4870	4166	3786	3490	3510	3378	3426	3440	3616	3680	3746	3866	4018	4046	4210	4264	4330	4452	4440	4484	4484	4506	4456	4438	4426	4352	4362	4224	4226	4146	3980	3924	3872	3744	3766	3644	3514	3372	3306	3106	2990	2856	2762	2616	2476	2348	2236	2152	2108	1986	1860	1852	1724	1686	1672	1690	1612	1580	1552	1622	1568	1602	1662	1778	1854	1944	1900	1870	1766	1738	1562	1512	1388	1418	1348	1350	1312	1306	1268	1272	1218	1244	1194	1230	1234	1206	1204	1296	1200	1292	1252	1236	1130	1140	1106	1024	990	990	986	914	888	884	860	846	766	820	798	784	800	772	760	728	718	758	746	730	684	696	694	698	706	672	654	650	644	642	660	636	638	600	640	586	600	590	602	562	554	570	548	522	552	556	518	530	548	536	510	520	478	494	476	488	462	482	454	466	454	430	462	420	436	432	418	422	394	414	402	406	382	374	396	392	380	374	386	384	394	368	370	370	360	366	362	350	340	366	364	366	336	356	322	330	332	316	314	316	332	292	322	296	298	296	310	306	286	290	286	254	260	284	298	270	276	268	258	254	258	248	258	232	260	230	252	240	238	254	244	238	252	240	238	224	238	226	226	226	224	216	206	212	210	216	230	190	212	208	220	214	198	180	192	186	194	186	192	178	182	188	178	182	170	174	182	174	188	178	166	154	166	164	166	172	150	170	166	160	156	172	154	162	144	140	166	152	152	134	156	170	170	176	174	150	152	146	148	146	134	138	144	132	136	136	132	126	136	138	126	134	128	136	134	126	118	130	122	128	122	136	120	132	132	112	124	118	134	118	112	124	130	114	122	118	132	124	122	120	124	128	122	114	116	104	100	130	116	122	116	126	116	110	122	96	116	114	122	102	112	120	114	120	98	112	108	114	104	106	112	120	112	100	114	110	110	106	102	106	110	96	114	100	110	104	106	96	114	116	110	108	102	92	94	100	102	102	106	104	110	98	98	106	106	104	100	108	98	96	112	104	98	102	100	104	104	100	92	116	98	100	114	110	112	100	106	94	106	106	100	96	102	104	102	104	104	102	96	100	102	100	108	104	104	96	84	106	102	92	102
2	1122	844	736	472	488	470	458	508	766	1594	3088	5020	7332	9344	10024	9472	7954	6002	4324	3066	2576	2566	2592	2552	2832	2506	2686	2644	2956	2894	3152	3126	3180	3432	3570	3848	4018	4214	4498	4714	5262	5806	6576	7486	8912	10924	12908	14398	13476	10354	7674	5868	4962	4600	4388	4306	4280	4392	4488	4652	4866	4990	5218	5418	5628	5826	5938	6086	6274	6208	6270	6370	6202	6220	6036	6078	5958	5860	5848	5784	5758	5622	5502	5400	5326	5296	5100	4996	4798	4590	4492	4268	4046	3920	3756	3470	3466	3216	3096	2874	2680	2686	2546	2426	2430	2264	2248	2164	2208	2196	2164	2248	2330	2500	2582	2630	2614	2526	2448	2322	2130	2004	1878	1808	1820	1708	1752	1664	1680	1630	1630	1620	1578	1622	1642	1584	1652	1606	1648	1674	1710	1678	1678	1616	1474	1430	1366	1362	1280	1242	1196	1176	1164	1116	1080	1044	1102	1070	1068	1046	1000	1012	1012	1000	982	946	942	928	962	914	910	872	910	850	860	906	834	840	816	814	814	794	750	776	800	750	776	736	746	738	746	694	700	702	698	702	650	680	660	610	622	648	644	642	604	628	600	588	582	574	562	576	582	550	570	564	540	560	518	522	534	488	506	502	504	522	484	470	508	484	512	472	480	464	442	472	452	436	450	454	436	430	428	418	444	430	426	388	410	424	404	388	398	406	384	392	366	374	344	374	368	358	374	342	330	358	320	326	346	308	336	332	320	324	328	312	308	316	312	310	312	310	280	302	328	302	308	282	288	280	286	284	266	270	274	262	268	250	276	274	248	256	244	250	242	262	244	258	240	226	236	228	222	230	216	218	230	214	214	210	216	204	218	200	194	208	200	206	206	196	190	188	188	188	186	192	200	192	210	214	218	200	196	172	178	172	166	176	178	172	182	180	168	184	176	176	160	172	176	172	152	168	158	162	176	166	164	176	182	168	164	154	162	152	158	158	158	156	154	170	154	148	156	152	150	160	148	160	170	154	148	144	166	142	134	148	148	146	150	158	154	146	148	144	158	152	142	138	146	146	148	150	150	136	152	160	146	144	142	146	152	148	150	136	142	142	144	154	132	134	134	144	138	136	132	136	138	142	146	130	138	140	128	132	134	126	138	138	144	130	134	140	124	134	130	132	124	148	120	130	128	128	146	124	122	128	128	128	128	140	144	116	120	120	132	124	130	128	132	134	132	128	134	116	136	132	126	132	138	120	116	134	132	122	124	120	106	120
3	1102	768	678	394	406	408	422	430	522	962	1650	2550	3732	4882	5256	5184	4604	3548	2748	2238	2044	2144	2178	2198	2356	2146	2242	2126	2350	2196	2376	2316	2436	2548	2704	2770	2846	2982	3012	3048	3250	3502	3744	4094	4528	5088	5740	6162	5898	5132	4156	3746	3470	3340	3326	3302	3384	3412	3574	3674	3734	3918	3984	4208	4258	4316	4512	4478	4438	4388	4446	4314	4268	4110	4158	4006	3826	3846	3824	3754	3650	3650	3628	3446	3494	3366	3318	3258	3116	3100	2884	2858	2748	2594	2504	2426	2336	2258	2192	2122	2078	1984	1942	1914	1852	1866	1832	1850	1880	1850	1980	2038	2084	2170	2272	2318	2356	2386	2192	2100	1920	1858	1696	1644	1562	1522	1476	1450	1420	1434	1396	1348	1386	1370	1346	1366	1340	1322	1326	1354	1306	1332	1252	1230	1176	1142	1142	1118	1082	1032	1018	978	982	958	938	914	896	892	906	870	880	858	868	856	864	804	852	806	798	796	806	778	746	772	776	758	748	726	710	732	706	716	700	702	700	686	664	682	640	640	654	678	636	618	612	614	588	624	572	558	582	564	566	566	564	536	534	528	500	506	524	492	508	500	488	492	494	470	462	468	492	454	458	444	454	448	424	452	440	436	440	420	434	444	428	432	398	404	404	392	404	402	382	384	380	406	372	396	368	378	356	358	368	368	356	336	340	330	336	332	338	310	326	328	310	312	316	322	330	294	302	294	298	292	288	288	300	294	286	298	304	280	286	268	286	268	248	254	246	246	230	258	250	244	232	258	242	224	238	238	228	230	236	218	234	228	234	236	226	222	210	206	190	200	206	196	186	196	206	192	186	192	198	196	192	186	188	182	172	180	160	158	158	168	166	178	176	178	178	210	216	202	182	172	164	170	166	168	164	176	152	166	154	166	160	158	160	152	158	148	158	154	168	160	158	158	156	154	148	152	142	150	154	156	142	154	146	154	154	136	142	154	158	152	154	140	142	138	138	134	144	136	140	146	144	140	142	136	136	130	140	132	140	142	136	134	126	142	132	134	130	140	140	130	148	138	140	132	138	130	126	128	144	122	120	132	140	138	128	138	132	136	124	140	140	124	126	138	130	116	118	130	126	124	128	142	138	126	130	138	126	128	126	126	128	130	136	128	128	120	124	118	120	132	126	122	126	132	134	140	132	126	124	124	124	122	120	128	120	142	124	120	124	122	124	114	122	112	114	122	120	118	120	106	114	118	106	116
4	1244	896	740	456	448	452	476	480	688	1302	2460	3666	4752	5316	5092	4758	4546	3788	3022	2208	2024	2222	2284	2360	2592	2216	2378	2280	2700	2474	2636	2604	2696	2918	3124	3226	3450	3590	3706	3800	4062	4374	4784	5576	6236	7246	8184	8784	8150	6816	5256	4210	3604	3292	3034	2940	2994	2974	2892	3074	3126	3172	3308	3418	3444	3666	3634	3732	3786	3872	3902	3776	3758	3724	3644	3586	3562	3474	3478	3448	3452	3416	3348	3276	3278	3246	3094	3084	3016	2896	2770	2710	2622	2466	2390	2268	2126	2048	1986	1820	1828	1796	1680	1630	1608	1594	1582	1500	1514	1484	1546	1550	1606	1660	1678	1746	1780	1790	1660	1576	1590	1496	1390	1340	1334	1320	1274	1248	1248	1268	1184	1178	1168	1214	1190	1204	1212	1174	1242	1198	1220	1274	1180	1168	1048	984	962	956	848	896	880	842	824	850	812	794	764	730	746	698	724	718	728	736	726	742	698	702	680	656	658	654	636	644	596	646	602	616	610	554	572	598	562	604	578	574	540	560	554	532	534	518	510	526	526	482	482	490	502	480	462	470	488	456	432	414	450	418	450	422	408	384	400	408	420	402	400	396	392	370	384	376	364	366	368	360	386	376	344	360	360	364	358	358	308	356	316	332	340	340	338	326	360	320	324	334	312	308	312	316	290	300	298	290	298	284	282	290	276	286	272	276	276	278	250	284	264	272	266	258	240	232	264	246	238	226	244	230	212	238	246	222	212	230	214	230	220	214	218	220	196	216	210	218	214	202	210	202	206	210	204	178	178	194	182	192	192	176	194	182	166	178	176	164	170	172	158	144	176	180	170	174	164	164	152	158	162	158	156	156	156	146	140	148	140	142	140	152	168	192	172	164	146	148	140	144	138	144	134	146	132	146	138	126	124	130	118	128	130	132	136	126	128	126	130	142	118	132	132	126	118	134	132	136	120	134	138	124	126	118	132	118	128	124	122	120	128	124	126	124	124	120	118	124	116	116	128	128	134	120	118	120	116	120	116	110	122	116	116	116	110	122	122	114	114	106	116	120	124	116	108	108	120	114	108	118	112	112	114	116	108	114	114	108	102	116	112	106	110	120	114	114	108	112	94	100	108	102	92	118	116	114	108	112	104	114	110	100	104	102	106	112	98	110	102	112	108	108	116	110	102	104	100	110	118	100	96	102	114	112	106	104	90	98	114	104	106	106	106	100	104	98	96	104	100	106	104	108
5	1066	810	708	416	408	408	402	460	632	1204	2014	2614	2942	3342	3380	3270	3294	3114	2930	2404	2190	2314	2444	2504	2644	2490	2682	2560	2804	2672	2878	2784	2890	3086	3232	3540	3538	3682	3738	3758	3950	4206	4432	4858	5066	5540	5930	6178	6014	5618	4714	4216	3730	3376	3192	2988	2948	2892	2924	2970	2972	3084	3132	3182	3258	3288	3436	3538	3544	3654	3652	3708	3648	3650	3568	3544	3418	3426	3312	3204	3178	3178	3048	2966	2904	2856	2886	2844	2732	2778	2650	2510	2522	2428	2442	2288	2190	2136	2098	2030	2006	1894	1828	1778	1774	1834	1736	1674	1706	1754	1710	1774	1838	1880	1946	2028	2054	2062	1978	1828	1800	1736	1598	1614	1574	1508	1540	1502	1486	1412	1442	1374	1370	1378	1422	1382	1382	1464	1392	1448	1428	1430	1378	1332	1300	1196	1190	1138	1116	1046	1046	1008	966	958	902	904	922	910	906	910	892	846	856	868	842	832	858	812	832	830	800	812	782	788	714	766	742	702	704	734	724	686	690	664	680	666	660	652	642	624	626	626	636	598	570	596	616	598	572	566	558	570	542	508	542	562	542	506	528	496	514	486	492	514	484	490	480	476	480	476	470	430	444	450	444	432	430	450	434	438	438	412	434	430	410	392	406	390	406	422	380	386	372	394	390	352	370	380	382	350	362	368	352	352	340	364	336	332	322	330	338	324	330	294	328	312	304	312	316	280	298	304	298	298	280	282	280	300	272	294	286	290	278	272	290	270	278	266	250	270	264	250	260	262	258	262	256	256	248	252	240	236	242	230	238	240	240	232	224	222	220	222	218	224	216	198	212	212	218	212	178	192	198	206	196	196	196	172	206	190	180	166	182	174	182	182	178	176	196	198	206	186	182	184	184	188	176	174	178	176	172	192	162	184	174	172	172	176	166	162	162	150	158	172	166	168	158	160	156	162	162	164	154	154	170	168	154	158	148	156	162	140	144	158	150	166	152	146	148	148	144	146	152	146	152	146	154	150	160	148	154	134	142	152	144	144	156	146	144	138	162	154	128	156	146	146	160	144	120	138	154	134	138	138	144	138	150	138	130	134	136	144	136	136	136	130	134	130	132	138	146	140	138	144	130	138	142	142	132	136	140	138	122	136	136	134	148	132	120	134	116	138	128	136	130	138	136	132	130	132	140	134	140	132	132	132	132	128	138	144	136	128	130	136	138	122	136	140	120	118	124	126	132	122	136	120	124	118
