#	z_max	A_0	V_L	D_min	D_max	M_min	M_max
1.36893e-08	1.04904e-15	6.25659e-24	1.95313e-08	6.17632e-08	1.8778e-08	6.06018e-08
4.72671e-09	4.76837e-15	1.61503e-23	5.85938e-08	1.05179e-07	5.03593e-08	1.00719e-07
3.36996e-09	3.05176e-15	6.72739e-24	5.85938e-08	7.6272e-08	4.26773e-08	7.42586e-08
2.48908e-09	7.62939e-16	1.30508e-24	2.92969e-08	4.1432e-08	2.8167e-08	4.18238e-08
1.43883e-08	6.77109e-15	7.15199e-23	7.8125e-08	1.14304e-07	6.82838e-08	1.10961e-07
3.86161e-09	3.05176e-15	7.70996e-24	4.88281e-08	7.8733e-08	4.86522e-08	7.42586e-08
1.64322e-08	3.62396e-15	3.37024e-23	5.85938e-08	8.28641e-08	5.88947e-08	8.36476e-08
3.57217e-09	5.72205e-16	1.21808e-24	1.95313e-08	3.52105e-08	1.96316e-08	3.32883e-08
2.70227e-09	1.04904e-15	1.8117e-24	3.45267e-08	4.88281e-08	2.47529e-08	4.60915e-08
1.93282e-09	3.8147e-16	3.65731e-25	1.95313e-08	2.76214e-08	1.96316e-08	2.8167e-08
2.88176e-09	1.71661e-15	3.3434e-24	3.90625e-08	6.25305e-08	3.67025e-08	5.97483e-08
1.96435e-08	2.76566e-15	2.67429e-23	4.88281e-08	7.6272e-08	4.86522e-08	7.42586e-08
3.6036e-09	2.00272e-15	4.44856e-24	4.80405e-08	7.6272e-08	3.15812e-08	6.99908e-08
2.28602e-09	3.8147e-16	3.16192e-25	1.95313e-08	3.08816e-08	1.96316e-08	2.98741e-08
4.34867e-09	3.33786e-15	9.17637e-24	4.88281e-08	9.26449e-08	4.5238e-08	8.96224e-08
2.46788e-09	2.86102e-16	2.56359e-25	9.76563e-09	3.08816e-08	9.38902e-09	2.98741e-08
8.48942e-09	4.19617e-15	2.76578e-23	5.85938e-08	9.21287e-08	4.86522e-08	8.87689e-08
1.39387e-08	3.33786e-15	2.73234e-23	5.85938e-08	8.40071e-08	4.86522e-08	7.85263e-08
2.5965e-09	1.04904e-15	1.3647e-24	2.92969e-08	4.88281e-08	2.98741e-08	4.69451e-08
1.11889e-08	5.62668e-15	4.46999e-23	6.83594e-08	1.00543e-07	6.91373e-08	9.81579e-08
2.39663e-09	4.76837e-16	5.80864e-25	1.95313e-08	3.52105e-08	1.96316e-08	3.32883e-08
3.38221e-09	2.09808e-15	4.35473e-24	4.88281e-08	6.25305e-08	4.18238e-08	5.71876e-08
3.88372e-09	3.43323e-15	9.64193e-24	5.85938e-08	8.40071e-08	4.95057e-08	7.85263e-08
8.06015e-09	4.48227e-15	2.62671e-23	5.85938e-08	9.76563e-08	5.80412e-08	9.55973e-08
1.65069e-09	2.86102e-16	2.03882e-25	1.95313e-08	2.76214e-08	1.36568e-08	2.47529e-08
6.66755e-09	3.91006e-15	1.90839e-23	5.85938e-08	9.00346e-08	5.88947e-08	8.62082e-08
5.46677e-09	4.00543e-15	1.47911e-23	5.85938e-08	9.61803e-08	4.95057e-08	9.13295e-08
6.28267e-09	4.76837e-15	1.98213e-23	6.83594e-08	9.21287e-08	5.88947e-08	9.0476e-08
4.43475e-09	2.09808e-15	5.72828e-24	3.90625e-08	6.55098e-08	3.84096e-08	6.14554e-08
3.8222e-09	1.62125e-15	3.56228e-24	4.80405e-08	5.69429e-08	3.15812e-08	5.71876e-08
1.10267e-08	3.24249e-15	2.42831e-23	5.85938e-08	8.28641e-08	5.63341e-08	8.27941e-08
1.08397e-08	4.00543e-15	2.8484e-23	5.85938e-08	9.76563e-08	4.95057e-08	9.30366e-08
2.55783e-09	4.76837e-16	6.18182e-25	1.95313e-08	3.52105e-08	1.96316e-08	3.32883e-08
2.25857e-09	2.86102e-16	2.03898e-25	1.95313e-08	2.76214e-08	1.36568e-08	2.47529e-08
2.91985e-09	1.04904e-15	1.83528e-24	2.92969e-08	4.88281e-08	2.98741e-08	4.69451e-08
3.38118e-09	1.23978e-15	2.31572e-24	3.90625e-08	5.69429e-08	2.90206e-08	5.29199e-08
7.06642e-09	2.95639e-15	1.45478e-23	3.90625e-08	8.73464e-08	3.92632e-08	8.45011e-08
4.05392e-09	3.8147e-15	1.11932e-23	4.88281e-08	9.26449e-08	4.86522e-08	9.13295e-08
2.01635e-08	2.95639e-15	3.02303e-23	5.85938e-08	7.04209e-08	5.54805e-08	6.82838e-08
3.62042e-09	8.58307e-16	1.91067e-24	2.92969e-08	4.36732e-08	2.04851e-08	4.26773e-08
2.80118e-09	7.62939e-16	9.29819e-25	2.92969e-08	4.1432e-08	2.8167e-08	4.18238e-08
3.18495e-09	8.58307e-16	1.56716e-24	2.92969e-08	4.1432e-08	2.98741e-08	4.18238e-08
3.07416e-09	1.33514e-15	2.31041e-24	3.90625e-08	5.52427e-08	2.8167e-08	5.54805e-08
5.25752e-09	5.62668e-15	2.07994e-23	5.85938e-08	1.13886e-07	5.80412e-08	1.12668e-07
4.45157e-09	1.81198e-15	5.01899e-24	4.88281e-08	5.69429e-08	4.09703e-08	5.63341e-08
1.06283e-08	3.52859e-15	2.65047e-23	5.85938e-08	8.28641e-08	5.88947e-08	8.27941e-08
3.99955e-09	1.04904e-15	2.30134e-24	2.92969e-08	4.88281e-08	2.98741e-08	4.69451e-08
1.3818e-08	4.1008e-15	3.94444e-23	5.85938e-08	9.21287e-08	5.80412e-08	8.62082e-08
2.18859e-09	9.53674e-17	8.21128e-26	9.76563e-09	1.38107e-08	9.38902e-09	1.45103e-08
1.16541e-08	2.57492e-15	1.93981e-23	3.90625e-08	8.05294e-08	3.92632e-08	7.85263e-08
5.76688e-09	2.09808e-15	7.52976e-24	4.88281e-08	6.90534e-08	3.92632e-08	6.23089e-08
4.55868e-09	2.47955e-15	7.33998e-24	4.88281e-08	7.04209e-08	3.92632e-08	6.65767e-08
1.17075e-08	3.91006e-15	2.93752e-23	5.85938e-08	9.00346e-08	5.88947e-08	8.62082e-08
1.03223e-08	1.90735e-15	1.20705e-23	3.90625e-08	6.25305e-08	3.84096e-08	6.23089e-08
3.05199e-09	1.04904e-15	1.61503e-24	3.90625e-08	4.36732e-08	2.90206e-08	4.26773e-08
1.19479e-08	3.52859e-15	2.5657e-23	5.85938e-08	8.28641e-08	5.80412e-08	7.93799e-08
5.51519e-09	3.24249e-15	1.23895e-23	4.88281e-08	8.40071e-08	4.86522e-08	8.02334e-08
8.76483e-09	3.14713e-15	1.95319e-23	4.88281e-08	7.8733e-08	4.86522e-08	7.42586e-08
4.03371e-09	1.90735e-15	4.8029e-24	4.88281e-08	5.69429e-08	4.09703e-08	5.54805e-08
5.49192e-09	2.76566e-15	1.06621e-23	4.88281e-08	7.6272e-08	4.86522e-08	7.42586e-08
3.00759e-09	1.33514e-15	2.5493e-24	3.90625e-08	5.52427e-08	2.8167e-08	5.54805e-08
3.32395e-09	2.95639e-15	6.89203e-24	4.88281e-08	8.73464e-08	4.01167e-08	8.45011e-08
3.32824e-09	1.81198e-15	4.0853e-24	3.90625e-08	6.25305e-08	3.84096e-08	6.14554e-08
2.8336e-09	1.04904e-15	1.96264e-24	2.92969e-08	4.88281e-08	2.98741e-08	4.69451e-08
2.07154e-08	5.05447e-15	6.37694e-23	6.83594e-08	9.76563e-08	5.88947e-08	9.64508e-08
1.24192e-09	1.90735e-16	3.74187e-26	9.76563e-09	2.18366e-08	9.38902e-09	2.13387e-08
1.18219e-09	2.86102e-16	5.69132e-26	9.76563e-09	3.08816e-08	9.38902e-09	2.98741e-08
2.68412e-09	4.76837e-16	5.82661e-25	1.95313e-08	3.52105e-08	1.96316e-08	3.32883e-08
2.41795e-08	3.52859e-15	4.12363e-23	5.85938e-08	8.28641e-08	5.88947e-08	7.93799e-08
6.41093e-09	3.05176e-15	1.35233e-23	4.88281e-08	8.40071e-08	4.86522e-08	7.93799e-08
1.9354e-09	9.53674e-17	8.10654e-26	9.76563e-09	1.38107e-08	9.38902e-09	1.45103e-08
4.60665e-09	3.91006e-15	1.34245e-23	6.83594e-08	9.00346e-08	5.88947e-08	8.62082e-08
2.03723e-08	4.29153e-15	4.36301e-23	6.83594e-08	9.00346e-08	6.82838e-08	8.62082e-08
5.4063e-09	7.62939e-16	2.72429e-24	1.95313e-08	6.90534e-08	9.38902e-09	6.82838e-08
5.02974e-09	2.57492e-15	6.77732e-24	4.88281e-08	7.8733e-08	2.98741e-08	7.42586e-08
2.7825e-09	5.72205e-16	1.15482e-24	1.95313e-08	3.52105e-08	1.96316e-08	3.32883e-08
6.11199e-09	4.76837e-15	2.20272e-23	6.83594e-08	9.76563e-08	6.31625e-08	9.55973e-08
1.14826e-08	2.76566e-15	2.19773e-23	4.88281e-08	7.6272e-08	4.86522e-08	7.42586e-08
1.02384e-08	1.52588e-15	1.05098e-23	3.90625e-08	5.69429e-08	3.32883e-08	5.63341e-08
3.21745e-09	1.71661e-15	2.97149e-24	4.60444e-08	6.25305e-08	3.41419e-08	6.14554e-08
2.14009e-09	9.53674e-17	7.57303e-26	9.76563e-09	1.38107e-08	9.38902e-09	1.45103e-08
3.73557e-09	2.67029e-15	6.82291e-24	3.90625e-08	8.34375e-08	3.84096e-08	7.85263e-08
8.28503e-09	4.29153e-15	2.34227e-23	3.90625e-08	1.20794e-07	3.92632e-08	1.17789e-07
5.17488e-09	2.09808e-15	7.32507e-24	4.88281e-08	6.25305e-08	4.26773e-08	5.97483e-08
1.74515e-09	9.53674e-17	7.45937e-26	9.76563e-09	1.38107e-08	9.38902e-09	1.45103e-08
3.21219e-09	1.43051e-15	3.08346e-24	3.90625e-08	5.25895e-08	3.75561e-08	5.03593e-08
9.02096e-09	1.81198e-15	1.09297e-23	3.90625e-08	6.25305e-08	3.84096e-08	6.14554e-08
6.15894e-09	2.76566e-15	1.23339e-23	4.88281e-08	7.6272e-08	4.86522e-08	7.3405e-08
3.71444e-09	2.09808e-15	5.45094e-24	4.88281e-08	6.25305e-08	4.26773e-08	5.97483e-08
1.07367e-08	3.24249e-15	2.11481e-23	4.88281e-08	8.73464e-08	3.92632e-08	8.45011e-08
7.34688e-09	3.33786e-15	1.93492e-23	5.85938e-08	8.28641e-08	5.88947e-08	8.27941e-08
2.58018e-09	5.72205e-16	7.35716e-25	2.76214e-08	3.52105e-08	2.04851e-08	3.15812e-08
3.5049e-09	2.28882e-15	5.04939e-24	5.24078e-08	7.04209e-08	4.09703e-08	6.23089e-08
3.12712e-09	1.43051e-15	2.65369e-24	3.90625e-08	5.52427e-08	3.92632e-08	5.54805e-08
3.91844e-09	2.09808e-15	5.27398e-24	4.88281e-08	6.25305e-08	4.26773e-08	5.97483e-08
3.70899e-09	1.71661e-15	3.96472e-24	3.90625e-08	6.55098e-08	3.41419e-08	6.14554e-08
8.58079e-09	3.71933e-15	2.33751e-23	4.88281e-08	9.21287e-08	4.86522e-08	9.0476e-08
1.13625e-08	2.00272e-15	1.45683e-23	4.88281e-08	6.25305e-08	3.92632e-08	6.14554e-08
1.32429e-08	2.57492e-15	2.03992e-23	4.88281e-08	7.04209e-08	4.95057e-08	6.91373e-08
2.71151e-09	3.8147e-16	4.63695e-25	1.95313e-08	2.76214e-08	1.96316e-08	2.8167e-08
9.57126e-09	2.19345e-15	1.28303e-23	3.90625e-08	7.04209e-08	3.92632e-08	6.74302e-08
7.96315e-09	2.86102e-15	1.86169e-23	4.88281e-08	7.6272e-08	4.86522e-08	7.42586e-08
2.9055e-09	1.71661e-15	3.08446e-24	3.90625e-08	6.55098e-08	3.92632e-08	6.31625e-08
5.46607e-09	7.62939e-16	2.36264e-24	2.92969e-08	4.1432e-08	2.8167e-08	4.18238e-08
1.86884e-08	6.48499e-15	8.1915e-23	7.8125e-08	1.19205e-07	6.91373e-08	1.12668e-07
2.51304e-09	5.72205e-16	7.07031e-25	2.62039e-08	4.1432e-08	1.96316e-08	4.09703e-08
1.19583e-09	9.53674e-17	1.88856e-26	9.76563e-09	1.38107e-08	9.38902e-09	1.45103e-08
3.22576e-09	1.62125e-15	4.00894e-24	3.90625e-08	6.25305e-08	2.90206e-08	5.80412e-08
1.60896e-08	2.38419e-15	2.34565e-23	4.88281e-08	6.90534e-08	4.86522e-08	6.91373e-08
2.30864e-09	1.90735e-16	1.16786e-25	9.76563e-09	2.18366e-08	9.38902e-09	2.13387e-08
2.93194e-09	4.76837e-16	6.31931e-25	1.95313e-08	3.52105e-08	1.96316e-08	3.32883e-08
2.22979e-09	3.8147e-16	2.73469e-25	1.95313e-08	2.76214e-08	1.96316e-08	2.8167e-08
1.64697e-09	1.90735e-16	1.16997e-25	9.76563e-09	2.18366e-08	9.38902e-09	2.13387e-08
2.28432e-09	3.8147e-16	2.50838e-25	1.95313e-08	3.52105e-08	9.38902e-09	3.32883e-08
7.49592e-09	4.3869e-15	2.21784e-23	5.85938e-08	1.00543e-07	5.80412e-08	9.47437e-08
1.04913e-08	3.52859e-15	2.3331e-23	5.85938e-08	8.40071e-08	5.88947e-08	7.93799e-08
3.23323e-09	8.58307e-16	1.01072e-24	2.92969e-08	4.36732e-08	2.38993e-08	4.01167e-08
8.41945e-09	4.00543e-15	2.3714e-23	5.85938e-08	9.26449e-08	4.86522e-08	9.0476e-08
3.13762e-09	9.53674e-16	1.59672e-24	2.92969e-08	4.36732e-08	2.90206e-08	4.01167e-08
2.64573e-09	9.53674e-17	5.10481e-26	9.76563e-09	1.38107e-08	9.38902e-09	1.45103e-08
2.19372e-08	3.43323e-15	3.39392e-23	5.85938e-08	8.40071e-08	4.95057e-08	7.85263e-08
1.83156e-09	9.53674e-17	4.40483e-26	9.76563e-09	1.38107e-08	9.38902e-09	1.45103e-08
3.81989e-09	1.90735e-15	3.72262e-24	5.41699e-08	6.90534e-08	3.84096e-08	5.97483e-08
8.86039e-09	3.05176e-15	1.91574e-23	5.85938e-08	7.6272e-08	5.63341e-08	7.42586e-08
4.69296e-09	2.67029e-15	8.40312e-24	5.85938e-08	7.04209e-08	4.86522e-08	6.65767e-08
2.87127e-09	8.58307e-16	1.36108e-24	2.92969e-08	4.1432e-08	2.98741e-08	4.18238e-08
2.80417e-09	7.62939e-16	1.42075e-24	2.92969e-08	4.1432e-08	2.8167e-08	4.18238e-08
3.78391e-09	2.67029e-15	6.64365e-24	5.85938e-08	7.04209e-08	4.86522e-08	6.65767e-08
3.44541e-09	2.38419e-15	5.84594e-24	4.88281e-08	6.90534e-08	4.86522e-08	6.91373e-08
1.66499e-09	1.90735e-16	1.46071e-25	9.76563e-09	2.18366e-08	9.38902e-09	2.13387e-08
1.02693e-08	3.43323e-15	2.08424e-23	4.88281e-08	8.40071e-08	4.86522e-08	8.1087e-08
4.36394e-09	3.91006e-15	1.20668e-23	5.85938e-08	9.21287e-08	4.95057e-08	8.96224e-08
2.2819e-09	5.72205e-16	7.70035e-25	2.76214e-08	3.52105e-08	2.04851e-08	3.15812e-08
1.92138e-09	4.76837e-16	5.09327e-25	1.95313e-08	3.52105e-08	1.96316e-08	3.32883e-08
4.34897e-09	3.43323e-15	9.80598e-24	4.88281e-08	9.61803e-08	3.84096e-08	9.47437e-08
9.20885e-09	3.8147e-15	2.42444e-23	6.83594e-08	8.40071e-08	5.88947e-08	7.85263e-08
2.59975e-08	3.8147e-15	4.52421e-23	5.85938e-08	9.00346e-08	5.88947e-08	8.62082e-08
2.70393e-09	8.58307e-16	1.45442e-24	2.92969e-08	4.36732e-08	2.38993e-08	4.01167e-08
3.57391e-09	1.81198e-15	4.38846e-24	3.90625e-08	6.25305e-08	3.84096e-08	6.14554e-08
2.9228e-09	1.33514e-15	2.59418e-24	2.92969e-08	5.69429e-08	2.90206e-08	5.63341e-08
2.74223e-09	4.76837e-16	5.93087e-25	1.95313e-08	3.52105e-08	1.96316e-08	3.32883e-08
4.45197e-09	1.81198e-15	5.34035e-24	3.90625e-08	6.25305e-08	3.84096e-08	6.14554e-08
3.44551e-09	1.33514e-15	2.91429e-24	3.90625e-08	4.88281e-08	3.84096e-08	4.5238e-08
2.4429e-09	4.76837e-16	4.55984e-25	2.76214e-08	3.08816e-08	1.45103e-08	2.98741e-08
2.79791e-09	7.62939e-16	1.29863e-24	2.92969e-08	4.1432e-08	2.8167e-08	4.18238e-08
9.99588e-09	3.43323e-15	2.28059e-23	4.88281e-08	8.73464e-08	4.86522e-08	8.1087e-08
3.6293e-09	2.19345e-15	5.62108e-24	3.90625e-08	7.04209e-08	3.92632e-08	6.74302e-08
2.52219e-09	2.86102e-16	3.02575e-25	1.95313e-08	2.76214e-08	1.36568e-08	2.47529e-08
2.06472e-09	3.8147e-16	5.31497e-25	1.95313e-08	2.76214e-08	1.96316e-08	2.8167e-08
2.37576e-09	1.23978e-15	1.78463e-24	3.90625e-08	5.52427e-08	2.90206e-08	5.4627e-08
3.32189e-09	1.71661e-15	3.82184e-24	3.90625e-08	6.25305e-08	3.67025e-08	5.97483e-08
1.71441e-08	3.91006e-15	3.61128e-23	6.83594e-08	8.40071e-08	6.06018e-08	8.02334e-08
1.69012e-08	4.3869e-15	3.99117e-23	5.85938e-08	9.21287e-08	5.88947e-08	8.62082e-08
1.7966e-09	1.90735e-16	1.48868e-25	9.76563e-09	2.18366e-08	9.38902e-09	2.13387e-08
2.81297e-09	5.72205e-16	1.0385e-24	1.95313e-08	3.52105e-08	1.96316e-08	3.32883e-08
2.5427e-09	1.04904e-15	1.58792e-24	2.92969e-08	4.88281e-08	2.98741e-08	4.69451e-08
6.60578e-09	2.28882e-15	9.40712e-24	3.90625e-08	7.04209e-08	3.84096e-08	6.74302e-08
1.34444e-08	1.71661e-15	1.27997e-23	3.90625e-08	5.69429e-08	3.84096e-08	5.20664e-08
6.7074e-09	4.673e-15	2.24713e-23	5.85938e-08	1.00543e-07	5.29199e-08	9.55973e-08
1.59594e-08	3.91006e-15	3.56624e-23	5.85938e-08	9.21287e-08	5.88947e-08	9.0476e-08
9.53443e-09	4.1008e-15	2.49235e-23	4.88281e-08	1.00543e-07	4.86522e-08	9.81579e-08
8.75236e-09	4.00543e-15	2.36082e-23	5.85938e-08	8.73464e-08	4.95057e-08	8.45011e-08
8.48669e-09	4.48227e-15	2.81302e-23	5.85938e-08	9.76563e-08	5.80412e-08	9.55973e-08
4.28644e-09	2.19345e-15	5.61141e-24	4.88281e-08	7.10948e-08	3.92632e-08	6.82838e-08
2.50067e-09	8.58307e-16	1.36244e-24	2.92969e-08	4.1432e-08	2.98741e-08	4.18238e-08
4.42029e-09	4.00543e-15	1.28254e-23	6.83594e-08	9.00346e-08	5.88947e-08	8.62082e-08
4.79831e-09	2.38419e-15	7.36241e-24	4.88281e-08	6.55098e-08	4.86522e-08	6.4016e-08
1.12013e-08	4.19617e-15	3.11866e-23	6.83594e-08	9.00346e-08	5.88947e-08	8.45011e-08
3.96647e-09	3.33786e-15	7.94547e-24	5.85938e-08	8.40071e-08	5.03593e-08	7.93799e-08
2.14231e-09	3.8147e-16	6.07233e-25	9.76563e-09	4.02647e-08	9.38902e-09	4.01167e-08
4.56714e-09	5.72205e-16	1.47696e-24	1.95313e-08	3.52105e-08	1.96316e-08	3.32883e-08
3.23485e-09	1.14441e-15	2.1471e-24	3.49386e-08	5.52427e-08	1.96316e-08	5.54805e-08
1.73242e-08	4.00543e-15	4.21495e-23	6.83594e-08	9.00346e-08	5.88947e-08	8.62082e-08
2.98168e-09	8.58307e-16	1.44803e-24	2.92969e-08	4.88281e-08	1.96316e-08	4.43844e-08
2.63987e-09	4.76837e-16	4.73209e-25	1.95313e-08	3.52105e-08	1.96316e-08	3.32883e-08
3.92462e-09	3.8147e-15	1.10172e-23	5.85938e-08	9.21287e-08	5.80412e-08	9.0476e-08
1.39778e-08	2.28882e-15	1.66196e-23	4.88281e-08	6.25305e-08	4.86522e-08	5.97483e-08
9.37258e-09	3.14713e-15	1.77989e-23	4.88281e-08	8.40071e-08	4.86522e-08	8.02334e-08
3.69713e-09	1.62125e-15	3.72214e-24	3.90625e-08	5.69429e-08	3.75561e-08	5.29199e-08
2.11508e-08	3.91006e-15	4.25179e-23	6.79396e-08	8.73464e-08	5.29199e-08	8.1087e-08
4.30595e-09	2.57492e-15	7.72909e-24	4.88281e-08	7.6272e-08	4.86522e-08	7.25515e-08
1.68612e-09	9.53674e-17	7.36845e-26	9.76563e-09	1.38107e-08	9.38902e-09	1.45103e-08
3.61517e-09	1.04904e-15	2.2682e-24	2.92969e-08	4.88281e-08	2.98741e-08	4.69451e-08
4.10873e-09	3.43323e-15	9.44794e-24	4.88281e-08	8.73464e-08	4.86522e-08	8.45011e-08
2.70483e-09	9.53674e-16	1.61125e-24	2.92969e-08	4.36732e-08	2.98741e-08	4.09703e-08
1.31492e-09	9.53674e-17	3.25007e-26	9.76563e-09	1.38107e-08	9.38902e-09	1.45103e-08
9.24289e-09	4.1008e-15	2.61418e-23	5.85938e-08	9.21287e-08	5.88947e-08	8.62082e-08
2.47238e-09	2.86102e-16	2.87396e-25	1.95313e-08	2.76214e-08	1.36568e-08	2.47529e-08
2.65354e-09	7.62939e-16	1.16332e-24	2.92969e-08	4.1432e-08	2.8167e-08	4.18238e-08
1.15073e-09	9.53674e-17	1.71203e-26	9.76563e-09	1.38107e-08	9.38902e-09	1.45103e-08
2.67447e-09	3.8147e-16	6.56419e-25	1.95313e-08	2.76214e-08	1.96316e-08	2.8167e-08
2.28513e-08	4.3869e-15	5.59059e-23	6.83594e-08	9.00346e-08	6.82838e-08	8.62082e-08
1.93645e-09	1.90735e-16	1.80045e-25	9.76563e-09	2.18366e-08	9.38902e-09	2.13387e-08
4.37016e-09	3.71933e-15	1.12217e-23	5.85938e-08	8.73464e-08	4.86522e-08	8.27941e-08
1.29751e-08	2.76566e-15	2.01727e-23	4.88281e-08	8.34375e-08	4.09703e-08	8.02334e-08
3.40676e-09	1.62125e-15	2.92059e-24	3.90625e-08	6.25305e-08	3.75561e-08	5.80412e-08
2.8604e-09	5.72205e-16	1.16586e-24	1.95313e-08	3.52105e-08	1.96316e-08	3.32883e-08
6.82983e-09	6.38962e-15	2.83837e-23	7.16241e-08	1.45176e-07	4.95057e-08	1.41689e-07
6.32312e-09	4.29153e-15	1.87699e-23	5.85938e-08	9.61803e-08	5.03593e-08	9.38902e-08
2.29336e-09	6.67572e-16	8.58686e-25	1.95313e-08	4.36732e-08	1.96316e-08	4.26773e-08
7.80367e-09	3.8147e-15	2.26477e-23	4.88281e-08	9.21287e-08	4.86522e-08	8.96224e-08
3.10312e-09	1.33514e-15	2.65253e-24	3.90625e-08	5.52427e-08	2.98741e-08	5.12128e-08
7.19261e-09	1.52588e-15	7.19691e-24	3.90625e-08	5.69429e-08	3.32883e-08	5.63341e-08
3.55661e-09	8.58307e-16	2.13214e-24	2.92969e-08	4.1432e-08	2.98741e-08	4.18238e-08
1.40005e-09	9.53674e-17	6.10513e-26	9.76563e-09	1.38107e-08	9.38902e-09	1.45103e-08
4.36367e-09	2.28882e-15	6.74615e-24	4.88281e-08	6.90534e-08	4.26773e-08	6.91373e-08
4.24919e-09	2.09808e-15	5.31794e-24	3.90625e-08	6.55098e-08	3.84096e-08	6.14554e-08
3.20033e-09	1.71661e-15	3.05607e-24	3.90625e-08	6.55098e-08	3.92632e-08	6.4016e-08
4.30871e-09	1.81198e-15	4.78385e-24	3.90625e-08	6.25305e-08	3.84096e-08	6.14554e-08
4.03137e-09	2.57492e-15	6.63182e-24	4.88281e-08	7.04209e-08	4.86522e-08	6.74302e-08
1.1045e-09	9.53674e-17	1.07001e-26	9.76563e-09	1.38107e-08	9.38902e-09	1.45103e-08
1.07388e-09	1.90735e-16	2.03402e-26	9.76563e-09	2.18366e-08	9.38902e-09	2.13387e-08
2.32707e-09	1.04904e-15	1.43052e-24	3.90625e-08	4.36732e-08	2.90206e-08	4.26773e-08
7.12406e-09	5.72205e-15	3.20927e-23	4.88281e-08	1.3029e-07	4.86522e-08	1.26325e-07
3.60471e-09	1.04904e-15	2.36041e-24	2.92969e-08	4.88281e-08	2.98741e-08	4.69451e-08
7.94855e-09	2.47955e-15	1.23556e-23	3.90625e-08	7.43728e-08	3.92632e-08	7.08444e-08
3.36987e-09	2.09808e-15	4.09147e-24	4.88281e-08	6.55098e-08	3.84096e-08	6.14554e-08
8.81237e-09	2.38419e-15	1.60469e-23	4.88281e-08	6.90534e-08	4.86522e-08	6.91373e-08
1.18113e-08	2.47955e-15	2.11494e-23	4.88281e-08	7.04209e-08	3.92632e-08	6.82838e-08
2.20307e-09	1.90735e-16	1.53607e-25	9.76563e-09	2.18366e-08	9.38902e-09	2.13387e-08
1.95543e-08	3.05176e-15	3.26879e-23	4.88281e-08	7.8733e-08	4.86522e-08	7.42586e-08
3.0899e-09	2.57492e-15	4.88863e-24	5.85938e-08	7.04209e-08	4.86522e-08	6.48696e-08
3.25915e-09	1.14441e-15	2.58372e-24	2.92969e-08	4.88281e-08	2.98741e-08	4.86522e-08
2.65676e-09	2.86102e-16	2.9246e-25	1.95313e-08	2.76214e-08	1.36568e-08	2.47529e-08
8.0825e-09	3.43323e-15	1.9438e-23	4.88281e-08	9.26449e-08	3.84096e-08	9.13295e-08
1.78003e-09	2.86102e-16	2.87708e-25	1.95313e-08	2.76214e-08	1.36568e-08	2.47529e-08
2.88162e-09	1.23978e-15	1.78967e-24	3.70579e-08	5.69429e-08	2.47529e-08	5.29199e-08
3.54989e-09	1.62125e-15	3.40362e-24	3.90625e-08	6.17632e-08	2.90206e-08	5.97483e-08
4.44612e-09	4.00543e-15	1.1677e-23	6.83594e-08	8.40071e-08	6.82838e-08	8.02334e-08
3.16972e-09	8.58307e-16	1.62108e-24	2.92969e-08	4.1432e-08	2.98741e-08	4.18238e-08
1.75651e-08	2.57492e-15	2.29118e-23	4.88281e-08	7.10948e-08	3.92632e-08	6.91373e-08
1.55101e-09	9.53674e-17	5.26941e-26	9.76563e-09	1.38107e-08	9.38902e-09	1.45103e-08
3.07352e-09	8.58307e-16	1.54761e-24	2.92969e-08	4.88281e-08	2.47529e-08	4.69451e-08
2.55633e-09	6.67572e-16	1.02804e-24	2.92969e-08	3.52105e-08	2.47529e-08	3.41419e-08
1.33368e-09	9.53674e-17	4.28437e-26	9.76563e-09	1.38107e-08	9.38902e-09	1.45103e-08
1.95713e-08	3.33786e-15	3.54534e-23	5.85938e-08	8.28641e-08	5.88947e-08	8.27941e-08
4.52557e-09	1.52588e-15	4.19497e-24	3.90625e-08	5.69429e-08	3.92632e-08	5.54805e-08
5.93517e-09	4.1008e-15	1.7445e-23	5.85938e-08	9.21287e-08	5.63341e-08	8.70618e-08
4.39493e-09	3.62396e-15	1.08401e-23	4.88281e-08	9.26449e-08	4.95057e-08	9.13295e-08
1.60793e-09	1.90735e-16	1.61815e-25	9.76563e-09	2.18366e-08	9.38902e-09	2.13387e-08
4.01258e-09	1.43051e-15	3.30368e-24	3.90625e-08	5.69429e-08	3.75561e-08	5.29199e-08
3.91259e-09	1.62125e-15	4.22288e-24	3.90625e-08	5.69429e-08	3.75561e-08	5.29199e-08
2.66775e-09	1.04904e-15	1.87177e-24	2.92969e-08	4.88281e-08	2.98741e-08	4.69451e-08
3.97034e-09	3.71933e-15	1.00748e-23	5.85938e-08	8.34375e-08	5.88947e-08	8.02334e-08
3.22458e-09	1.52588e-15	2.81617e-24	3.90625e-08	6.55098e-08	3.07277e-08	6.31625e-08
9.8621e-09	3.43323e-15	2.46538e-23	5.85938e-08	8.40071e-08	4.86522e-08	8.02334e-08
4.76495e-09	2.19345e-15	6.8063e-24	4.88281e-08	6.25305e-08	4.86522e-08	5.80412e-08
3.41821e-09	1.81198e-15	4.32003e-24	2.92969e-08	7.10948e-08	2.98741e-08	6.82838e-08
3.90959e-09	2.57492e-15	6.62615e-24	4.88281e-08	7.04209e-08	4.86522e-08	6.4016e-08
1.90518e-08	2.76566e-15	2.73832e-23	4.88281e-08	7.6272e-08	4.86522e-08	7.42586e-08
3.77438e-09	2.28882e-15	5.86609e-24	3.90625e-08	7.8733e-08	3.67025e-08	7.76728e-08
1.75695e-08	3.91006e-15	4.12365e-23	5.85938e-08	8.73464e-08	5.88947e-08	8.02334e-08
2.48296e-09	1.43051e-15	2.43071e-24	3.90625e-08	5.52427e-08	3.92632e-08	5.54805e-08
2.70894e-09	7.62939e-16	1.10341e-24	2.92969e-08	4.02647e-08	2.30458e-08	4.01167e-08
1.24399e-08	3.62396e-15	2.87198e-23	5.85938e-08	9.00346e-08	5.29199e-08	8.62082e-08
2.582e-09	1.90735e-16	2.50534e-25	9.76563e-09	2.18366e-08	9.38902e-09	2.13387e-08
1.17002e-08	2.76566e-15	2.1003e-23	4.88281e-08	7.6272e-08	4.86522e-08	7.42586e-08
1.33245e-08	2.67029e-15	2.23085e-23	4.88281e-08	7.04209e-08	4.86522e-08	6.4016e-08
1.20629e-08	1.90735e-15	1.31742e-23	3.90625e-08	6.25305e-08	3.84096e-08	6.23089e-08
4.81277e-09	2.09808e-15	6.0672e-24	4.88281e-08	6.25305e-08	4.01167e-08	5.97483e-08
1.46669e-08	2.86102e-15	3.04039e-23	4.88281e-08	7.6272e-08	4.86522e-08	7.42586e-08
4.40659e-09	2.38419e-15	7.00148e-24	4.88281e-08	6.90534e-08	4.5238e-08	6.31625e-08
4.27912e-09	2.67029e-15	7.67663e-24	4.88281e-08	7.6272e-08	4.86522e-08	7.42586e-08
3.51825e-09	1.62125e-15	3.60778e-24	3.90625e-08	5.69429e-08	3.75561e-08	5.29199e-08
2.93344e-09	4.76837e-16	5.13036e-25	1.95313e-08	3.52105e-08	1.96316e-08	3.32883e-08
2.3977e-09	1.90735e-16	2.4216e-25	9.76563e-09	2.18366e-08	9.38902e-09	2.13387e-08
4.7655e-09	4.29153e-15	1.41095e-23	5.85938e-08	1.00543e-07	4.95057e-08	9.73043e-08
1.35103e-08	2.57492e-15	1.93557e-23	4.88281e-08	7.04209e-08	4.86522e-08	6.4016e-08
8.43409e-09	4.57764e-15	2.78563e-23	5.85938e-08	9.76563e-08	5.88947e-08	9.47437e-08
1.57197e-08	3.33786e-15	3.38355e-23	6.79396e-08	8.28641e-08	5.12128e-08	7.59657e-08
1.25494e-08	1.52588e-15	1.09739e-23	3.90625e-08	5.69429e-08	2.90206e-08	5.54805e-08
1.46367e-08	2.86102e-15	2.34403e-23	4.88281e-08	7.8733e-08	4.01167e-08	7.59657e-08
3.63506e-09	1.33514e-15	3.01433e-24	3.90625e-08	4.88281e-08	3.84096e-08	4.5238e-08
1.69208e-08	3.91006e-15	4.04094e-23	6.83594e-08	8.40071e-08	5.88947e-08	7.93799e-08
2.47903e-09	2.86102e-16	2.35975e-25	1.95313e-08	2.76214e-08	1.36568e-08	2.47529e-08
1.54484e-09	1.90735e-16	1.51642e-25	9.76563e-09	2.18366e-08	9.38902e-09	2.13387e-08
2.40145e-09	2.86102e-16	1.81327e-25	1.95313e-08	2.76214e-08	1.36568e-08	2.47529e-08
2.32479e-09	1.90735e-16	2.1496e-25	9.76563e-09	2.18366e-08	9.38902e-09	2.13387e-08
1.11591e-09	9.53674e-17	2.01083e-26	9.76563e-09	1.38107e-08	9.38902e-09	1.45103e-08
2.23098e-09	1.90735e-16	1.08196e-25	9.76563e-09	2.18366e-08	9.38902e-09	2.13387e-08
6.08869e-09	2.47955e-15	1.00228e-23	4.88281e-08	7.04209e-08	4.86522e-08	6.65767e-08
3.76484e-09	5.72205e-16	1.82807e-24	9.76563e-09	5.9402e-08	9.38902e-09	5.88947e-08
2.54354e-09	3.8147e-16	2.39386e-25	1.95313e-08	3.52105e-08	9.38902e-09	3.32883e-08
2.65578e-09	1.90735e-16	1.07259e-25	9.76563e-09	2.18366e-08	9.38902e-09	2.13387e-08
2.54126e-09	4.76837e-16	4.46832e-25	1.95313e-08	3.52105e-08	1.96316e-08	3.32883e-08
1.35823e-08	3.14713e-15	2.52143e-23	5.85938e-08	8.28641e-08	4.95057e-08	7.93799e-08
1.37236e-08	3.91006e-15	3.37225e-23	5.85938e-08	9.00346e-08	5.88947e-08	8.62082e-08
1.21867e-08	3.43323e-15	2.64782e-23	5.85938e-08	8.40071e-08	5.29199e-08	7.85263e-08
3.72219e-09	2.00272e-15	4.49929e-24	4.88281e-08	6.25305e-08	4.43844e-08	5.80412e-08
3.34083e-09	2.28882e-15	5.65321e-24	4.88281e-08	6.90534e-08	4.86522e-08	6.91373e-08
1.09538e-08	1.52588e-15	1.03197e-23	3.90625e-08	5.52427e-08	3.84096e-08	5.54805e-08
2.78291e-09	6.67572e-16	9.78631e-25	1.95313e-08	4.36732e-08	1.96316e-08	4.26773e-08
1.92141e-08	2.38419e-15	2.36429e-23	4.88281e-08	6.90534e-08	4.86522e-08	6.91373e-08
2.69147e-09	1.23978e-15	2.06141e-24	3.90625e-08	5.52427e-08	3.24348e-08	4.86522e-08
3.03195e-09	8.58307e-16	1.12075e-24	3.45267e-08	4.36732e-08	2.47529e-08	4.18238e-08
5.97484e-09	2.57492e-15	1.1072e-23	4.88281e-08	7.6272e-08	4.86522e-08	7.25515e-08
9.39252e-09	2.67029e-15	1.58659e-23	4.88281e-08	7.04209e-08	4.86522e-08	6.4016e-08
2.59423e-09	7.62939e-16	1.1861e-24	2.92969e-08	4.1432e-08	2.8167e-08	4.18238e-08
4.07497e-09	7.62939e-16	2.03991e-24	1.95313e-08	4.36732e-08	1.96316e-08	4.18238e-08
3.43384e-09	1.04904e-15	1.97196e-24	2.92969e-08	4.88281e-08	2.98741e-08	4.69451e-08
4.07063e-09	2.09808e-15	5.22477e-24	4.88281e-08	6.25305e-08	4.69451e-08	6.06018e-08
9.52687e-09	3.52859e-15	2.52863e-23	5.85938e-08	8.40071e-08	5.80412e-08	8.27941e-08
4.27704e-09	2.67029e-15	7.34926e-24	4.88281e-08	7.6272e-08	4.86522e-08	7.3405e-08
2.41271e-08	3.62396e-15	4.02558e-23	6.83594e-08	7.8733e-08	6.14554e-08	7.59657e-08
9.25794e-09	3.8147e-15	2.52216e-23	5.85938e-08	8.40071e-08	5.88947e-08	7.85263e-08
1.63507e-08	2.47955e-15	2.11074e-23	4.88281e-08	7.43728e-08	4.01167e-08	7.08444e-08
3.95588e-09	2.76566e-15	7.60783e-24	3.90625e-08	8.34375e-08	3.92632e-08	8.1087e-08
1.55929e-08	6.96182e-15	7.73114e-23	8.28641e-08	1.25061e-07	7.59657e-08	1.23764e-07
4.26166e-09	2.00272e-15	5.49377e-24	3.90625e-08	6.55098e-08	3.92632e-08	6.06018e-08
5.68895e-09	3.24249e-15	1.44445e-23	5.85938e-08	7.8733e-08	4.86522e-08	7.42586e-08
2.43561e-09	8.58307e-16	1.14235e-24	2.92969e-08	4.36732e-08	2.38993e-08	4.01167e-08
3.47543e-09	1.43051e-15	2.85122e-24	3.90625e-08	5.69429e-08	2.90206e-08	5.63341e-08
3.65711e-09	1.04904e-15	2.16136e-24	2.92969e-08	4.88281e-08	2.98741e-08	4.69451e-08
1.77013e-08	2.57492e-15	2.22679e-23	4.88281e-08	7.04209e-08	4.86522e-08	6.74302e-08
6.31699e-09	2.38419e-15	1.11745e-23	4.88281e-08	6.90534e-08	4.86522e-08	6.91373e-08
1.49658e-09	1.43051e-15	4.02636e-25	2.92969e-08	8.05294e-08	1.96316e-08	7.85263e-08
1.06881e-09	9.53674e-17	7.76833e-27	9.76563e-09	1.38107e-08	9.38902e-09	1.45103e-08
1.40315e-08	4.29153e-15	4.02575e-23	6.83594e-08	9.21287e-08	6.74302e-08	8.53547e-08
1.3033e-08	4.1008e-15	3.26364e-23	5.85938e-08	9.26449e-08	5.80412e-08	8.96224e-08
3.25651e-09	1.81198e-15	3.9862e-24	2.92969e-08	7.10948e-08	2.98741e-08	6.82838e-08
3.12768e-09	9.53674e-16	1.66483e-24	2.92969e-08	4.88281e-08	2.30458e-08	4.86522e-08
4.02287e-09	3.14713e-15	8.41202e-24	5.85938e-08	7.6272e-08	5.63341e-08	7.3405e-08
3.82373e-09	5.72205e-16	1.12958e-24	1.95313e-08	3.52105e-08	1.96316e-08	3.32883e-08
1.41923e-08	3.24249e-15	3.06098e-23	5.85938e-08	8.40071e-08	4.86522e-08	7.93799e-08
5.55554e-09	6.67572e-15	3.05899e-23	6.83594e-08	1.19205e-07	6.91373e-08	1.13522e-07
4.39119e-09	2.00272e-15	5.48928e-24	3.90625e-08	6.55098e-08	3.92632e-08	6.06018e-08
3.1161e-09	8.58307e-16	1.55081e-24	2.92969e-08	4.36732e-08	2.38993e-08	4.01167e-08
5.33859e-09	2.86102e-15	9.96792e-24	4.88281e-08	7.8733e-08	3.84096e-08	7.59657e-08
3.96401e-09	2.28882e-15	5.89192e-24	4.88281e-08	7.04209e-08	3.84096e-08	6.82838e-08
1.97109e-08	4.19617e-15	4.59535e-23	5.85938e-08	9.21287e-08	5.88947e-08	8.62082e-08
4.74239e-09	1.90735e-15	5.176e-24	4.80405e-08	6.25305e-08	3.41419e-08	5.63341e-08
4.31905e-09	1.52588e-15	3.6376e-24	3.90625e-08	5.69429e-08	3.75561e-08	5.12128e-08
4.49584e-09	1.43051e-15	3.98681e-24	3.90625e-08	5.52427e-08	3.92632e-08	5.54805e-08
5.18779e-09	3.24249e-15	1.22446e-23	4.88281e-08	8.40071e-08	4.86522e-08	8.02334e-08
2.51974e-09	2.86102e-16	3.05428e-25	9.76563e-09	3.08816e-08	9.38902e-09	2.98741e-08
8.28422e-09	4.3869e-15	2.45011e-23	5.85938e-08	9.76563e-08	5.88947e-08	9.64508e-08
8.30366e-09	3.05176e-15	1.5627e-23	3.90625e-08	8.73464e-08	3.84096e-08	8.45011e-08
5.55755e-09	2.76566e-15	1.03304e-23	4.88281e-08	7.6272e-08	4.86522e-08	7.42586e-08
3.96228e-09	2.86102e-15	7.92897e-24	5.85938e-08	7.04209e-08	5.54805e-08	6.82838e-08
1.34621e-09	9.53674e-17	7.02862e-26	9.76563e-09	1.38107e-08	9.38902e-09	1.45103e-08
3.39532e-09	1.23978e-15	2.6645e-24	2.92969e-08	5.69429e-08	2.98741e-08	5.71876e-08
2.06426e-09	9.53674e-17	8.95636e-26	9.76563e-09	1.38107e-08	9.38902e-09	1.45103e-08
3.9445e-09	2.95639e-15	7.49123e-24	5.85938e-08	7.6272e-08	5.4627e-08	7.25515e-08
1.43607e-08	2.38419e-15	1.95214e-23	4.88281e-08	7.04209e-08	4.5238e-08	6.74302e-08
3.60628e-09	2.47955e-15	5.31113e-24	5.52427e-08	7.6272e-08	4.01167e-08	7.42586e-08
3.3551e-09	1.81198e-15	3.72281e-24	3.90625e-08	6.25305e-08	3.92632e-08	5.88947e-08
3.91208e-09	1.43051e-15	2.86824e-24	3.90625e-08	5.25895e-08	3.75561e-08	5.03593e-08
4.65084e-09	2.38419e-15	7.26525e-24	4.88281e-08	7.04209e-08	4.86522e-08	6.74302e-08
3.14025e-09	1.04904e-15	1.95324e-24	2.92969e-08	4.88281e-08	2.98741e-08	4.69451e-08
4.0053e-09	2.86102e-15	7.71895e-24	4.88281e-08	8.40071e-08	3.84096e-08	7.93799e-08
7.97728e-09	2.28882e-15	1.2311e-23	4.88281e-08	6.90534e-08	4.86522e-08	6.91373e-08
1.4089e-08	5.53131e-15	5.53246e-23	6.83594e-08	1.0381e-07	6.82838e-08	9.81579e-08
3.44289e-09	1.33514e-15	2.86885e-24	3.90625e-08	4.88281e-08	3.84096e-08	4.5238e-08
1.80522e-08	2.47955e-15	2.59726e-23	4.88281e-08	6.90534e-08	4.86522e-08	6.91373e-08
1.77303e-08	2.76566e-15	2.76154e-23	4.88281e-08	7.8733e-08	4.43844e-08	7.42586e-08
5.19744e-09	2.19345e-15	7.04895e-24	4.88281e-08	6.90534e-08	4.18238e-08	6.91373e-08
1.69474e-09	9.53674e-17	7.0974e-26	9.76563e-09	1.38107e-08	9.38902e-09	1.45103e-08
4.01233e-09	3.71933e-15	1.11096e-23	5.85938e-08	9.00346e-08	5.88947e-08	8.62082e-08
3.3271e-09	2.28882e-15	4.45903e-24	5.52427e-08	7.04209e-08	4.09703e-08	6.65767e-08
2.79429e-09	8.58307e-16	1.33166e-24	2.92969e-08	4.36732e-08	2.38993e-08	4.01167e-08
5.13453e-09	2.57492e-15	8.63714e-24	4.88281e-08	7.8733e-08	4.86522e-08	7.51121e-08
4.03245e-09	2.95639e-15	7.69203e-24	5.85938e-08	9.00346e-08	4.43844e-08	8.62082e-08
3.22892e-09	1.43051e-15	2.876e-24	2.92969e-08	5.69429e-08	2.98741e-08	5.71876e-08
4.09784e-09	2.95639e-15	7.73854e-24	4.88281e-08	8.40071e-08	3.92632e-08	8.02334e-08
3.07018e-09	1.23978e-15	2.24857e-24	3.90625e-08	4.88281e-08	3.15812e-08	4.60915e-08
2.35641e-09	6.67572e-16	8.53777e-25	2.92969e-08	3.52105e-08	2.47529e-08	3.41419e-08
3.62322e-09	1.14441e-15	2.41611e-24	2.92969e-08	5.25895e-08	2.98741e-08	4.86522e-08
5.81053e-09	2.19345e-15	7.82786e-24	3.90625e-08	7.43728e-08	3.75561e-08	7.08444e-08
7.12399e-09	1.14441e-15	5.68027e-24	2.92969e-08	4.88281e-08	2.98741e-08	4.86522e-08
1.32491e-09	9.53674e-17	5.09256e-26	9.76563e-09	1.38107e-08	9.38902e-09	1.45103e-08
3.14667e-09	2.28882e-15	4.45661e-24	4.63224e-08	7.6272e-08	2.98741e-08	7.42586e-08
1.0965e-08	1.90735e-15	1.3888e-23	3.90625e-08	6.25305e-08	3.84096e-08	6.23089e-08
6.19504e-09	3.33786e-15	1.57594e-23	4.88281e-08	8.40071e-08	4.86522e-08	8.1087e-08
3.76879e-09	2.19345e-15	5.19081e-24	5.52427e-08	6.55098e-08	3.92632e-08	6.06018e-08
1.86296e-08	3.33786e-15	3.27846e-23	4.88281e-08	8.40071e-08	4.86522e-08	7.93799e-08
8.00906e-09	1.43051e-15	6.60859e-24	3.90625e-08	5.52427e-08	3.92632e-08	5.54805e-08
1.91394e-08	3.52859e-15	3.10201e-23	5.85938e-08	7.8733e-08	5.80412e-08	7.76728e-08
3.11884e-09	1.33514e-15	2.62531e-24	3.90625e-08	5.25895e-08	3.32883e-08	5.03593e-08
1.2861e-08	3.05176e-15	2.34245e-23	5.85938e-08	7.8733e-08	4.86522e-08	7.59657e-08
4.15248e-09	3.52859e-15	9.45678e-24	5.85938e-08	8.73464e-08	5.03593e-08	8.19405e-08
1.83773e-09	1.90735e-16	1.35988e-25	9.76563e-09	2.18366e-08	9.38902e-09	2.13387e-08
3.71943e-09	1.33514e-15	3.20902e-24	2.92969e-08	5.69429e-08	2.90206e-08	5.63341e-08
2.72719e-09	1.23978e-15	2.02361e-24	3.90625e-08	4.88281e-08	3.15812e-08	4.5238e-08
1.20054e-08	2.76566e-15	2.02126e-23	4.88281e-08	7.6272e-08	4.86522e-08	7.42586e-08
1.82349e-08	2.47955e-15	2.02341e-23	4.88281e-08	7.04209e-08	4.95057e-08	6.31625e-08
2.7481e-09	8.58307e-16	1.41173e-24	2.92969e-08	4.1432e-08	2.98741e-08	4.18238e-08
3.64018e-09	7.62939e-16	1.39933e-24	2.92969e-08	4.02647e-08	2.30458e-08	4.01167e-08
7.22031e-09	2.00272e-15	8.8635e-24	4.88281e-08	6.25305e-08	3.92632e-08	5.80412e-08
1.23203e-08	1.90735e-15	1.164e-23	4.88281e-08	6.25305e-08	4.09703e-08	5.97483e-08
9.84437e-09	2.86102e-15	1.90657e-23	5.85938e-08	8.28641e-08	4.86522e-08	7.59657e-08
6.38638e-09	4.48227e-15	2.02632e-23	5.85938e-08	9.76563e-08	5.80412e-08	9.55973e-08
1.4135e-08	2.67029e-15	2.0739e-23	4.88281e-08	7.04209e-08	4.86522e-08	6.4016e-08
3.17979e-09	1.43051e-15	2.58871e-24	3.90625e-08	5.69429e-08	3.15812e-08	5.4627e-08
4.14209e-09	2.00272e-15	5.02392e-24	3.90625e-08	6.55098e-08	3.92632e-08	6.06018e-08
8.23765e-09	3.43323e-15	2.05966e-23	6.83594e-08	8.40071e-08	5.29199e-08	7.85263e-08
1.67863e-08	3.24249e-15	2.79046e-23	5.85938e-08	8.40071e-08	5.03593e-08	7.93799e-08
1.17103e-08	2.09808e-15	1.40702e-23	4.88281e-08	6.25305e-08	4.43844e-08	5.88947e-08
2.42744e-09	8.58307e-16	1.27259e-24	2.92969e-08	4.36732e-08	2.38993e-08	4.01167e-08
2.68875e-09	4.76837e-16	5.45741e-25	1.95313e-08	3.52105e-08	1.96316e-08	3.32883e-08
3.09386e-09	1.04904e-15	1.98203e-24	2.92969e-08	4.88281e-08	2.98741e-08	4.69451e-08
2.12974e-08	4.29153e-15	5.08219e-23	5.85938e-08	9.21287e-08	5.80412e-08	8.62082e-08
1.52181e-08	2.86102e-15	2.31477e-23	4.88281e-08	7.8733e-08	4.26773e-08	7.59657e-08
4.08655e-09	2.38419e-15	6.60968e-24	4.88281e-08	6.90534e-08	4.86522e-08	6.91373e-08
4.16337e-09	1.71661e-15	4.36285e-24	3.90625e-08	6.25305e-08	3.67025e-08	6.23089e-08
3.72354e-09	1.52588e-15	3.62048e-24	3.90625e-08	5.52427e-08	3.84096e-08	5.54805e-08
1.92333e-08	2.38419e-15	2.19102e-23	4.88281e-08	7.04209e-08	4.86522e-08	6.91373e-08
3.16231e-09	1.62125e-15	2.96707e-24	4.88281e-08	5.69429e-08	3.92632e-08	5.29199e-08
2.19243e-09	7.62939e-16	9.15049e-25	1.95313e-08	4.97951e-08	1.96316e-08	4.86522e-08
4.4095e-09	4.3869e-15	1.41251e-23	5.85938e-08	9.76563e-08	5.88947e-08	9.55973e-08
1.08396e-09	2.86102e-16	3.55258e-26	9.76563e-09	3.08816e-08	9.38902e-09	2.98741e-08
1.19633e-08	3.62396e-15	2.80351e-23	4.88281e-08	9.21287e-08	4.86522e-08	8.96224e-08
8.5772e-09	4.3869e-15	2.57381e-23	6.83594e-08	9.00346e-08	6.06018e-08	8.62082e-08
8.35831e-09	3.05176e-15	1.59227e-23	5.85938e-08	7.6272e-08	5.63341e-08	7.3405e-08
1.80012e-09	4.76837e-16	5.51934e-25	1.95313e-08	3.52105e-08	1.96316e-08	3.32883e-08
1.44753e-08	2.28882e-15	1.749e-23	5.21073e-08	7.04209e-08	3.84096e-08	6.65767e-08
4.37818e-09	2.09808e-15	5.64513e-24	4.88281e-08	6.25305e-08	3.92632e-08	6.06018e-08
2.52292e-09	6.67572e-16	4.46325e-25	2.92969e-08	4.36732e-08	1.96316e-08	4.01167e-08
2.42487e-09	2.86102e-16	1.18376e-25	1.95313e-08	2.76214e-08	1.36568e-08	2.47529e-08
2.1189e-09	2.86102e-16	2.31462e-25	1.95313e-08	2.76214e-08	1.36568e-08	2.47529e-08
1.21811e-08	3.91006e-15	3.28793e-23	6.83594e-08	9.00346e-08	5.88947e-08	8.62082e-08
1.40137e-09	9.53674e-17	2.12717e-26	9.76563e-09	1.38107e-08	9.38902e-09	1.45103e-08
2.80041e-09	5.72205e-16	5.90514e-25	2.76214e-08	3.52105e-08	2.04851e-08	3.15812e-08
2.57476e-09	1.43051e-15	2.6565e-24	3.90625e-08	5.52427e-08	3.92632e-08	5.54805e-08
2.60418e-09	3.8147e-16	3.80061e-25	1.95313e-08	2.76214e-08	1.96316e-08	2.8167e-08
4.00755e-09	1.62125e-15	3.7609e-24	3.90625e-08	6.55098e-08	2.47529e-08	6.14554e-08
3.62286e-09	7.62939e-16	1.39326e-24	2.92969e-08	4.36732e-08	2.21922e-08	4.18238e-08
3.52356e-09	1.04904e-15	1.96099e-24	2.92969e-08	4.88281e-08	2.98741e-08	4.69451e-08
1.41657e-08	4.3869e-15	4.0537e-23	4.88281e-08	1.05179e-07	4.86522e-08	1.00719e-07
1.12005e-09	9.53674e-17	1.53013e-26	9.76563e-09	1.38107e-08	9.38902e-09	1.45103e-08
1.97508e-08	4.29153e-15	4.92326e-23	5.85938e-08	9.21287e-08	5.80412e-08	8.62082e-08
7.67637e-09	3.14713e-15	1.79472e-23	4.88281e-08	9.21287e-08	3.92632e-08	8.53547e-08
1.1411e-08	4.57764e-15	3.60369e-23	6.83594e-08	9.76563e-08	6.4016e-08	9.0476e-08
3.66606e-09	2.28882e-15	5.78829e-24	4.88281e-08	7.04209e-08	3.92632e-08	6.74302e-08
1.75431e-09	9.53674e-17	7.90096e-26	9.76563e-09	1.38107e-08	9.38902e-09	1.45103e-08
5.28676e-09	2.28882e-15	7.35073e-24	4.88281e-08	6.55098e-08	4.69451e-08	6.31625e-08
1.35522e-08	3.62396e-15	3.31699e-23	5.85938e-08	9.00346e-08	5.03593e-08	8.62082e-08
2.71366e-09	3.8147e-16	3.7213e-25	1.95313e-08	3.08816e-08	1.96316e-08	2.98741e-08
6.38264e-09	2.95639e-15	1.28132e-23	4.88281e-08	7.8733e-08	4.86522e-08	7.42586e-08
2.93976e-09	1.04904e-15	1.59727e-24	3.90625e-08	4.88281e-08	2.47529e-08	4.60915e-08
3.70744e-09	1.52588e-15	3.55945e-24	3.90625e-08	5.52427e-08	3.84096e-08	5.54805e-08
4.03502e-09	2.86102e-15	8.97858e-24	3.90625e-08	9.26449e-08	3.92632e-08	9.0476e-08
4.02703e-09	2.19345e-15	6.20293e-24	3.90625e-08	7.04209e-08	3.92632e-08	6.74302e-08
3.51198e-09	1.71661e-15	3.87258e-24	3.90625e-08	5.69429e-08	3.84096e-08	5.20664e-08
1.3961e-08	5.81741e-15	5.92144e-23	7.8125e-08	1.0381e-07	7.76728e-08	9.90114e-08
4.8429e-09	1.90735e-15	5.9188e-24	4.88281e-08	6.25305e-08	4.09703e-08	5.97483e-08
3.44774e-09	1.52588e-15	3.27035e-24	3.90625e-08	5.69429e-08	3.92632e-08	5.20664e-08
1.30987e-08	2.47955e-15	2.05417e-23	5.85938e-08	7.04209e-08	4.86522e-08	6.4016e-08
9.67949e-09	3.14713e-15	2.12441e-23	5.85938e-08	7.6272e-08	5.63341e-08	7.3405e-08
1.22934e-08	2.47955e-15	1.89883e-23	3.90625e-08	7.8733e-08	3.92632e-08	7.59657e-08
3.12881e-09	1.71661e-15	3.71596e-24	3.90625e-08	5.69429e-08	3.84096e-08	5.20664e-08
3.72632e-09	2.57492e-15	6.79615e-24	4.88281e-08	7.8733e-08	3.92632e-08	7.3405e-08
1.08667e-08	2.09808e-15	1.37461e-23	4.88281e-08	6.90534e-08	4.01167e-08	6.14554e-08
5.56088e-09	4.76837e-15	1.71814e-23	5.85938e-08	1.01956e-07	4.95057e-08	9.90114e-08
2.38568e-09	4.76837e-16	6.88736e-25	1.95313e-08	3.52105e-08	1.96316e-08	3.32883e-08
3.02235e-09	1.52588e-15	3.0518e-24	3.90625e-08	5.69429e-08	3.92632e-08	5.20664e-08
3.9007e-09	2.19345e-15	4.90529e-24	4.88281e-08	6.25305e-08	4.86522e-08	5.80412e-08
2.26115e-09	5.72205e-16	6.63261e-25	1.95313e-08	3.52105e-08	1.96316e-08	3.32883e-08
8.58468e-09	1.52588e-15	9.29523e-24	3.90625e-08	5.69429e-08	2.90206e-08	5.54805e-08
2.59935e-09	2.86102e-16	1.89065e-25	1.95313e-08	2.76214e-08	1.36568e-08	2.47529e-08
2.38746e-09	7.62939e-16	6.58117e-25	2.76214e-08	4.88281e-08	2.04851e-08	4.5238e-08
2.26926e-09	5.72205e-16	7.57486e-25	1.95313e-08	4.36732e-08	1.96316e-08	4.01167e-08
2.35867e-09	5.72205e-16	7.31173e-25	1.95313e-08	4.36732e-08	1.96316e-08	4.01167e-08
1.7314e-09	1.90735e-16	2.17454e-25	9.76563e-09	2.18366e-08	9.38902e-09	2.13387e-08
