#	z_max	r_eq	V_L
2.08926e-08	3.52791e-08	3.34516e-23
1.18575e-08	2.27169e-08	8.01962e-24
3.85787e-09	2.80939e-08	6.66935e-24
4.19118e-09	2.75483e-08	7.86081e-24
1.15907e-08	3.06765e-08	1.5048e-23
4.75679e-09	3.25956e-08	8.43946e-24
6.80681e-09	3.73684e-08	1.41751e-23
8.53112e-09	3.39638e-08	1.35531e-23
5.99511e-09	3.81721e-08	1.49739e-23
4.08475e-09	2.96704e-08	5.80302e-24
4.13684e-09	2.58426e-08	4.75899e-24
5.81876e-09	4.44203e-08	1.80572e-23
1.57546e-08	3.6547e-08	1.9694e-23
1.57461e-08	2.20387e-08	6.15169e-24
1.74448e-08	3.52791e-08	1.76111e-23
6.37336e-09	3.6547e-08	1.23569e-23
4.10094e-09	2.75483e-08	4.93757e-24
4.50839e-09	3.93469e-08	1.14208e-23
3.33073e-09	1.45772e-08	8.91445e-25
3.02082e-09	1.6529e-08	1.24085e-24
2.59241e-09	1.34959e-08	4.96819e-25
2.4139e-09	9.54302e-09	1.92107e-25
8.49135e-09	2.96704e-08	9.00139e-24
3.4813e-09	2.27169e-08	3.0875e-24
4.49168e-09	3.52791e-08	1.01942e-23
3.05244e-09	1.55837e-08	1.33728e-24
6.99803e-09	4.19604e-08	1.96294e-23
3.94157e-09	2.91544e-08	5.51169e-24
3.36383e-09	2.464e-08	4.01512e-24
4.76271e-09	1.232e-08	1.61237e-24
1.4071e-08	3.89592e-08	2.54681e-23
5.69239e-09	2.75483e-08	6.67075e-24
8.4286e-09	3.3058e-08	1.17696e-23
1.35936e-08	3.57067e-08	1.57225e-23
5.08611e-09	4.47607e-08	1.78046e-23
2.21909e-08	4.40773e-08	3.65112e-23
1.36258e-08	4.04876e-08	2.41084e-23
5.67831e-09	3.21266e-08	9.6866e-24
6.64268e-09	5.01954e-08	3.00868e-23
2.71806e-09	1.6529e-08	1.06274e-24
7.55822e-09	4.92799e-08	3.09342e-23
1.10538e-08	4.64253e-08	2.85214e-23
4.99441e-09	3.16506e-08	7.90011e-24
1.33518e-08	4.70746e-08	3.93628e-23
3.3933e-09	2.80939e-08	6.13457e-24
3.71012e-09	1.45772e-08	1.09232e-24
7.21711e-09	5.10945e-08	3.5685e-23
1.39879e-09	1.6529e-08	1.4936e-25
1.26316e-08	3.81721e-08	2.21639e-23
3.58246e-09	1.232e-08	8.15166e-25
6.99235e-09	4.57667e-08	2.46165e-23
4.87859e-09	3.01777e-08	6.52963e-24
3.01635e-09	1.98654e-08	2.33121e-24
3.23621e-09	1.9086e-08	1.59333e-24
4.20682e-09	3.25956e-08	7.70758e-24
1.93488e-09	7.79184e-09	4.56114e-26
5.40436e-09	3.52791e-08	1.13288e-23
1.31846e-08	3.73684e-08	1.94073e-23
3.53612e-09	2.80939e-08	3.7162e-24
6.44685e-09	2.75483e-08	8.7284e-24
1.08294e-08	3.97308e-08	2.09229e-23
7.01026e-09	3.77724e-08	1.68022e-23
3.15601e-09	3.06765e-08	6.89272e-24
4.14054e-09	2.58426e-08	3.75614e-24
1.59375e-08	3.52791e-08	1.99397e-23
3.55191e-09	2.58426e-08	4.70117e-24
6.66637e-09	3.01777e-08	8.22551e-24
7.78592e-09	3.61293e-08	1.42473e-23
3.14439e-09	1.55837e-08	1.16487e-24
4.07539e-09	3.11674e-08	6.60407e-24
3.74416e-09	2.464e-08	3.948e-24
1.87695e-09	7.79184e-09	4.52859e-26
5.27187e-09	4.0111e-08	1.37703e-23
4.54423e-09	3.93469e-08	1.32456e-23
4.00712e-09	3.3058e-08	6.59597e-24
4.01665e-09	2.33755e-08	4.08737e-24
8.39797e-09	3.77724e-08	1.6601e-23
1.65908e-08	4.33831e-08	2.51088e-23
2.79629e-09	1.45772e-08	8.63307e-25
3.95924e-09	3.93469e-08	1.3002e-23
1.08852e-08	3.85676e-08	1.63205e-23
3.84044e-09	2.58426e-08	4.50794e-24
6.66807e-09	3.3058e-08	9.63385e-24
6.66473e-09	3.11674e-08	8.50547e-24
1.37932e-08	3.52791e-08	1.46287e-23
1.41341e-08	5.56449e-08	6.63776e-23
4.58797e-09	2.86291e-08	6.45688e-24
7.66355e-09	3.89592e-08	1.89828e-23
3.41417e-09	1.6529e-08	1.09751e-24
2.70503e-09	1.10193e-08	5.8734e-25
1.13012e-08	3.61293e-08	1.51896e-23
1.01057e-08	3.85676e-08	1.78379e-23
9.25059e-09	4.26777e-08	2.37369e-23
2.60418e-09	5.50966e-09	5.25085e-26
2.2028e-09	5.50966e-09	2.65524e-26
4.14606e-09	2.27169e-08	3.84215e-24
7.79288e-09	4.12305e-08	1.76458e-23
4.44416e-09	2.69917e-08	5.82504e-24
9.8223e-09	4.15971e-08	2.08492e-23
3.106e-09	2.27169e-08	2.73201e-24
7.15531e-09	4.80321e-08	2.83597e-23
1.53517e-08	3.01777e-08	1.21172e-23
3.89414e-09	3.01777e-08	5.85587e-24
1.06185e-08	3.39638e-08	1.55825e-23
3.72464e-09	2.40161e-08	2.6504e-24
2.55759e-09	1.6529e-08	1.19983e-24
8.49486e-09	3.57067e-08	1.57431e-23
5.04562e-09	3.06765e-08	7.64112e-24
9.36824e-09	3.57067e-08	1.45538e-23
4.44781e-09	2.464e-08	3.74982e-24
4.3359e-09	3.16506e-08	6.58367e-24
3.17563e-09	1.6529e-08	1.42723e-24
9.43039e-09	3.3058e-08	1.30489e-23
1.43612e-08	4.0111e-08	2.49197e-23
1.1226e-08	3.06765e-08	1.04271e-23
9.62346e-09	3.6547e-08	1.73169e-23
1.84277e-08	3.6547e-08	2.19016e-23
3.81671e-09	3.01777e-08	7.55059e-24
8.15362e-09	3.39638e-08	1.03171e-23
1.41945e-08	3.3514e-08	1.23834e-23
3.97767e-09	3.39638e-08	8.36227e-24
4.03149e-09	3.3514e-08	9.18763e-24
4.07638e-09	3.01777e-08	6.48281e-24
1.36554e-08	4.0111e-08	2.4169e-23
3.04355e-09	2.13388e-08	2.85164e-24
1.47847e-08	3.73684e-08	2.12854e-23
2.34685e-09	1.10193e-08	3.71523e-25
5.23029e-09	3.3514e-08	1.03507e-23
6.61292e-09	2.06153e-08	6.41271e-25
6.79052e-09	2.06153e-08	5.64421e-25
4.13687e-09	2.80939e-08	5.80264e-24
1.87079e-08	3.52791e-08	1.82311e-23
3.73586e-09	2.86291e-08	5.15081e-24
3.81769e-09	3.16506e-08	7.24148e-24
3.62323e-09	2.64234e-08	4.33929e-24
1.01455e-08	3.44078e-08	1.3517e-23
1.83795e-08	3.77724e-08	2.27927e-23
5.06593e-09	3.73684e-08	1.22575e-23
1.25881e-08	4.15971e-08	2.99663e-23
4.82994e-09	4.40773e-08	1.64359e-23
2.37463e-09	1.55837e-08	8.53731e-25
4.93878e-09	3.44078e-08	8.90095e-24
5.26081e-09	3.39638e-08	9.87624e-24
8.10672e-09	3.81721e-08	1.72801e-23
1.19078e-08	3.39638e-08	1.34265e-23
2.5685e-09	5.50966e-09	4.97302e-26
1.13929e-08	1.6529e-08	2.49262e-24
4.53371e-09	3.16506e-08	8.45272e-24
7.87814e-09	3.89592e-08	1.74089e-23
1.2693e-08	4.47607e-08	4.05715e-23
1.16084e-08	4.0111e-08	2.26338e-23
1.17449e-08	4.26777e-08	3.0621e-23
2.97533e-09	2.13388e-08	1.70447e-24
1.07551e-08	3.81721e-08	2.24234e-23
8.09962e-09	3.39638e-08	1.19601e-23
9.62998e-09	3.6547e-08	1.66673e-23
1.11368e-08	3.57067e-08	1.66064e-23
3.91155e-09	1.74231e-08	1.75322e-24
1.0978e-08	3.21266e-08	1.44735e-23
9.22801e-09	3.44078e-08	1.21558e-23
4.4865e-09	3.16506e-08	6.85363e-24
7.41663e-09	4.23205e-08	2.15105e-23
8.40648e-09	3.01777e-08	9.37638e-24
4.15174e-09	1.82735e-08	1.64557e-24
1.49389e-08	4.60972e-08	4.3283e-23
1.61073e-08	3.3058e-08	1.78857e-23
4.64091e-09	3.06765e-08	7.11171e-24
3.74027e-09	1.9086e-08	2.2142e-24
6.99457e-09	4.12305e-08	1.88431e-23
9.21344e-09	1.9086e-08	3.53896e-24
1.54161e-08	4.04876e-08	2.35516e-23
2.93411e-09	9.54302e-09	3.6868e-25
1.28876e-08	3.93469e-08	2.38392e-23
9.04932e-09	3.57067e-08	1.41321e-23
4.33613e-09	2.64234e-08	5.05564e-24
1.05737e-08	3.52791e-08	1.47681e-23
3.30063e-09	2.52485e-08	4.57223e-24
7.75082e-09	3.93469e-08	1.8419e-23
1.36405e-08	3.77724e-08	2.0831e-23
2.47705e-08	4.19604e-08	3.49354e-23
5.74584e-09	4.15971e-08	1.32581e-23
1.03313e-08	3.3514e-08	1.09385e-23
5.68855e-09	3.77724e-08	1.13851e-23
1.10977e-08	3.11674e-08	1.17386e-23
1.23459e-08	2.52485e-08	7.38731e-24
5.1731e-09	3.73684e-08	1.2144e-23
3.19941e-09	1.98654e-08	1.77709e-24
1.00987e-08	3.21266e-08	1.29396e-23
1.08966e-08	4.15971e-08	2.47498e-23
7.84361e-09	3.97308e-08	1.72439e-23
7.10039e-09	3.61293e-08	1.53081e-23
4.30412e-09	3.21266e-08	8.22611e-24
7.01054e-09	3.3514e-08	1.25794e-23
6.32841e-09	3.69599e-08	1.36189e-23
6.8053e-09	3.61293e-08	1.32182e-23
9.00649e-09	4.30319e-08	2.59531e-23
3.81119e-09	1.9086e-08	2.48354e-24
2.78715e-09	1.45772e-08	8.71758e-25
4.23201e-09	3.25956e-08	7.45721e-24
3.27081e-09	2.69917e-08	3.82197e-24
6.589e-09	3.11674e-08	9.12912e-24
4.00896e-09	3.3514e-08	7.2801e-24
1.51751e-08	4.50985e-08	3.65104e-23
1.58551e-08	3.57067e-08	1.99039e-23
1.09086e-08	3.6547e-08	1.34699e-23
4.82571e-09	3.85676e-08	1.25997e-23
2.59658e-09	1.10193e-08	3.22781e-25
2.78886e-09	1.34959e-08	8.83045e-25
3.62467e-09	1.98654e-08	2.78676e-24
3.28992e-09	1.34959e-08	6.22247e-25
5.64384e-09	4.15971e-08	1.60995e-23
4.99029e-09	3.39638e-08	9.56431e-24
2.31137e-09	1.34959e-08	6.88151e-25
3.56067e-09	2.27169e-08	3.52525e-24
4.64809e-09	3.3514e-08	9.14119e-24
2.12596e-09	7.79184e-09	1.12613e-25
7.56936e-09	4.47607e-08	2.34278e-23
2.91525e-09	1.74231e-08	1.43402e-24
1.57818e-08	3.69599e-08	1.96731e-23
3.13087e-09	1.6529e-08	1.3957e-24
2.71398e-09	1.10193e-08	4.61145e-25
2.43005e-09	1.232e-08	3.76234e-25
5.10492e-09	3.81721e-08	1.19617e-23
1.6699e-08	4.04876e-08	2.69952e-23
6.35192e-09	4.30319e-08	1.65688e-23
4.63735e-09	3.57067e-08	1.04614e-23
4.05097e-09	3.01777e-08	5.65143e-24
4.10127e-09	2.33755e-08	4.41181e-24
7.44022e-09	3.81721e-08	1.79234e-23
1.73971e-08	3.69599e-08	2.23419e-23
6.86478e-09	3.16506e-08	9.4078e-24
3.85995e-09	3.06765e-08	6.20693e-24
3.22733e-09	2.06153e-08	3.03769e-24
1.07556e-08	3.52791e-08	1.47595e-23
4.63403e-09	3.3058e-08	8.2951e-24
5.92999e-09	3.21266e-08	9.98047e-24
3.67364e-09	3.48462e-08	7.7063e-24
7.76112e-09	3.93469e-08	1.53812e-23
9.25022e-09	3.69599e-08	1.51348e-23
4.3763e-09	3.3058e-08	9.71841e-24
3.40334e-09	2.06153e-08	2.93527e-24
1.09478e-08	2.80939e-08	7.68732e-24
1.26536e-08	5.95961e-08	8.91991e-23
1.02252e-08	4.44203e-08	3.03302e-23
8.47079e-09	4.54339e-08	2.99535e-23
3.6845e-09	2.464e-08	4.71363e-24
6.23374e-09	3.93469e-08	1.64597e-23
1.51187e-08	4.19604e-08	3.15841e-23
4.59152e-09	3.6547e-08	1.16441e-23
4.78258e-09	4.12305e-08	1.43918e-23
5.96491e-09	3.69599e-08	1.41197e-23
3.56638e-09	2.20387e-08	2.64149e-24
2.49538e-09	1.232e-08	4.97823e-25
1.00979e-08	4.19604e-08	2.51722e-23
3.79836e-09	1.10193e-08	6.39847e-25
2.93442e-09	1.6529e-08	1.2279e-24
5.40033e-09	3.25956e-08	8.42397e-24
3.56501e-09	2.96704e-08	5.53718e-24
3.75478e-09	2.86291e-08	5.23782e-24
1.44876e-08	4.60972e-08	3.84394e-23
3.76342e-09	2.64234e-08	5.24248e-24
6.03527e-09	3.39638e-08	1.0274e-23
8.38413e-09	3.3058e-08	1.14589e-23
3.54092e-09	2.75483e-08	4.22464e-24
3.00753e-09	1.10193e-08	6.14266e-25
3.66413e-09	1.82735e-08	2.15443e-24
5.63706e-09	2.91544e-08	7.1143e-24
4.67606e-09	3.77724e-08	1.09428e-23
4.49102e-09	2.69917e-08	5.46005e-24
4.5679e-09	3.21266e-08	9.11274e-24
5.42178e-09	2.20387e-08	3.88878e-24
4.12743e-09	2.52485e-08	4.39672e-24
1.4216e-08	4.12305e-08	2.66251e-23
1.0134e-08	5.67255e-08	6.63576e-23
1.1664e-08	4.15971e-08	2.82053e-23
3.27464e-09	1.10193e-08	6.7311e-25
7.12792e-09	4.08608e-08	1.66667e-23
5.61324e-09	2.91544e-08	6.99589e-24
1.10534e-08	4.98921e-08	4.31375e-23
2.3438e-09	1.34959e-08	5.37895e-25
1.43389e-09	1.82735e-08	1.64067e-25
3.48232e-09	1.82735e-08	1.5981e-24
3.85468e-09	2.06153e-08	1.88006e-24
1.55654e-08	5.75226e-08	8.09186e-23
1.68994e-08	4.08608e-08	2.71797e-23
3.04375e-09	1.98654e-08	1.9812e-24
3.2536e-09	2.06153e-08	2.34577e-24
6.73557e-09	4.23205e-08	1.9098e-23
1.06303e-08	3.89592e-08	1.87842e-23
2.91145e-09	1.55837e-08	1.08985e-24
4.50329e-09	3.97308e-08	1.26723e-23
2.55702e-09	1.6529e-08	8.49015e-25
4.2228e-09	3.85676e-08	1.13295e-23
3.52718e-09	2.464e-08	3.87694e-24
3.90084e-09	2.80939e-08	5.13466e-24
3.7668e-09	2.52485e-08	5.13417e-24
4.45305e-09	4.0111e-08	1.20479e-23
4.5796e-09	3.3514e-08	8.09152e-24
3.40024e-09	2.58426e-08	4.92195e-24
2.75956e-09	1.34959e-08	7.57759e-25
4.84266e-09	3.3058e-08	7.8606e-24
3.29339e-09	2.69917e-08	5.03845e-24
4.27753e-09	2.69917e-08	4.84268e-24
5.39608e-09	4.30319e-08	1.92679e-23
1.87547e-08	4.9587e-08	5.54461e-23
2.7368e-09	1.232e-08	6.1002e-25
5.38931e-09	4.0111e-08	1.6157e-23
5.20846e-09	3.3514e-08	9.70441e-24
3.84703e-09	2.20387e-08	3.39613e-24
4.52221e-09	3.06765e-08	6.32459e-24
3.34804e-09	1.98654e-08	2.02077e-24
4.27082e-09	3.77724e-08	1.09244e-23
1.41178e-08	3.97308e-08	2.20229e-23
9.42591e-09	3.44078e-08	1.32651e-23
3.9629e-09	3.01777e-08	6.19941e-24
3.44776e-09	1.82735e-08	1.44063e-24
1.32523e-08	3.3058e-08	1.2216e-23
4.98247e-09	3.44078e-08	9.5102e-24
1.48564e-08	4.0111e-08	2.42621e-23
2.48064e-09	7.79184e-09	1.16707e-25
9.91398e-09	2.96704e-08	9.48166e-24
1.12247e-08	3.77724e-08	1.66125e-23
4.63621e-09	2.80939e-08	5.74987e-24
3.88155e-09	2.58426e-08	4.71461e-24
1.18892e-08	4.15971e-08	2.27073e-23
5.56361e-09	3.77724e-08	1.22894e-23
6.51333e-09	3.21266e-08	8.88227e-24
4.76058e-09	4.26777e-08	1.69414e-23
2.91962e-09	2.13388e-08	2.53087e-24
1.9536e-09	5.50966e-09	2.34008e-26
3.63454e-09	2.86291e-08	5.66878e-24
2.22936e-09	9.54302e-09	2.46497e-25
6.70053e-09	3.89592e-08	1.66103e-23
1.00434e-08	3.01777e-08	9.32212e-24
7.20347e-09	2.80939e-08	9.2026e-24
1.29568e-08	4.57667e-08	3.5525e-23
4.51963e-09	3.01777e-08	7.46802e-24
4.25715e-09	3.73684e-08	1.13662e-23
2.65562e-09	1.45772e-08	7.47839e-25
2.74763e-09	1.55837e-08	1.48764e-24
8.26318e-09	3.93469e-08	2.00943e-23
2.79048e-09	1.45772e-08	9.67862e-25
3.50886e-09	2.06153e-08	2.75749e-24
4.56882e-09	3.61293e-08	1.11649e-23
7.45201e-09	3.69599e-08	1.43715e-23
4.57933e-09	3.77724e-08	1.02503e-23
1.04154e-08	3.44078e-08	1.24655e-23
1.83251e-08	3.93469e-08	2.35917e-23
1.05742e-08	4.30319e-08	2.71866e-23
6.63848e-09	3.61293e-08	1.33085e-23
1.07879e-08	3.52791e-08	1.6476e-23
9.28462e-09	3.6547e-08	1.83282e-23
4.34264e-09	3.3514e-08	9.15075e-24
6.60178e-09	4.50985e-08	2.46535e-23
1.02014e-08	4.30319e-08	2.90964e-23
1.60178e-08	4.08608e-08	2.7346e-23
8.09924e-09	4.80321e-08	2.97231e-23
1.57107e-08	5.53714e-08	6.61945e-23
5.70292e-09	3.57067e-08	1.16286e-23
5.16237e-09	3.16506e-08	7.84448e-24
8.30321e-09	3.25956e-08	1.13178e-23
5.96473e-09	3.69599e-08	1.19184e-23
3.48104e-09	1.74231e-08	1.38509e-24
1.19531e-09	9.54302e-09	1.68176e-26
1.63384e-08	3.97308e-08	2.95887e-23
3.47059e-09	2.27169e-08	3.31255e-24
3.35826e-09	2.464e-08	3.12472e-24
3.55857e-09	2.27169e-08	2.75849e-24
3.59607e-09	2.64234e-08	3.47783e-24
3.1943e-09	1.55837e-08	1.37824e-24
4.90755e-09	2.58426e-08	5.15452e-24
3.86026e-09	2.40161e-08	3.0654e-24
3.80772e-09	2.80939e-08	5.33182e-24
1.7697e-08	3.77724e-08	2.1265e-23
4.20527e-09	3.57067e-08	1.03897e-23
4.74074e-09	2.86291e-08	5.28779e-24
3.64082e-09	2.40161e-08	3.26924e-24
2.78786e-09	1.74231e-08	1.36288e-24
3.07775e-09	1.45772e-08	1.13309e-24
1.0505e-08	4.30319e-08	2.93361e-23
4.88017e-09	3.25956e-08	7.50245e-24
1.05058e-08	3.85676e-08	1.87452e-23
2.48964e-09	1.45772e-08	1.03333e-24
8.25533e-09	3.97308e-08	1.62697e-23
4.10104e-09	3.11674e-08	6.93252e-24
4.02877e-09	2.75483e-08	4.83751e-24
1.16454e-08	3.73684e-08	1.70299e-23
2.27144e-09	7.79184e-09	1.16547e-25
4.55558e-09	3.81721e-08	1.08874e-23
1.41285e-08	4.04876e-08	2.22988e-23
2.75577e-09	1.45772e-08	7.52845e-25
3.37937e-09	2.75483e-08	4.85975e-24
1.32118e-08	3.25956e-08	1.49759e-23
1.17602e-08	3.93469e-08	2.02982e-23
5.85196e-09	3.97308e-08	1.58256e-23
1.62407e-08	3.48462e-08	1.68585e-23
3.27478e-09	2.464e-08	3.48008e-24
9.22235e-09	4.15971e-08	2.3134e-23
4.88393e-09	2.64234e-08	5.17191e-24
2.46801e-09	1.45772e-08	7.14505e-25
6.53234e-09	4.44203e-08	2.44489e-23
1.35675e-08	4.15971e-08	2.49982e-23
7.71768e-09	3.81721e-08	1.5017e-23
4.37195e-09	2.75483e-08	5.12469e-24
1.58818e-08	4.40773e-08	3.23847e-23
4.97586e-09	4.23205e-08	1.47048e-23
3.76964e-09	1.98654e-08	1.97839e-24
4.99156e-09	4.50985e-08	1.76935e-23
1.15441e-08	3.06765e-08	1.13849e-23
6.96685e-09	3.97308e-08	1.74915e-23
8.88567e-09	5.25588e-08	4.28706e-23
4.88193e-09	3.44078e-08	9.04066e-24
4.46122e-09	1.9086e-08	2.70377e-24
3.16279e-09	2.27169e-08	2.47847e-24
9.47284e-09	2.75483e-08	5.53992e-24
9.36774e-09	2.96704e-08	3.448e-24
3.42257e-09	2.69917e-08	4.38567e-24
4.95414e-09	2.91544e-08	6.6695e-24
3.15677e-09	2.27169e-08	2.42346e-24
3.62396e-09	2.464e-08	2.86868e-24
4.30948e-09	3.16506e-08	8.2525e-24
1.12879e-08	3.3058e-08	1.1618e-23
4.98876e-09	3.93469e-08	1.19275e-23
1.53582e-08	3.44078e-08	1.47659e-23
3.45016e-09	2.52485e-08	3.8142e-24
8.95741e-09	3.6547e-08	1.67337e-23
1.0284e-08	3.57067e-08	1.64295e-23
1.44193e-08	3.6547e-08	1.94495e-23
4.36694e-09	2.52485e-08	3.88659e-24
4.13255e-09	2.33755e-08	3.49778e-24
3.86306e-09	1.10193e-08	6.30391e-25
4.06908e-09	2.52485e-08	4.89019e-24
1.09277e-08	3.25956e-08	1.34841e-23
4.15048e-09	3.11674e-08	7.16589e-24
4.93061e-09	3.44078e-08	1.05738e-23
5.62171e-09	3.93469e-08	1.45447e-23
5.32848e-09	3.52791e-08	1.05313e-23
3.91945e-09	2.58426e-08	4.6175e-24
3.55946e-09	1.74231e-08	2.13786e-24
4.02318e-09	1.9086e-08	2.17014e-24
2.57597e-09	1.232e-08	5.77757e-25
2.52846e-09	9.54302e-09	9.03976e-26
