#Acq. time (s)=	15
#Accumulations=	2
#Range (cm-¹)=	10...600
#Windows=	1
#Auto scanning=	Off
#Autofocus=	Off
#SWIFT=	Off
#Macrospot=	Off
#AutoExposure=	Off
#Spike filter=	Multiple accum.
#Delay time (s)=	0
#Binning=	1
#Readout mode=	Signal
#DeNoise=	Off
#ICS correction=	Off
#Dark correction=	Off
#Inst. Process=	Off
#Detector Gain=	Best Dynamic Range
#Detector ADC=	45 kHz       
#Detector temperature (°C)=	-60.1
#Instrument=	LabRAM Soleil
#Detector=	Syncerity
#Objective=	100x BD
#Grating=	1800 (500nm)
#ND Filter=	10% (6.0mW)
#Laser=	532nm_Edge
#Hole (µm)=	50 
#Laser mode=	Low frequency
#E-Cal_Neon=	0
#StageXY=	75x50mm Scan+
#StageZ=	Marzhauser
#X (µm)=	-12.55
#Y (µm)=	14.5
#Z (µm)=	-2.6
#Spectral res.(cm-¹)=	2.7
#Full time(mm:ss)=	2:36
#AC=	Calibrated 2026-06-13 10:52
#Project=	Raman_Soleil-MBE2-260612C-EW
#Sample=	edge
#Site=	
#Title=	_11_10_04_2026_06_13_2_15 s_532nm_Edge_1800 (500nm)_100x BD_50 µm_10% (6_0mW)_
#Remark=	
#Date=	13.06.2026 11:10
#Acquired=	13.06.2026 11:10:19
#AxisType[0]=Intens
#AxisUnit[0]=Cnt
#AxisType[1]=Spectr
#AxisUnit[1]=1/cm
#AxisType[2]=Points
#AxisUnit[2]=
	11.7768	13.0146	14.25	15.4853	16.7205	17.9554	19.1902	20.4249	21.6593	22.8937	24.1278	25.3596	26.5935	27.8271	29.0606	30.294	31.525	32.758	33.9909	35.2214	36.454	37.6863	38.9164	40.1485	41.3782	42.6099	43.8393	45.0707	46.2998	47.5288	48.7597	49.9883	51.2167	52.4472	53.6753	54.9033	56.1311	57.3587	58.5883	59.8157	61.0428	62.2698	63.4967	64.7233	65.9499	67.1762	68.4024	69.6263	70.8522	72.0779	73.3035	74.5289	75.752	76.977	78.2019	79.4267	80.6491	81.8736	83.0957	84.3198	85.5416	86.7654	87.9869	89.2104	90.4316	91.6547	92.8756	94.0963	95.319	96.5394	97.7596	98.9796	100.202	101.421	102.641	103.86	105.08	106.299	107.518	108.737	109.955	111.174	112.392	113.61	114.828	116.046	117.261	118.479	119.696	120.914	122.128	123.345	124.562	125.777	126.993	128.207	129.423	130.637	131.853	133.066	134.282	135.495	136.708	137.923	139.136	140.348	141.563	142.775	143.987	145.199	146.411	147.622	148.834	150.045	151.256	152.467	153.678	154.888	156.099	157.309	158.519	159.73	160.939	162.147	163.357	164.566	165.773	166.982	168.191	169.398	170.606	171.813	173.021	174.227	175.435	176.641	177.848	179.054	180.259	181.466	182.671	183.876	185.081	186.285	187.491	188.696	189.9	191.103	192.307	193.511	194.714	195.917	197.12	198.323	199.526	200.729	201.929	203.131	204.333	205.535	206.735	207.937	209.138	210.337	211.539	212.738	213.938	215.137	216.338	217.536	218.736	219.934	221.132	222.332	223.529	224.727	225.926	227.123	228.32	229.517	230.714	231.91	233.106	234.302	235.498	236.694	237.89	239.086	240.281	241.476	242.671	243.866	245.059	246.253	247.448	248.64	249.834	251.028	252.22	253.414	254.605	255.799	256.99	258.183	259.374	260.566	261.757	262.947	264.14	265.33	266.52	267.709	268.899	270.09	271.28	272.469	273.658	274.847	276.035	277.224	278.412	279.601	280.789	281.974	283.162	284.35	285.537	286.725	287.91	289.097	290.284	291.468	292.655	293.839	295.025	296.209	297.395	298.579	299.765	300.948	302.131	303.316	304.499	305.682	306.865	308.049	309.232	310.414	311.596	312.778	313.96	315.141	316.323	317.504	318.685	319.866	321.047	322.228	323.406	324.586	325.767	326.947	328.125	329.304	330.484	331.661	332.841	334.018	335.197	336.374	337.552	338.729	339.907	341.083	342.259	343.437	344.613	345.789	346.964	348.14	349.317	350.492	351.667	352.841	354.016	355.19	356.364	357.539	358.713	359.884	361.058	362.231	363.405	364.578	365.749	366.922	368.095	369.265	370.438	371.608	372.78	373.95	375.122	376.291	377.463	378.632	379.801	380.973	382.141	383.31	384.479	385.649	386.818	387.986	389.154	390.322	391.489	392.657	393.824	394.992	396.159	397.326	398.493	399.659	400.824	401.99	403.156	404.322	405.486	406.652	407.816	408.981	410.146	411.31	412.475	413.637	414.8	415.965	417.127	418.289	419.454	420.615	421.777	422.939	424.103	425.264	426.425	427.586	428.747	429.908	431.069	432.229	433.389	434.55	435.71	436.867	438.027	439.187	440.346	441.504	442.663	443.822	444.979	446.137	447.294	448.452	449.608	450.767	451.923	453.08	454.236	455.392	456.549	457.704	458.859	460.014	461.169	462.326	463.48	464.634	465.789	466.943	468.097	469.25	470.404	471.555	472.709	473.862	475.015	476.168	477.319	478.471	479.624	480.774	481.926	483.076	484.228	485.378	486.529	487.679	488.83	489.979	491.128	492.279	493.427	494.576	495.726	496.875	498.023	499.171	500.319	501.466	502.614	503.761	504.908	506.055	507.202	508.349	509.496	510.64	511.787	512.933	514.079	515.223	516.369	517.512	518.658	519.803	520.946	522.089	523.234	524.377	525.522	526.664	527.807	528.951	530.093	531.235	532.376	533.518	534.662	535.803	536.944	538.085	539.226	540.367	541.507	542.646	543.786	544.926	546.066	547.206	548.344	549.484	550.623	551.76	552.9	554.039	555.176	556.314	557.451	558.587	559.726	560.862	562	563.136	564.271	565.407	566.545	567.68	568.815	569.95	571.085	572.22	573.354	574.489	575.623	576.757	577.891	579.025	580.157	581.291	582.424	583.557	584.689	585.822	586.955	588.085	589.218	590.348	591.481	592.611	593.743	594.873	596.003	597.134	598.264	599.393
1	50	54	48	44	46	48	54	52	62	76	100	114	132	134	164	218	282	402	386	242	136	94	114	102	96	80	100	108	112	106	106	106	108	106	126	140	136	124	136	144	176	168	188	178	194	246	282	366	424	464	298	216	154	160	150	134	140	142	164	158	162	148	148	164	182	190	198	210	208	232	206	230	216	236	230	230	218	202	232	216	212	196	198	198	186	192	192	188	194	200	186	198	192	200	170	186	170	168	154	146	126	120	102	106	104	104	98	92	82	90	96	98	88	92	102	112	122	130	114	114	108	100	90	80	82	82	90	84	78	84	80	76	76	80	84	80	76	86	78	78	76	76	76	66	82	74	86	80	78	72	76	66	72	72	64	64	72	68	76	64	66	68	72	58	70	62	62	66	64	70	68	62	64	54	64	66	64	62	64	64	60	60	64	64	60	58	58	58	62	66	66	62	62	62	68	66	62	56	60	60	62	64	60	56	74	56	60	66	62	56	58	60	62	62	60	44	62	62	66	62	58	58	48	60	64	60	58	56	56	58	56	56	60	60	58	60	56	56	56	54	52	60	54	62	46	60	62	62	54	52	52	58	54	50	58	58	52	52	52	56	56	58	50	56	62	50	54	52	62	50	54	56	58	54	60	64	52	60	58	50	52	56	54	56	58	62	56	54	60	54	54	58	54	56	56	58	54	50	48	58	52	56	50	52	56	68	70	74	74	68	54	52	56	48	58	58	52	50	50	50	54	56	52	54	46	46	56	50	50	48	56	56	54	60	64	58	56	62	88	128	152	108	70	58	58	56	54	52	56	62	70	64	60	62	60	52	56	54	56	52	48	54	54	52	54	58	64	48	50	62	52	56	50	48	46	54	46	58	56	54	52	42	54	52	56	54	52	58	46	54	48	48	58	56	50	54	48	44	54	50	52	58	48	52	48	52	48	48	48	48	48	50	52	52	54	50	52	48	52	52	60	54	52	50	52	52	56	50	52	48	56	48	46	44	46	54	44	54	54	52	54	56	54	48	52	54	58	52	52	56	52	50	58	52	56	52	50	48	48	50	46	50	54	56	54	46	56	54	52	54	52	50	48	56	54	56	58	62	66	64	64	56	46	48	56	60	52	58	50	56	50	56	52	58	50	44	56	48
2	64	54	50	44	50	46	50	48	64	80	100	116	124	144	166	222	276	400	430	250	142	120	114	114	94	108	96	110	106	106	108	96	122	126	130	128	130	128	152	150	172	198	182	194	200	248	274	350	458	450	320	222	160	160	158	142	132	142	150	172	164	174	168	176	184	190	208	214	222	244	254	240	252	248	254	260	232	270	250	246	232	216	204	202	194	206	192	200	210	216	210	220	214	190	196	186	180	178	158	154	126	132	120	108	118	104	110	98	100	96	92	92	104	100	114	120	128	134	134	120	114	98	92	88	90	88	88	78	78	86	78	80	74	74	78	74	82	76	82	80	74	80	76	84	84	86	82	86	76	78	72	78	80	76	72	64	66	64	76	62	72	64	72	70	70	76	62	64	64	70	66	72	62	68	58	68	64	72	60	64	62	66	68	68	66	66	70	60	72	66	56	70	70	60	56	58	64	64	62	64	58	62	60	58	62	64	62	62	64	54	62	60	60	64	56	56	58	60	58	62	54	60	60	58	62	54	58	60	56	54	56	54	60	68	58	56	56	64	58	50	56	60	64	58	60	62	54	52	62	56	56	54	62	60	54	58	54	60	54	60	52	54	54	56	54	56	62	58	62	54	58	54	62	54	62	52	54	56	50	54	56	54	50	52	56	60	50	62	58	56	56	60	60	60	52	58	54	58	58	54	52	46	58	56	62	66	78	92	70	62	56	64	58	50	56	64	52	54	56	50	58	50	50	60	54	54	46	46	56	54	58	58	58	50	54	54	66	72	96	138	158	106	82	54	56	58	58	58	52	58	60	68	68	52	60	52	46	54	64	58	58	52	54	52	50	56	58	58	60	56	50	52	58	50	48	54	48	50	48	58	56	54	48	54	50	58	52	50	52	56	50	56	56	56	46	52	48	58	54	50	52	46	54	50	48	48	52	54	48	54	54	56	52	52	58	46	50	48	54	54	58	56	62	52	50	52	52	52	42	50	50	56	50	54	56	56	54	52	50	54	54	56	52	50	58	54	48	46	54	58	44	48	56	60	46	54	48	52	50	56	52	54	54	58	56	56	50	44	54	56	54	54	56	54	54	48	54	58	68	60	58	50	58	52	50	46	50	50	50	52	52	50	52	54	50	48	56	50
3	66	62	54	46	46	46	50	52	66	76	100	112	116	134	168	204	254	358	388	240	128	120	118	102	104	96	104	118	120	102	102	122	122	122	130	140	130	140	140	154	168	202	202	188	212	244	296	336	416	406	320	216	184	176	152	156	132	142	154	162	186	158	160	162	180	188	212	222	240	234	228	234	244	252	254	242	248	232	252	244	232	198	198	184	194	196	188	200	174	204	200	188	186	182	180	166	176	166	154	136	128	114	108	112	104	110	104	100	92	94	98	88	104	98	108	120	134	114	116	114	112	90	94	80	82	82	90	80	84	82	68	80	82	72	82	76	84	78	78	68	70	88	80	80	78	78	80	80	84	78	76	84	74	68	74	62	74	70	70	70	70	72	66	64	60	74	72	72	66	66	68	64	66	66	56	64	66	68	64	62	72	64	56	70	72	58	64	66	66	58	64	62	68	62	66	64	62	70	64	58	64	62	66	68	62	64	62	60	60	64	66	60	58	70	62	62	56	56	64	64	62	60	58	62	60	56	54	60	60	60	56	66	56	56	64	62	56	54	58	56	58	60	58	56	58	54	58	66	56	60	56	56	62	56	60	54	52	56	58	56	56	60	54	56	50	52	60	58	56	60	54	58	56	56	56	48	58	56	56	52	54	56	56	56	46	48	50	60	60	58	50	52	58	52	56	60	48	50	52	56	50	62	50	56	56	58	76	92	80	68	60	54	54	54	56	60	54	46	56	52	54	50	54	50	56	58	50	54	56	56	52	60	56	58	54	54	62	70	100	130	146	126	82	62	62	46	60	50	58	56	62	74	60	56	62	56	50	58	58	52	52	52	52	52	52	56	58	62	58	50	64	54	56	48	52	56	50	52	54	52	54	56	48	48	46	58	62	54	50	54	50	52	46	48	54	48	52	58	50	48	50	52	44	52	52	50	50	56	46	54	54	58	48	50	56	50	56	54	58	44	48	52	54	50	56	46	50	52	52	48	56	52	52	56	58	56	50	48	54	52	54	46	52	46	50	56	56	58	58	52	50	50	52	52	56	52	60	50	52	52	44	50	52	52	50	58	44	58	60	62	58	52	52	54	48	58	64	60	70	72	54	42	54	52	52	48	56	52	54	54	52	54	48	56	62	52	50	56
4	60	60	56	52	44	52	46	56	66	78	110	128	154	158	194	224	338	436	478	266	148	128	122	106	106	100	102	116	116	112	120	118	122	126	138	148	130	132	156	174	194	206	176	190	218	252	332	396	480	504	338	224	194	168	166	156	142	158	160	162	174	168	170	186	190	210	224	258	230	248	248	254	266	278	270	276	260	272	266	276	248	234	224	236	228	214	238	210	228	228	218	244	234	212	196	196	180	186	170	158	142	144	132	120	114	110	114	106	104	96	100	102	104	104	124	128	148	132	134	120	112	94	104	92	104	92	82	86	96	80	82	86	82	78	78	86	80	80	84	72	84	82	74	78	90	88	86	90	86	78	78	72	72	80	80	70	74	64	68	74	70	72	70	76	74	66	72	68	72	68	70	68	66	72	70	64	68	70	66	66	66	68	62	60	64	66	66	68	62	66	62	64	60	68	58	60	64	64	60	64	60	62	66	64	68	62	60	56	62	66	62	58	68	60	62	66	64	70	60	62	60	58	58	56	60	64	62	62	62	64	58	64	66	64	62	58	60	50	60	58	54	62	62	64	62	56	56	58	62	56	60	64	54	54	54	64	62	58	52	60	60	58	64	54	58	52	58	56	60	58	64	56	60	56	52	60	54	60	58	58	52	58	56	48	50	56	56	56	54	56	60	54	58	60	54	58	48	56	56	52	54	56	54	52	62	64	90	88	72	60	56	58	52	60	52	52	60	56	58	58	54	56	58	56	54	60	58	52	50	66	56	60	52	62	62	68	56	74	94	144	156	124	80	62	60	56	60	64	56	64	68	70	66	64	58	56	52	56	56	54	54	60	58	50	50	52	64	64	58	58	54	52	56	54	48	52	56	46	54	52	50	56	56	58	58	58	52	56	52	56	58	58	56	54	60	52	54	52	52	50	56	58	52	54	54	54	52	58	50	48	44	48	58	60	56	48	50	46	56	50	52	54	52	54	48	52	54	58	60	48	46	56	58	56	56	58	54	54	52	54	52	54	48	54	54	50	56	56	56	56	54	62	56	52	54	46	54	54	48	48	54	48	50	52	58	50	46	52	42	56	54	60	58	56	52	60	62	56	64	72	58	54	42	56	52	52	52	58	40	54	48	52	62	54	46	50	52	54
5	64	54	42	48	50	50	46	50	68	82	94	118	138	136	180	234	316	414	436	274	154	114	118	110	98	100	122	122	120	88	116	120	118	134	134	128	134	134	144	170	176	208	186	196	210	252	290	384	454	472	334	224	180	188	164	154	144	150	158	170	166	186	174	190	194	204	228	226	252	246	254	272	276	270	268	252	262	254	246	252	214	220	206	196	198	210	212	218	226	208	226	214	212	224	190	188	176	170	172	158	146	138	126	124	114	106	118	106	108	98	102	100	102	100	110	134	132	146	130	118	114	90	100	98	86	86	86	80	82	84	90	74	84	78	74	88	78	86	90	84	82	76	90	86	82	82	82	82	86	86	84	78	76	82	70	74	68	70	68	74	70	70	72	64	82	66	70	78	78	70	80	66	72	76	70	68	68	60	62	70	70	68	68	70	70	76	66	58	70	70	68	66	62	60	66	70	70	56	66	64	58	66	56	72	62	62	60	56	62	66	68	58	70	62	60	56	66	62	60	64	60	60	54	58	56	64	62	66	62	62	60	62	54	56	60	56	60	64	58	64	66	58	56	58	64	52	52	60	56	60	62	54	62	56	52	60	68	54	54	56	54	60	52	58	56	66	60	62	58	60	58	52	54	54	56	54	50	52	60	56	58	58	56	60	52	56	50	56	50	64	50	58	52	56	52	58	58	58	56	56	54	58	52	56	64	68	84	86	74	66	58	50	50	58	54	56	52	60	60	54	56	54	60	50	48	58	54	52	50	52	52	56	56	56	64	62	66	70	100	148	156	116	82	60	58	58	62	58	52	58	68	72	66	58	62	50	58	54	52	60	54	62	62	58	54	58	60	64	58	56	52	54	48	60	48	64	56	56	52	58	50	50	54	58	60	52	52	50	50	52	50	56	52	56	48	44	52	60	60	54	60	52	52	52	66	52	52	56	56	58	58	48	54	54	52	54	54	54	58	54	52	54	54	54	56	52	52	56	52	54	52	56	60	48	50	54	52	56	52	56	52	60	64	46	54	46	54	50	54	48	56	52	54	58	50	50	54	52	56	54	52	48	50	50	52	58	62	48	52	52	58	54	58	50	58	54	52	64	58	66	58	60	58	52	62	54	54	58	50	52	52	52	48	44	54	56	56	54
