#	z_max	r_eq	V_L
3.36872e-09	1.34959e-08	9.89677e-25
6.96816e-09	2.52485e-08	7.14312e-24
5.85823e-09	3.44078e-08	1.11062e-23
1.00079e-08	1.6529e-08	2.58288e-24
5.34864e-09	3.11674e-08	9.49168e-24
3.59119e-09	2.96704e-08	6.29609e-24
4.63652e-09	2.06153e-08	3.47376e-24
8.92514e-09	1.45772e-08	2.24237e-24
6.76808e-09	3.52791e-08	1.16589e-23
3.79956e-09	1.74231e-08	1.90579e-24
6.23951e-09	3.48462e-08	1.1422e-23
4.48687e-09	1.82735e-08	2.36398e-24
7.51512e-09	2.06153e-08	3.86045e-24
5.42078e-09	3.01777e-08	8.14758e-24
1.34977e-08	5.19781e-08	3.76127e-23
4.54093e-09	2.52485e-08	5.15026e-24
5.81931e-09	3.39638e-08	1.06339e-23
4.57883e-09	2.64234e-08	6.2497e-24
4.93219e-09	3.16506e-08	8.66199e-24
4.60227e-09	2.52485e-08	4.76519e-24
9.14209e-09	3.97308e-08	1.74666e-23
5.1657e-09	2.52485e-08	3.72072e-24
4.82163e-09	3.3058e-08	6.25501e-24
1.15332e-08	3.57067e-08	1.48379e-23
5.22119e-09	2.40161e-08	3.58217e-24
6.23261e-09	3.11674e-08	7.95229e-24
6.20947e-09	3.25956e-08	1.00573e-23
5.73062e-09	2.58426e-08	5.83477e-24
9.93078e-09	3.85676e-08	1.67967e-23
3.48705e-09	1.6529e-08	1.49497e-24
8.17868e-09	3.01777e-08	7.85902e-24
4.58948e-09	3.3058e-08	8.83291e-24
4.4895e-09	2.69917e-08	5.6397e-24
4.42177e-09	2.464e-08	4.1776e-24
4.84268e-09	3.01777e-08	8.30998e-24
5.74931e-09	2.27169e-08	4.67606e-24
3.30956e-09	1.6529e-08	1.32711e-24
1.43367e-08	3.61293e-08	1.66031e-23
5.84071e-09	2.86291e-08	7.2068e-24
2.9282e-09	7.79184e-09	6.00637e-26
5.73622e-09	3.06765e-08	8.0001e-24
3.63251e-09	1.34959e-08	9.78388e-25
6.94167e-09	3.39638e-08	1.14798e-23
7.41954e-09	3.11674e-08	8.41128e-24
1.5646e-08	4.30319e-08	2.31622e-23
4.36399e-09	2.91544e-08	6.87634e-24
5.83169e-09	2.69917e-08	6.08782e-24
6.59274e-09	2.27169e-08	3.72308e-24
3.12086e-09	1.232e-08	5.92909e-25
6.44675e-09	3.93469e-08	1.3475e-23
5.31373e-09	2.52485e-08	5.10293e-24
1.44988e-08	3.3058e-08	1.41426e-23
5.25403e-09	3.61293e-08	1.22421e-23
7.02199e-09	2.91544e-08	7.85505e-24
8.53042e-09	3.16506e-08	9.87992e-24
1.00063e-08	3.21266e-08	9.72777e-24
5.07296e-09	3.39638e-08	7.71333e-24
6.66057e-09	3.25956e-08	8.84316e-24
6.85308e-09	3.3514e-08	9.77262e-24
1.98042e-08	6.06063e-08	9.53063e-23
6.64113e-09	2.69917e-08	7.54079e-24
8.08852e-09	3.61293e-08	1.30743e-23
3.67742e-09	1.74231e-08	1.58595e-24
4.28375e-09	1.55837e-08	1.23481e-24
9.19112e-09	3.61293e-08	1.12105e-23
9.62001e-09	3.06765e-08	1.06802e-23
1.93393e-09	5.50966e-09	5.29438e-26
6.98649e-09	2.58426e-08	5.26772e-24
3.73266e-09	1.34959e-08	5.63537e-25
2.32978e-09	5.50966e-09	6.59093e-27
1.28044e-08	3.3058e-08	1.13961e-23
3.44882e-09	1.82735e-08	1.90744e-24
-3.83131e-10	5.50966e-09	-7.73537e-26
1.36712e-08	4.47607e-08	1.94384e-23
8.48467e-09	2.80939e-08	7.86254e-24
8.23598e-09	2.75483e-08	5.77743e-24
7.97324e-09	4.23205e-08	2.11259e-23
6.93693e-09	2.75483e-08	6.12912e-24
4.48363e-09	2.40161e-08	4.42598e-24
4.35572e-09	3.25956e-08	8.90316e-24
5.61432e-09	2.91544e-08	6.01689e-24
5.59994e-09	2.91544e-08	7.41524e-24
5.14388e-09	1.9086e-08	2.29001e-24
1.32015e-08	3.48462e-08	1.35951e-23
4.18376e-09	1.9086e-08	3.06906e-24
6.82947e-09	3.57067e-08	1.42329e-23
5.74142e-09	2.27169e-08	4.49802e-24
9.23921e-09	2.96704e-08	8.47963e-24
5.53261e-09	3.3058e-08	9.01234e-24
1.28231e-08	3.81721e-08	1.69476e-23
9.51484e-09	3.61293e-08	1.18203e-23
1.00071e-08	3.16506e-08	9.00933e-24
3.16559e-09	1.232e-08	5.39054e-25
7.55165e-09	2.58426e-08	6.33371e-24
4.15592e-09	2.06153e-08	3.57632e-24
8.0701e-09	3.61293e-08	1.36193e-23
4.48475e-09	3.06765e-08	5.4506e-24
3.86518e-09	1.82735e-08	2.04709e-24
1.62864e-08	4.47607e-08	3.32331e-23
1.28694e-08	4.04876e-08	2.1901e-23
7.09084e-09	3.06765e-08	8.4682e-24
6.73244e-09	2.80939e-08	6.68359e-24
4.84754e-09	2.20387e-08	3.413e-24
8.29404e-09	2.91544e-08	8.9797e-24
6.0984e-09	3.06765e-08	8.36219e-24
7.40229e-09	3.61293e-08	1.27442e-23
5.79847e-09	2.20387e-08	4.60894e-24
6.17936e-09	3.06765e-08	8.47959e-24
1.01705e-08	3.3058e-08	1.07583e-23
4.39193e-09	2.464e-08	4.64543e-24
3.96769e-09	1.55837e-08	1.08957e-24
8.53007e-09	3.39638e-08	1.26126e-23
3.54685e-09	1.74231e-08	1.62428e-24
1.62229e-08	5.45429e-08	6.41393e-23
6.10816e-09	3.81721e-08	1.36948e-23
4.32791e-09	2.33755e-08	4.33479e-24
4.48154e-09	1.98654e-08	3.17517e-24
3.18606e-09	1.55837e-08	1.01244e-24
4.53804e-09	1.9086e-08	3.28802e-24
5.3099e-09	2.75483e-08	6.74913e-24
4.45774e-09	2.20387e-08	4.92481e-24
9.02927e-09	3.21266e-08	1.15438e-23
7.3699e-09	3.11674e-08	8.69421e-24
3.22727e-09	1.55837e-08	1.05638e-24
4.20467e-09	2.464e-08	3.96155e-24
3.67051e-09	2.33755e-08	3.11361e-24
1.35581e-08	3.48462e-08	1.26201e-23
1.87461e-08	4.83471e-08	4.04534e-23
3.94555e-09	2.40161e-08	4.21476e-24
4.22828e-09	2.33755e-08	4.60131e-24
5.67979e-09	2.80939e-08	6.2933e-24
5.73322e-09	1.6529e-08	2.27183e-24
6.13747e-09	3.25956e-08	9.93684e-24
2.93856e-09	1.10193e-08	3.46106e-25
5.62755e-09	3.3058e-08	1.02213e-23
6.95463e-09	2.464e-08	5.49977e-24
4.83202e-09	1.74231e-08	2.98531e-24
8.27913e-09	2.33755e-08	5.96081e-24
5.58332e-09	2.96704e-08	4.37538e-24
1.26981e-08	3.93469e-08	2.07257e-23
5.21872e-09	2.96704e-08	6.63262e-24
4.39477e-09	1.55837e-08	2.07312e-24
1.29076e-08	2.91544e-08	8.34189e-24
3.14349e-09	7.79184e-09	1.22786e-25
9.42004e-09	3.25956e-08	1.19953e-23
2.28842e-10	5.50966e-09	-2.533e-27
5.08373e-09	4.26777e-08	2.00963e-23
8.75786e-09	2.80939e-08	8.49676e-24
6.14743e-09	2.86291e-08	7.7881e-24
4.4844e-09	5.50966e-09	9.11582e-26
5.77277e-09	2.86291e-08	6.10443e-24
4.74889e-09	2.58426e-08	5.98486e-24
5.49908e-09	5.50966e-09	1.85966e-26
7.24646e-09	3.16506e-08	9.66136e-24
2.97348e-09	7.79184e-09	6.25683e-26
4.23657e-09	5.50966e-09	3.21726e-26
3.58502e-09	1.45772e-08	9.30799e-25
7.97331e-09	3.11674e-08	8.76828e-24
-2.53317e-10	5.50966e-09	-6.95801e-26
4.95515e-09	2.40161e-08	4.91288e-24
7.24149e-09	2.33755e-08	4.55928e-24
8.91028e-09	2.96704e-08	8.16716e-24
6.07411e-09	3.06765e-08	8.22595e-24
1.1054e-08	3.93469e-08	1.8487e-23
4.81188e-09	9.54302e-09	-4.76278e-26
4.55435e-09	2.464e-08	3.28524e-24
5.11697e-09	1.34959e-08	2.88545e-25
4.61108e-09	2.27169e-08	3.84848e-24
3.98329e-09	2.13388e-08	2.96362e-24
5.4179e-09	2.75483e-08	4.39766e-24
5.24004e-09	2.40161e-08	1.30245e-24
4.46113e-09	1.82735e-08	2.40743e-24
6.78237e-09	3.73684e-08	1.32844e-23
7.61212e-09	2.75483e-08	6.60937e-24
5.37434e-09	3.21266e-08	8.91612e-24
4.77267e-09	2.64234e-08	4.92345e-24
4.41306e-09	1.9086e-08	2.60467e-24
4.4045e-09	1.6529e-08	1.57146e-24
4.89502e-09	2.80939e-08	6.88103e-24
4.69415e-09	2.86291e-08	5.87917e-24
5.66025e-09	2.75483e-08	4.7938e-24
8.8667e-09	2.91544e-08	9.01838e-24
3.25181e-09	1.34959e-08	6.47393e-25
6.20531e-09	2.80939e-08	7.51474e-24
6.9812e-09	2.96704e-08	8.17428e-24
7.05947e-09	3.73684e-08	1.56334e-23
4.51968e-09	2.75483e-08	4.92505e-24
6.08312e-09	2.464e-08	5.27256e-24
1.56516e-08	4.57667e-08	3.36692e-23
6.86812e-09	3.3058e-08	1.07052e-23
2.05277e-08	5.01954e-08	5.29318e-23
1.157e-08	3.39638e-08	1.25182e-23
3.63301e-09	5.50966e-09	3.92041e-26
5.44538e-09	3.21266e-08	9.94238e-24
9.78173e-09	3.81721e-08	1.71773e-23
9.84596e-09	3.01777e-08	1.23722e-23
9.44953e-09	3.25956e-08	1.07589e-23
5.72574e-09	2.40161e-08	5.79535e-24
6.65315e-09	3.16506e-08	9.36075e-24
4.09185e-09	2.64234e-08	5.33292e-24
1.18024e-08	4.0111e-08	2.23257e-23
3.93722e-09	1.74231e-08	1.60271e-24
5.55075e-09	2.20387e-08	4.14624e-24
1.41108e-08	3.11674e-08	8.26069e-24
3.55347e-09	2.13388e-08	1.65726e-24
6.27437e-09	3.48462e-08	8.84757e-24
8.08358e-09	4.04876e-08	1.39497e-23
6.36838e-09	3.25956e-08	6.53214e-24
7.98808e-09	3.21266e-08	1.05434e-23
6.50754e-09	2.40161e-08	4.7591e-24
3.25513e-09	7.79184e-09	1.25175e-25
4.4363e-09	2.40161e-08	4.10127e-24
5.0123e-09	3.39638e-08	9.78136e-24
1.32207e-08	3.97308e-08	2.1448e-23
4.87773e-09	2.52485e-08	5.49193e-24
8.41712e-09	3.39638e-08	1.26282e-23
6.35405e-09	3.3058e-08	8.66552e-24
5.42859e-09	2.58426e-08	5.48298e-24
4.44893e-09	1.74231e-08	1.73192e-24
5.04262e-09	2.13388e-08	3.65102e-24
5.23873e-09	3.48462e-08	1.23579e-23
1.08517e-08	3.06765e-08	1.37998e-23
7.57614e-09	4.37316e-08	2.63588e-23
6.05094e-09	2.58426e-08	5.80366e-24
7.3468e-09	3.16506e-08	9.07189e-24
7.12633e-09	2.33755e-08	4.88072e-24
8.28965e-09	3.25956e-08	1.14663e-23
9.38028e-09	3.61293e-08	1.53646e-23
1.31772e-08	3.44078e-08	1.42527e-23
1.11211e-08	5.13907e-08	4.33892e-23
5.00356e-09	2.13388e-08	3.5566e-24
7.19819e-09	2.86291e-08	8.39872e-24
9.20405e-09	2.86291e-08	7.97757e-24
6.18229e-09	3.21266e-08	7.06848e-24
5.79118e-09	3.25956e-08	9.28959e-24
3.94839e-09	1.98654e-08	2.47794e-24
4.07086e-09	2.20387e-08	3.63817e-24
5.56559e-09	3.16506e-08	8.31273e-24
7.53962e-09	2.75483e-08	7.23126e-24
4.56684e-09	2.27169e-08	3.59739e-24
6.37289e-09	3.57067e-08	1.16366e-23
5.38211e-09	2.20387e-08	4.31985e-24
1.08416e-08	4.47607e-08	2.10736e-23
8.44537e-09	2.96704e-08	7.48577e-24
1.04564e-08	3.16506e-08	9.74641e-24
8.60572e-09	3.11674e-08	8.51975e-24
5.33249e-09	2.64234e-08	4.97098e-24
1.05685e-08	3.01777e-08	8.21252e-24
9.871e-09	2.86291e-08	7.31603e-24
6.8522e-09	3.01777e-08	8.58629e-24
3.28611e-09	1.10193e-08	4.4801e-25
3.71357e-09	7.79184e-09	1.80483e-25
2.85219e-09	1.10193e-08	2.39957e-25
5.7835e-09	3.01777e-08	7.04688e-24
3.40452e-09	1.232e-08	5.19257e-25
4.83228e-09	2.13388e-08	3.60724e-24
9.46954e-09	3.44078e-08	1.08761e-23
5.18176e-09	3.3514e-08	8.62301e-24
1.14654e-08	3.93469e-08	2.07292e-23
4.51508e-09	1.98654e-08	3.47631e-24
7.47208e-09	3.3058e-08	1.02792e-23
6.79776e-09	3.69599e-08	1.24941e-23
2.93083e-09	1.34959e-08	4.68967e-25
1.00426e-08	2.91544e-08	8.0639e-24
5.33145e-09	2.06153e-08	3.80068e-24
7.07483e-09	4.50985e-08	2.74162e-23
6.50406e-09	3.01777e-08	1.02333e-23
9.72782e-09	5.34182e-08	4.54912e-23
1.21494e-08	3.97308e-08	1.92015e-23
4.91332e-09	2.06153e-08	3.29555e-24
9.8357e-09	2.58426e-08	6.19744e-24
9.257e-09	2.69917e-08	6.86054e-24
4.30427e-09	2.64234e-08	4.53273e-24
4.58961e-09	2.40161e-08	5.06406e-24
5.07421e-09	2.33755e-08	5.10734e-24
4.96133e-09	2.58426e-08	5.30585e-24
3.77295e-09	1.34959e-08	9.71763e-25
6.37425e-09	4.54339e-08	2.51207e-23
3.17392e-09	1.45772e-08	7.85506e-25
5.51278e-09	3.48462e-08	1.16708e-23
6.11991e-09	2.52485e-08	5.83712e-24
4.28561e-09	2.13388e-08	3.49015e-24
8.01144e-09	3.25956e-08	1.14954e-23
6.53157e-09	2.75483e-08	7.35642e-24
7.64755e-09	3.16506e-08	9.17242e-24
5.54373e-09	3.52791e-08	1.13646e-23
7.41852e-09	3.3058e-08	9.01458e-24
4.04296e-09	2.33755e-08	4.39375e-24
5.83219e-09	3.48462e-08	9.81855e-24
6.15668e-09	3.39638e-08	8.3082e-24
8.28075e-09	3.06765e-08	8.75721e-24
7.29334e-09	3.44078e-08	1.14966e-23
7.37297e-09	3.11674e-08	9.12428e-24
4.54693e-09	1.82735e-08	2.34481e-24
1.01959e-08	3.11674e-08	9.36169e-24
4.90108e-09	3.3514e-08	8.7895e-24
3.62001e-09	7.79184e-09	1.58496e-25
4.65369e-09	2.64234e-08	5.80481e-24
3.59253e-09	5.50966e-09	7.93581e-26
7.55365e-09	3.11674e-08	9.44288e-24
4.79087e-09	2.80939e-08	7.07292e-24
4.7483e-09	2.96704e-08	6.73597e-24
7.48797e-09	3.39638e-08	9.51059e-24
4.7352e-09	2.27169e-08	4.45652e-24
9.8048e-09	2.96704e-08	8.34174e-24
4.19396e-09	2.75483e-08	4.86934e-24
5.41493e-09	3.3058e-08	7.61804e-24
4.00644e-09	1.98654e-08	2.638e-24
9.52311e-09	3.57067e-08	1.42085e-23
6.89154e-09	3.3514e-08	9.08338e-24
5.82846e-09	2.52485e-08	4.68598e-24
7.86636e-09	3.3514e-08	1.12794e-23
9.48526e-09	4.0111e-08	1.85111e-23
5.58056e-09	2.33755e-08	4.96292e-24
8.20795e-09	3.3058e-08	1.19082e-23
3.92256e-09	1.98654e-08	2.59369e-24
4.71195e-09	2.80939e-08	5.88889e-24
2.81717e-09	5.50966e-09	1.50944e-26
8.30431e-09	2.96704e-08	8.64567e-24
2.68725e-09	5.50966e-09	1.98269e-26
5.23688e-09	3.11674e-08	8.55062e-24
1.01136e-08	3.44078e-08	1.36998e-23
4.8425e-09	3.01777e-08	7.92201e-24
9.38825e-09	2.86291e-08	8.84873e-24
4.61454e-09	1.98654e-08	3.18127e-24
4.41114e-09	2.58426e-08	5.30308e-24
5.28236e-09	3.3058e-08	9.51585e-24
1.41615e-08	3.52791e-08	1.64254e-23
7.98794e-09	3.06765e-08	1.00198e-23
5.37699e-09	2.91544e-08	5.81078e-24
3.59084e-09	1.6529e-08	1.48121e-24
6.66131e-09	3.01777e-08	7.9924e-24
9.0972e-09	2.69917e-08	6.73379e-24
3.9608e-09	2.06153e-08	3.1978e-24
6.95702e-09	3.52791e-08	1.02274e-23
1.5009e-08	4.23205e-08	2.24366e-23
5.42884e-09	2.86291e-08	5.48795e-24
1.32248e-08	3.89592e-08	1.93717e-23
4.30426e-09	2.20387e-08	3.82581e-24
6.25746e-09	2.58426e-08	5.8384e-24
1.39459e-08	3.81721e-08	1.83964e-23
1.08607e-08	3.3058e-08	1.31745e-23
4.88295e-09	2.86291e-08	6.51279e-24
4.75657e-09	2.52485e-08	5.77395e-24
9.14824e-09	3.48462e-08	1.29101e-23
3.29533e-09	1.10193e-08	3.93175e-25
3.57728e-09	7.79184e-09	1.99137e-25
4.81392e-09	2.06153e-08	2.96635e-24
9.75214e-09	3.52791e-08	1.50093e-23
7.7697e-09	3.39638e-08	1.1619e-23
4.1188e-09	2.64234e-08	5.93144e-24
8.95747e-09	3.48462e-08	1.42846e-23
4.42357e-09	2.64234e-08	5.37424e-24
7.35167e-09	3.25956e-08	1.06836e-23
7.83011e-09	3.3514e-08	8.99087e-24
3.39554e-09	1.34959e-08	9.2374e-25
1.46926e-08	5.77858e-08	6.77172e-23
4.00112e-09	1.34959e-08	8.99896e-25
7.33193e-09	3.06765e-08	9.36165e-24
3.9058e-09	1.232e-08	8.10249e-25
7.57635e-09	3.48462e-08	1.31077e-23
7.96067e-09	2.91544e-08	7.26351e-24
4.78875e-09	3.21266e-08	7.84759e-24
5.08673e-09	2.69917e-08	6.59201e-24
7.92451e-09	3.21266e-08	8.47029e-24
5.38419e-09	2.58426e-08	5.80364e-24
1.45945e-08	3.77724e-08	1.71834e-23
5.60032e-09	3.39638e-08	9.41539e-24
9.12891e-09	3.21266e-08	9.88149e-24
9.38932e-09	3.52791e-08	1.23546e-23
4.21404e-09	1.55837e-08	1.59009e-24
9.88351e-09	3.3058e-08	1.23293e-23
4.38817e-09	2.80939e-08	6.68441e-24
3.36898e-09	1.74231e-08	9.19615e-25
2.22303e-08	4.73959e-08	3.87944e-23
8.8484e-09	4.04876e-08	2.02695e-23
4.17854e-09	2.58426e-08	5.39719e-24
4.05781e-09	1.9086e-08	2.82851e-24
6.39396e-09	3.21266e-08	1.0221e-23
4.96453e-09	1.9086e-08	2.70237e-24
1.05202e-08	3.57067e-08	1.39347e-23
5.47779e-09	2.52485e-08	5.96209e-24
1.18233e-08	3.73684e-08	1.69576e-23
1.10695e-08	3.21266e-08	1.03948e-23
2.75585e-09	1.55837e-08	3.15224e-25
5.8787e-09	2.40161e-08	4.60894e-24
3.82228e-09	1.74231e-08	1.00226e-24
6.31037e-09	3.61293e-08	9.70487e-24
4.82199e-09	3.21266e-08	8.48989e-24
3.57148e-09	9.54302e-09	2.05922e-25
3.69351e-09	1.9086e-08	6.82191e-25
4.14474e-09	2.33755e-08	4.62809e-24
4.56773e-09	3.48462e-08	9.72622e-24
1.72163e-08	5.19781e-08	4.2914e-23
4.82057e-09	2.52485e-08	5.29425e-24
8.40961e-09	3.06765e-08	8.1897e-24
5.81406e-09	3.11674e-08	9.36505e-24
5.26729e-09	1.9086e-08	2.33827e-24
4.16834e-09	1.55837e-08	1.21238e-24
1.16216e-08	3.48462e-08	1.38129e-23
6.16472e-09	2.64234e-08	8.18222e-24
4.86635e-09	2.52485e-08	5.19822e-24
5.49313e-09	1.9086e-08	2.6498e-24
1.16839e-08	3.16506e-08	1.17623e-23
5.09008e-09	2.33755e-08	4.47304e-24
7.14376e-09	3.39638e-08	1.0408e-23
1.22766e-08	3.06765e-08	1.08452e-23
1.34992e-08	4.04876e-08	2.23529e-23
5.4902e-09	1.9086e-08	3.55925e-24
7.08556e-09	2.91544e-08	9.04121e-24
8.89469e-09	3.06765e-08	1.02185e-23
4.17506e-09	2.27169e-08	3.8825e-24
6.8257e-09	2.33755e-08	6.61876e-24
3.35269e-09	1.34959e-08	7.62703e-25
1.33732e-08	3.61293e-08	1.58834e-23
8.31534e-09	2.75483e-08	7.39363e-24
5.20269e-09	2.69917e-08	6.48265e-24
4.58597e-09	2.52485e-08	4.55689e-24
9.8434e-09	4.64253e-08	3.17848e-23
7.33735e-09	2.86291e-08	7.40549e-24
4.92136e-09	2.13388e-08	2.95667e-24
6.12105e-09	2.86291e-08	6.35241e-24
5.87795e-09	3.97308e-08	1.60884e-23
5.78214e-09	2.64234e-08	4.41047e-24
6.52241e-09	3.01777e-08	9.25173e-24
5.47465e-09	2.58426e-08	5.76195e-24
5.9688e-09	3.01777e-08	7.96531e-24
5.65583e-09	2.33755e-08	3.76091e-24
4.94423e-09	2.80939e-08	6.66153e-24
5.7112e-09	3.06765e-08	6.61535e-24
5.71793e-09	3.97308e-08	1.21659e-23
4.99825e-09	2.58426e-08	5.97491e-24
7.02686e-09	3.52791e-08	9.16907e-24
5.8543e-09	2.13388e-08	4.11911e-24
5.34643e-09	2.91544e-08	7.25152e-24
9.45167e-09	3.6547e-08	1.29137e-23
5.6384e-09	2.27169e-08	4.23083e-24
4.3499e-09	1.98654e-08	2.06642e-24
3.41005e-09	7.79184e-09	1.3986e-25
3.94397e-09	2.06153e-08	3.02873e-24
7.70684e-09	2.86291e-08	7.46993e-24
2.20251e-08	5.53714e-08	7.46151e-23
4.51562e-09	2.20387e-08	3.11471e-24
1.00024e-08	3.39638e-08	1.0971e-23
3.99291e-09	2.27169e-08	3.75025e-24
3.95e-09	1.55837e-08	1.35364e-24
6.31355e-09	3.11674e-08	9.02939e-24
6.13025e-09	2.80939e-08	7.21379e-24
1.41663e-08	5.13907e-08	4.33352e-23
6.01297e-09	2.58426e-08	6.65869e-24
4.15445e-09	2.13388e-08	2.97746e-24
4.08497e-09	1.55837e-08	1.5082e-24
7.3421e-09	2.80939e-08	6.96258e-24
6.99881e-09	2.91544e-08	7.76586e-24
8.27356e-09	3.3514e-08	1.14264e-23
5.54525e-09	2.86291e-08	6.96758e-24
8.9284e-09	2.52485e-08	6.17147e-24
4.55383e-09	3.3514e-08	8.00403e-24
9.1338e-09	3.39638e-08	1.33391e-23
3.76106e-09	1.45772e-08	9.65691e-25
1.0755e-08	3.97308e-08	1.84997e-23
5.37405e-09	3.25956e-08	7.46359e-24
4.79441e-09	2.06153e-08	3.35275e-24
6.3071e-09	2.75483e-08	5.94933e-24
1.26484e-08	3.93469e-08	1.76985e-23
4.67896e-09	2.52485e-08	4.69411e-24
4.66899e-09	1.98654e-08	2.70351e-24
4.91961e-09	3.6547e-08	1.19561e-23
4.25328e-09	3.44078e-08	1.02415e-23
8.27362e-09	2.91544e-08	7.77141e-24
5.78487e-09	2.86291e-08	4.69886e-24
5.72265e-09	2.58426e-08	5.66577e-24
8.55787e-09	2.69917e-08	5.79379e-24
5.72575e-09	2.13388e-08	4.17169e-24
5.81854e-09	3.6547e-08	9.94593e-24
1.28267e-08	3.39638e-08	1.24981e-23
6.58111e-09	2.80939e-08	6.98961e-24
4.96078e-09	2.80939e-08	6.1336e-24
7.68479e-09	3.44078e-08	9.767e-24
4.97261e-09	2.86291e-08	6.76648e-24
4.24098e-09	2.58426e-08	4.74771e-24
6.06616e-09	2.52485e-08	2.81522e-24
4.34265e-09	1.98654e-08	2.36126e-24
3.8653e-09	1.74231e-08	2.27807e-24
8.13101e-09	3.01777e-08	1.22944e-23
8.02696e-09	3.73684e-08	1.73033e-23
8.28776e-09	3.93469e-08	1.83124e-23
6.39822e-09	2.27169e-08	4.27735e-24
6.8345e-09	3.52791e-08	1.25466e-23
5.83315e-09	3.3514e-08	1.1469e-23
3.15706e-09	9.54302e-09	2.39322e-25
5.19125e-09	1.98654e-08	2.76627e-24
6.9072e-09	3.16506e-08	8.41505e-24
2.86295e-09	1.45772e-08	7.1284e-25
4.67262e-09	2.06153e-08	3.21223e-24
5.46851e-09	2.58426e-08	5.5335e-24
4.0634e-09	1.82735e-08	2.44783e-24
5.46579e-09	3.06765e-08	7.24695e-24
8.98895e-09	2.96704e-08	8.96429e-24
5.69629e-09	2.52485e-08	5.26765e-24
8.92139e-09	3.52791e-08	1.3751e-23
3.07098e-09	5.50966e-09	2.58206e-26
1.29409e-08	3.81721e-08	1.6062e-23
7.1853e-09	3.16506e-08	1.04228e-23
5.79736e-09	2.58426e-08	5.92023e-24
9.24564e-09	2.75483e-08	6.4148e-24
4.82232e-09	2.96704e-08	7.3449e-24
4.92165e-09	2.91544e-08	7.63655e-24
9.43948e-09	3.21266e-08	1.00885e-23
5.13693e-09	2.27169e-08	3.93622e-24
7.56342e-09	3.89592e-08	1.73631e-23
5.13546e-09	2.52485e-08	5.79309e-24
3.26815e-09	1.10193e-08	2.6676e-25
1.39655e-08	3.77724e-08	1.68506e-23
3.5879e-09	1.10193e-08	5.94133e-25
5.36688e-09	2.91544e-08	6.30111e-24
7.96405e-09	2.96704e-08	6.55899e-24
6.12667e-09	3.52791e-08	1.11693e-23
4.85882e-09	2.86291e-08	6.9772e-24
3.1734e-09	9.54302e-09	2.51199e-25
6.81328e-09	3.21266e-08	7.75297e-24
4.42322e-09	2.20387e-08	3.96141e-24
7.65846e-09	3.06765e-08	8.95383e-24
3.47794e-09	1.34959e-08	6.13138e-25
4.15993e-09	2.75483e-08	6.52719e-24
6.17424e-09	3.11674e-08	9.61159e-24
5.49581e-09	2.91544e-08	7.86079e-24
7.38037e-09	3.85676e-08	1.36753e-23
1.33599e-08	3.97308e-08	1.99397e-23
8.94782e-09	4.19604e-08	2.27792e-23
7.57717e-09	3.3514e-08	9.77313e-24
5.7647e-09	2.96704e-08	9.26638e-24
4.40192e-09	3.3514e-08	8.92531e-24
6.016e-09	3.25956e-08	9.80833e-24
1.0467e-08	5.67255e-08	5.62037e-23
3.91546e-09	2.80939e-08	5.40641e-24
8.97681e-09	3.3058e-08	1.06858e-23
8.4297e-09	2.80939e-08	6.98864e-24
5.65816e-09	3.21266e-08	8.74678e-24
4.03914e-09	1.98654e-08	2.18918e-24
9.19017e-09	3.21266e-08	1.03242e-23
8.03393e-09	4.92799e-08	2.11894e-23
5.23526e-09	3.3514e-08	9.86162e-24
4.99106e-09	3.16506e-08	7.88173e-24
3.98972e-09	2.13388e-08	3.35005e-24
7.75091e-09	3.16506e-08	1.07848e-23
3.55467e-09	1.6529e-08	1.91515e-24
5.77871e-09	2.52485e-08	5.60051e-24
5.08964e-09	2.80939e-08	6.39483e-24
1.39551e-08	4.15971e-08	2.1271e-23
5.53621e-09	3.21266e-08	9.08979e-24
4.88194e-09	2.69917e-08	6.61094e-24
5.79551e-09	2.52485e-08	4.45805e-24
3.72929e-09	1.98654e-08	2.86161e-24
3.52031e-09	1.45772e-08	1.17521e-24
5.99437e-09	2.464e-08	4.6302e-24
7.1567e-09	2.86291e-08	7.19966e-24
7.5299e-09	3.16506e-08	8.79454e-24
4.75987e-09	2.40161e-08	4.51676e-24
6.07658e-09	3.06765e-08	8.02787e-24
5.01814e-09	2.06153e-08	2.77459e-24
4.848e-09	2.64234e-08	5.10293e-24
5.38367e-09	3.25956e-08	9.27089e-24
3.94427e-09	1.6529e-08	1.84834e-24
3.57344e-09	1.74231e-08	2.0346e-24
6.0979e-09	2.58426e-08	5.55731e-24
7.63197e-09	2.96704e-08	7.54594e-24
5.45593e-09	2.80939e-08	5.92449e-24
4.32697e-09	2.33755e-08	4.4147e-24
7.33193e-09	3.21266e-08	9.07053e-24
5.82559e-09	3.48462e-08	1.00406e-23
3.55521e-09	1.45772e-08	1.00811e-24
7.69411e-09	3.81721e-08	1.71806e-23
6.41894e-09	2.69917e-08	5.80071e-24
4.40696e-09	3.01777e-08	7.40499e-24
8.4207e-09	3.3514e-08	1.19289e-23
5.70983e-09	2.40161e-08	3.82226e-24
6.01148e-09	2.06153e-08	3.84207e-24
4.13282e-09	2.33755e-08	3.62995e-24
7.10035e-09	3.21266e-08	9.37979e-24
4.63552e-09	2.40161e-08	4.30225e-24
5.55948e-09	2.40161e-08	5.21068e-24
7.12424e-09	2.64234e-08	6.91283e-24
1.39822e-08	4.6751e-08	3.34484e-23
3.78435e-09	1.74231e-08	1.71692e-24
5.02415e-09	3.21266e-08	9.26326e-24
4.27061e-09	2.464e-08	4.46585e-24
4.11748e-09	1.6529e-08	1.76017e-24
4.49125e-09	2.64234e-08	6.20559e-24
6.2623e-09	1.98654e-08	4.00979e-24
8.70493e-09	2.64234e-08	7.62849e-24
2.75188e-09	5.50966e-09	1.07197e-26
3.69117e-09	1.98654e-08	1.59564e-24
3.26146e-09	1.74231e-08	1.48999e-24
3.65009e-09	1.34959e-08	1.0537e-24
4.21532e-09	2.27169e-08	3.73758e-24
6.95041e-09	2.86291e-08	6.85838e-24
4.72661e-09	2.464e-08	4.38087e-24
6.44702e-09	2.33755e-08	4.2318e-24
5.2218e-09	3.81721e-08	1.22983e-23
5.11879e-09	3.3514e-08	8.7575e-24
7.04687e-09	3.39638e-08	9.9203e-24
3.35177e-09	1.74231e-08	1.35446e-24
3.17338e-09	1.232e-08	5.35469e-25
5.13309e-09	3.61293e-08	1.07127e-23
3.58477e-09	2.464e-08	2.85093e-24
4.7029e-09	2.40161e-08	4.07579e-24
6.95263e-09	2.40161e-08	4.57385e-24
9.45156e-09	2.58426e-08	5.57809e-24
8.98434e-09	3.69599e-08	1.59208e-23
5.73909e-09	2.52485e-08	4.78914e-24
4.64094e-09	2.52485e-08	5.29645e-24
3.45244e-09	1.45772e-08	1.12238e-24
6.95271e-09	2.86291e-08	7.75538e-24
3.93994e-09	1.6529e-08	8.46632e-25
5.46249e-09	2.64234e-08	6.55236e-24
1.22342e-08	3.93469e-08	1.57378e-23
5.43363e-09	2.40161e-08	4.64183e-24
1.02084e-08	3.97308e-08	1.39942e-23
1.33744e-08	3.93469e-08	1.82141e-23
3.6217e-09	1.34959e-08	4.93744e-25
6.57499e-09	3.06765e-08	9.39989e-24
3.81796e-09	1.232e-08	5.3597e-25
5.55882e-09	3.21266e-08	7.13153e-24
4.26648e-09	2.58426e-08	5.32496e-24
4.02853e-09	2.20387e-08	3.25327e-24
4.04699e-09	2.86291e-08	7.40071e-24
9.75219e-09	4.15971e-08	1.50893e-23
6.33845e-09	2.58426e-08	4.53954e-24
4.88672e-09	2.40161e-08	4.85382e-24
5.8488e-09	2.91544e-08	7.94319e-24
6.90695e-09	3.21266e-08	1.06488e-23
8.22077e-09	3.3058e-08	1.0477e-23
6.40517e-09	3.3514e-08	1.13089e-23
4.90743e-09	2.27169e-08	4.76822e-24
6.36478e-09	3.11674e-08	9.62461e-24
3.07461e-09	1.10193e-08	2.57498e-25
8.32826e-09	2.69917e-08	6.87345e-24
4.57742e-09	2.20387e-08	3.56029e-24
5.01968e-09	2.86291e-08	5.56706e-24
3.11074e-09	7.79184e-09	1.14567e-25
7.71751e-09	3.3514e-08	9.27588e-24
4.83602e-09	2.464e-08	4.68561e-24
1.09985e-08	3.52791e-08	1.38482e-23
6.93704e-09	3.39638e-08	9.85941e-24
4.56264e-09	1.82735e-08	1.23572e-24
3.9919e-09	1.9086e-08	2.77343e-24
6.00354e-09	2.464e-08	5.11764e-24
1.83425e-08	5.19781e-08	5.33546e-23
4.06006e-09	1.55837e-08	1.28179e-24
5.06433e-09	1.9086e-08	2.63889e-24
7.13737e-09	2.20387e-08	4.71487e-24
3.12334e-09	1.232e-08	4.25569e-25
2.67257e-09	9.54302e-09	1.29963e-25
6.81342e-09	3.69599e-08	1.14911e-23
3.81479e-09	9.54302e-09	2.9134e-25
6.96173e-09	3.97308e-08	1.53908e-23
5.16944e-09	5.50966e-09	1.17188e-25
4.03e-09	1.82735e-08	1.75646e-24
5.35082e-09	2.58426e-08	5.15692e-24
8.31273e-09	3.44078e-08	9.90661e-24
9.63656e-09	3.73684e-08	1.5767e-23
8.4988e-09	3.48462e-08	1.14295e-23
1.26959e-08	4.12305e-08	2.10066e-23
1.11461e-08	3.6547e-08	1.59624e-23
3.52596e-09	2.27169e-08	3.53803e-24
3.70931e-09	1.9086e-08	1.20147e-24
4.23371e-09	1.55837e-08	1.28252e-24
4.98161e-09	3.01777e-08	6.83005e-24
7.36446e-09	2.91544e-08	9.06979e-24
1.53595e-08	5.69924e-08	4.4061e-23
8.12381e-09	3.44078e-08	1.25474e-23
1.30045e-08	4.77151e-08	4.1099e-23
6.04878e-09	2.75483e-08	6.67108e-24
7.78465e-09	3.57067e-08	1.38486e-23
4.62075e-09	1.74231e-08	5.16558e-26
7.52582e-09	2.91544e-08	8.69576e-24
7.23458e-09	3.3058e-08	9.38226e-24
5.50468e-09	1.74231e-08	2.77324e-24
5.59701e-09	2.464e-08	4.23281e-24
5.29399e-09	3.16506e-08	9.71143e-24
4.76921e-09	2.13388e-08	3.05902e-24
4.61466e-09	1.34959e-08	9.24203e-25
4.45191e-09	2.64234e-08	5.17821e-24
5.92046e-09	3.3058e-08	1.09783e-23
5.33194e-09	2.58426e-08	5.57018e-24
5.15333e-09	1.34959e-08	1.38269e-24
5.34952e-09	2.69917e-08	6.95541e-24
9.30394e-09	3.44078e-08	1.38877e-23
4.05319e-09	1.55837e-08	8.8934e-25
6.88431e-09	2.86291e-08	8.06977e-24
1.00789e-08	2.91544e-08	9.24688e-24
6.86034e-09	2.86291e-08	6.38919e-24
5.95804e-09	1.98654e-08	2.72048e-24
4.20632e-09	2.58426e-08	4.94673e-24
7.18226e-09	3.3058e-08	1.08197e-23
1.36721e-08	3.48462e-08	1.32689e-23
6.20339e-09	3.39638e-08	9.70087e-24
6.73794e-09	3.11674e-08	9.82064e-24
3.77405e-09	1.34959e-08	8.66413e-25
5.26059e-09	3.16506e-08	8.90911e-24
4.77217e-09	2.75483e-08	5.78955e-24
1.20649e-08	4.26777e-08	2.14833e-23
5.67692e-09	2.64234e-08	4.79885e-24
5.90489e-09	2.80939e-08	6.55674e-24
8.14813e-09	3.48462e-08	1.38798e-23
7.59865e-09	2.96704e-08	8.57584e-24
7.9498e-09	3.61293e-08	1.38453e-23
9.83637e-09	3.3058e-08	8.44814e-24
9.00677e-09	3.6547e-08	1.25046e-23
5.65816e-09	2.75483e-08	5.0825e-24
1.07616e-08	3.44078e-08	1.24399e-23
4.46677e-09	2.52485e-08	4.56683e-24
4.9064e-09	2.80939e-08	5.35256e-24
4.03694e-09	1.98654e-08	3.04299e-24
6.17525e-09	3.3514e-08	1.11053e-23
4.75972e-09	2.91544e-08	6.89967e-24
9.05716e-09	3.39638e-08	1.17533e-23
1.69254e-08	4.60972e-08	3.42252e-23
5.53979e-09	3.21266e-08	9.23888e-24
7.68391e-09	2.06153e-08	3.70763e-24
7.90985e-09	2.80939e-08	8.29809e-24
4.93899e-09	2.64234e-08	6.28787e-24
6.16892e-09	3.52791e-08	1.19294e-23
3.25389e-09	7.79184e-09	9.50967e-26
4.66389e-09	2.58426e-08	5.60585e-24
4.22362e-09	2.64234e-08	5.76858e-24
6.26273e-09	2.80939e-08	6.62413e-24
4.5077e-09	2.20387e-08	3.30519e-24
3.65784e-09	1.74231e-08	1.96176e-24
1.08332e-08	3.6547e-08	1.28034e-23
1.11778e-08	3.85676e-08	1.7882e-23
5.60978e-09	3.3058e-08	9.32274e-24
1.01447e-08	3.21266e-08	1.12994e-23
7.77455e-09	3.81721e-08	1.48105e-23
7.20699e-09	2.464e-08	5.92272e-24
5.42673e-09	2.13388e-08	3.34726e-24
1.15217e-08	2.80939e-08	8.11328e-24
6.54117e-09	3.3058e-08	1.07841e-23
3.09514e-09	5.50966e-09	1.55716e-26
5.63403e-09	3.21266e-08	9.90938e-24
8.4241e-09	3.44078e-08	9.78752e-24
1.45139e-08	4.08608e-08	2.32451e-23
1.75963e-08	4.23205e-08	2.69115e-23
4.49803e-09	2.80939e-08	6.28486e-24
3.78771e-09	1.74231e-08	1.88236e-24
3.04686e-09	1.34959e-08	6.49679e-25
1.03597e-08	2.69917e-08	7.55178e-24
3.34935e-09	1.232e-08	5.94526e-25
7.72587e-09	2.91544e-08	9.03629e-24
1.60712e-08	3.52791e-08	1.57958e-23
5.80828e-09	3.06765e-08	7.70086e-24
5.73533e-09	2.86291e-08	6.13429e-24
9.31215e-09	3.89592e-08	1.71352e-23
5.52481e-09	2.20387e-08	3.97858e-24
5.87313e-09	2.80939e-08	6.91813e-24
3.18326e-09	9.54302e-09	2.23883e-25
4.56906e-09	2.06153e-08	3.31087e-24
8.02723e-09	3.25956e-08	1.13495e-23
6.33919e-09	2.86291e-08	6.11059e-24
6.1279e-09	3.3058e-08	8.93503e-24
5.74437e-09	2.06153e-08	3.94739e-24
4.80373e-09	1.10193e-08	1.16672e-24
1.04835e-08	3.89592e-08	1.98947e-23
4.13948e-09	1.55837e-08	1.40644e-24
9.35179e-09	2.75483e-08	4.25259e-24
5.36412e-09	1.6529e-08	1.60411e-24
4.03805e-09	1.6529e-08	2.36955e-24
9.8588e-09	3.48462e-08	1.37465e-23
4.92386e-09	2.64234e-08	5.74738e-24
4.62738e-09	2.464e-08	3.9621e-24
4.0624e-09	2.13388e-08	3.13757e-24
5.5708e-09	2.75483e-08	7.0054e-24
4.33964e-09	2.464e-08	4.30394e-24
5.91461e-09	2.464e-08	5.30152e-24
-1.89808e-10	5.50966e-09	-9.22971e-26
1.53179e-08	3.85676e-08	2.21608e-23
3.94027e-09	1.82735e-08	1.68648e-24
7.36097e-09	2.464e-08	5.17818e-24
7.42986e-10	5.50966e-09	-1.12129e-25
1.21403e-08	3.57067e-08	1.40867e-23
3.48789e-09	1.10193e-08	3.7089e-25
-2.09987e-11	5.50966e-09	-6.71546e-26
1.09659e-08	3.69599e-08	1.6632e-23
4.50763e-09	2.40161e-08	4.2129e-24
6.34256e-09	2.96704e-08	8.4157e-24
5.90393e-09	3.3058e-08	9.4695e-24
1.09114e-08	3.57067e-08	1.4261e-23
1.51425e-08	4.33831e-08	2.80278e-23
5.72408e-09	3.11674e-08	7.61201e-24
7.53682e-09	4.12305e-08	1.85113e-23
8.96243e-09	3.21266e-08	1.22929e-23
1.07128e-08	3.11674e-08	1.05569e-23
2.01058e-09	5.50966e-09	-9.05466e-27
3.28922e-09	1.74231e-08	1.44298e-24
4.9496e-09	2.58426e-08	5.62258e-24
7.20389e-09	3.57067e-08	1.41266e-23
8.52801e-09	2.80939e-08	8.03005e-24
9.59453e-09	3.01777e-08	1.00488e-23
2.93872e-09	1.34959e-08	2.85775e-25
1.17425e-08	3.3514e-08	1.05014e-23
1.35012e-08	4.57667e-08	2.5498e-23
5.18827e-09	3.48462e-08	8.62179e-24
8.65305e-09	3.25956e-08	1.05355e-23
5.46036e-09	3.61293e-08	9.90126e-24
4.96209e-09	2.80939e-08	6.92401e-24
1.17167e-08	3.3058e-08	1.23889e-23
7.74574e-09	3.06765e-08	7.76712e-24
1.36888e-08	3.3058e-08	1.2851e-23
1.04407e-08	3.61293e-08	1.46003e-23
6.98113e-09	3.11674e-08	1.07402e-23
4.46741e-09	2.58426e-08	5.69067e-24
8.10022e-09	2.96704e-08	7.33321e-24
5.47582e-09	2.58426e-08	5.62718e-24
6.31862e-09	2.80939e-08	8.90122e-24
1.59392e-08	4.40773e-08	3.13904e-23
5.35088e-09	2.64234e-08	5.12129e-24
4.48183e-09	2.91544e-08	5.8452e-24
7.5388e-09	2.96704e-08	7.61792e-24
9.69015e-09	2.52485e-08	6.67963e-24
3.35026e-09	1.74231e-08	1.62266e-24
4.81368e-09	2.64234e-08	4.95692e-24
1.09457e-08	3.3514e-08	1.16156e-23
7.08917e-09	2.96704e-08	9.14368e-24
1.00726e-08	3.73684e-08	1.45491e-23
3.98485e-09	1.98654e-08	2.83282e-24
4.16914e-09	1.232e-08	8.17095e-25
9.33543e-09	2.80939e-08	6.71314e-24
4.9975e-09	2.86291e-08	7.20996e-24
5.87053e-09	2.64234e-08	5.22695e-24
6.75687e-09	2.52485e-08	6.10429e-24
7.15982e-09	2.69917e-08	7.60162e-24
5.19638e-09	3.16506e-08	1.01431e-23
6.10905e-09	3.25956e-08	9.71582e-24
3.22107e-09	1.34959e-08	8.96806e-25
4.55105e-09	2.58426e-08	5.04704e-24
3.19933e-09	1.74231e-08	1.55175e-24
8.50662e-09	3.3058e-08	1.09863e-23
5.08985e-09	2.75483e-08	6.45272e-24
6.10936e-09	2.06153e-08	3.44903e-24
3.56022e-09	1.82735e-08	2.07518e-24
1.02377e-08	3.61293e-08	1.23792e-23
3.27681e-09	1.74231e-08	1.23173e-24
3.8948e-09	2.27169e-08	3.81715e-24
5.05244e-09	3.16506e-08	8.9789e-24
4.43827e-09	2.27169e-08	4.5325e-24
4.27826e-09	2.69917e-08	5.95604e-24
4.67626e-09	1.45772e-08	1.33301e-24
6.92661e-09	3.16506e-08	9.47022e-24
6.61492e-09	3.11674e-08	8.95029e-24
6.0592e-09	3.16506e-08	6.67917e-24
3.47734e-09	1.98654e-08	2.28127e-24
3.94449e-09	2.58426e-08	4.73618e-24
4.87657e-09	2.27169e-08	4.4871e-24
5.71184e-09	2.58426e-08	5.53455e-24
8.59199e-09	3.52791e-08	1.03317e-23
6.03582e-09	2.69917e-08	7.09568e-24
4.79795e-09	2.91544e-08	6.46123e-24
7.99197e-09	2.64234e-08	4.92756e-24
6.24292e-09	3.39638e-08	1.0934e-23
1.05133e-08	5.28468e-08	4.19812e-23
8.40169e-09	3.16506e-08	6.77037e-24
3.77202e-09	1.232e-08	5.84432e-25
3.16336e-09	1.10193e-08	3.93645e-25
4.17174e-09	2.58426e-08	5.00332e-24
5.96006e-09	2.96704e-08	7.04728e-24
4.78699e-09	2.464e-08	4.63448e-24
6.76146e-09	3.21266e-08	1.02893e-23
5.52752e-09	3.11674e-08	9.43597e-24
3.98331e-09	1.6529e-08	1.42572e-24
6.29237e-09	3.21266e-08	9.29273e-24
8.39936e-09	3.01777e-08	8.4453e-24
4.06541e-09	2.40161e-08	4.12463e-24
5.06082e-09	3.11674e-08	8.57721e-24
7.29018e-09	2.86291e-08	7.44171e-24
7.52652e-09	5.13907e-08	3.86028e-23
4.46004e-09	2.64234e-08	5.55792e-24
6.34981e-09	3.3058e-08	8.09968e-24
7.05373e-09	2.58426e-08	5.98189e-24
4.19187e-09	1.55837e-08	1.72737e-24
6.51646e-09	3.3058e-08	7.66263e-24
5.82582e-09	3.11674e-08	8.16967e-24
8.3244e-09	2.91544e-08	8.17201e-24
4.52552e-09	2.40161e-08	4.7149e-24
5.92753e-09	2.75483e-08	6.95014e-24
3.3729e-09	1.34959e-08	9.00961e-25
8.87952e-09	2.75483e-08	7.59418e-24
7.1269e-09	2.40161e-08	5.41109e-24
5.98185e-09	1.98654e-08	3.372e-24
8.51283e-09	3.6547e-08	1.06218e-23
9.76226e-09	3.11674e-08	1.12592e-23
7.64545e-09	2.80939e-08	8.63042e-24
1.69679e-08	5.22693e-08	5.28244e-23
4.1343e-09	1.55837e-08	1.61399e-24
1.05655e-08	3.85676e-08	2.01343e-23
7.30452e-09	2.69917e-08	8.16638e-24
1.11885e-08	3.73684e-08	1.80607e-23
6.40516e-09	3.25956e-08	8.56821e-24
7.22072e-09	3.69599e-08	1.47276e-23
6.98049e-09	3.06765e-08	8.87543e-24
6.72001e-09	3.3058e-08	1.13317e-23
7.4517e-09	2.64234e-08	8.39844e-24
7.27112e-09	3.61293e-08	1.44618e-23
6.33821e-09	3.01777e-08	7.08184e-24
4.99211e-09	2.464e-08	4.75139e-24
4.78665e-09	2.27169e-08	4.24018e-24
7.01187e-09	3.69599e-08	1.67444e-23
5.662e-09	3.11674e-08	7.39212e-24
5.266e-09	2.13388e-08	3.33408e-24
5.51597e-09	3.06765e-08	8.43686e-24
5.33168e-09	3.3514e-08	1.04514e-23
5.05145e-09	2.69917e-08	6.41898e-24
4.07318e-09	1.55837e-08	1.49602e-24
6.40941e-09	3.21266e-08	8.16033e-24
7.75885e-09	2.75483e-08	7.39433e-24
5.25064e-09	2.91544e-08	7.50328e-24
5.82835e-09	2.91544e-08	9.39957e-24
8.2971e-09	3.3514e-08	1.1224e-23
8.82803e-09	4.70746e-08	3.21177e-23
6.84455e-09	2.58426e-08	4.7627e-24
5.01609e-09	3.39638e-08	8.8662e-24
1.86496e-08	5.53714e-08	6.22154e-23
4.27973e-09	2.33755e-08	3.9555e-24
5.32985e-09	3.06765e-08	7.73729e-24
6.17851e-09	2.464e-08	4.40515e-24
4.28461e-09	2.13388e-08	3.94303e-24
1.02439e-08	3.97308e-08	1.72374e-23
5.9891e-09	2.69917e-08	5.45954e-24
4.61161e-09	3.57067e-08	9.40345e-24
3.08642e-09	1.232e-08	4.0044e-25
8.78372e-09	2.91544e-08	8.56201e-24
5.41858e-09	3.06765e-08	7.65374e-24
3.44323e-09	1.10193e-08	3.26226e-25
9.53681e-09	3.97308e-08	1.51491e-23
5.74287e-09	3.16506e-08	1.00112e-23
1.80525e-08	4.33831e-08	3.11046e-23
8.76296e-09	3.73684e-08	1.48302e-23
3.09931e-09	1.10193e-08	3.75834e-25
1.19785e-08	3.93469e-08	1.79932e-23
4.67005e-09	2.58426e-08	5.0883e-24
9.408e-09	2.96704e-08	7.66266e-24
1.33669e-08	4.0111e-08	2.03773e-23
1.31735e-08	3.3058e-08	1.40252e-23
3.19546e-09	1.6529e-08	9.59422e-25
6.24805e-09	2.58426e-08	5.94694e-24
4.5767e-09	2.27169e-08	3.99686e-24
7.52404e-09	3.06765e-08	8.43657e-24
6.36046e-09	3.39638e-08	8.43057e-24
5.60478e-09	3.01777e-08	8.33022e-24
4.25323e-09	1.9086e-08	2.69937e-24
7.52431e-09	2.06153e-08	4.30857e-24
5.3604e-09	2.64234e-08	5.90472e-24
4.69189e-09	3.11674e-08	6.56982e-24
9.86172e-09	2.91544e-08	8.81433e-24
3.65298e-09	1.45772e-08	1.18034e-24
8.76607e-09	3.93469e-08	1.86519e-23
5.61593e-09	2.75483e-08	6.68977e-24
6.69654e-09	2.69917e-08	5.83861e-24
5.57546e-09	2.58426e-08	6.01745e-24
8.09212e-09	3.16506e-08	9.69448e-24
4.98928e-09	2.75483e-08	5.83048e-24
4.39082e-09	2.52485e-08	4.15589e-24
9.10868e-09	3.3514e-08	1.09819e-23
4.86742e-09	2.80939e-08	4.50514e-24
5.65688e-09	3.3058e-08	1.01142e-23
4.04968e-09	2.33755e-08	3.48465e-24
5.24188e-09	3.01777e-08	7.11962e-24
3.72454e-09	1.34959e-08	6.29233e-25
7.87159e-09	3.16506e-08	9.95289e-24
7.1733e-09	2.96704e-08	7.03783e-24
7.27463e-09	2.91544e-08	6.50948e-24
1.28049e-08	3.44078e-08	1.25985e-23
6.75954e-09	2.91544e-08	7.20515e-24
5.12901e-09	3.44078e-08	1.09642e-23
7.03895e-09	2.58426e-08	5.63239e-24
5.55218e-09	3.3058e-08	7.77044e-24
3.54117e-09	1.82735e-08	1.67635e-24
9.29961e-09	3.39638e-08	9.99178e-24
3.82614e-09	2.13388e-08	2.72095e-24
4.0526e-09	1.82735e-08	2.74314e-24
8.47016e-09	2.96704e-08	5.70688e-24
3.1547e-09	1.55837e-08	9.19372e-25
3.44441e-09	1.82735e-08	1.92031e-24
5.27305e-09	2.33755e-08	4.55006e-24
5.80814e-09	3.3514e-08	9.33194e-24
1.41705e-08	3.81721e-08	1.745e-23
5.26212e-09	2.96704e-08	7.90752e-24
6.22871e-09	2.464e-08	6.17767e-24
4.73772e-09	2.80939e-08	6.48484e-24
6.72496e-09	1.98654e-08	3.21784e-24
1.57704e-08	4.40773e-08	2.91241e-23
4.72533e-09	2.52485e-08	5.9423e-24
6.14695e-09	4.9587e-08	2.90132e-23
8.22001e-09	3.44078e-08	1.04715e-23
1.10035e-08	3.6547e-08	1.62529e-23
7.72152e-09	1.98654e-08	4.36811e-24
7.51571e-09	2.58426e-08	6.50591e-24
8.6153e-09	3.73684e-08	1.63559e-23
3.62513e-09	1.34959e-08	8.00604e-25
8.54112e-09	3.3514e-08	1.17485e-23
4.05178e-09	1.74231e-08	2.08401e-24
5.49042e-09	2.80939e-08	7.80259e-24
4.59359e-09	2.75483e-08	6.04458e-24
6.97362e-09	2.91544e-08	6.3404e-24
5.78429e-09	2.52485e-08	5.16107e-24
1.50389e-08	2.75483e-08	1.08743e-23
1.07088e-08	2.64234e-08	8.47749e-24
4.77394e-09	1.74231e-08	2.16599e-24
3.41536e-09	7.79184e-09	1.83671e-25
