#	z_max	A_0	V_L	D_min	D_max	M_min	M_max
3.07369e-09	3.8147e-16	4.2905e-25	1.95312e-08	2.76214e-08	1.96316e-08	2.8167e-08
4.55216e-09	4.76837e-16	1.57638e-24	9.76562e-09	4.97951e-08	9.38902e-09	4.86522e-08
5.72947e-09	4.29153e-15	1.84433e-23	4.88281e-08	1.00543e-07	4.86522e-08	9.81579e-08
1.01507e-08	4.57764e-15	2.79117e-23	6.83594e-08	9.00346e-08	6.57231e-08	8.62082e-08
9.26275e-09	4.00543e-15	2.18061e-23	5.85937e-08	9.26449e-08	5.29199e-08	9.13295e-08
4.76023e-09	2.57492e-15	6.7835e-24	4.88281e-08	7.10948e-08	4.86522e-08	6.82838e-08
1.4483e-08	5.14984e-15	4.13942e-23	7.8125e-08	9.21287e-08	7.42586e-08	9.0476e-08
3.61223e-09	9.53674e-17	8.37936e-26	9.76562e-09	1.38107e-08	9.38902e-09	1.45103e-08
9.52433e-09	3.91006e-15	2.06998e-23	5.85937e-08	8.73464e-08	5.88947e-08	8.45011e-08
1.01655e-08	7.72476e-15	6.17042e-23	8.78906e-08	1.17594e-07	8.79153e-08	1.10961e-07
1.32487e-08	4.3869e-15	3.11202e-23	7.59587e-08	8.73464e-08	6.74302e-08	8.45011e-08
1.05923e-08	4.1008e-15	2.37076e-23	6.83594e-08	9.26449e-08	4.86522e-08	8.87689e-08
8.50578e-09	4.86374e-15	2.83804e-23	5.85937e-08	1.00543e-07	5.80412e-08	9.47437e-08
1.01718e-08	1.43051e-15	7.02948e-24	3.90625e-08	5.52427e-08	3.92632e-08	5.54805e-08
9.41071e-09	4.29153e-15	2.36278e-23	5.85937e-08	9.26449e-08	5.80412e-08	9.0476e-08
8.77957e-09	4.19617e-15	2.36586e-23	5.85937e-08	9.26449e-08	5.88947e-08	8.87689e-08
1.03955e-08	4.00543e-15	2.42232e-23	5.85937e-08	8.73464e-08	5.80412e-08	8.45011e-08
6.10612e-09	2.19345e-15	8.01552e-24	4.88281e-08	6.25305e-08	4.26773e-08	6.14554e-08
1.70855e-08	6.96182e-15	7.75099e-23	7.8125e-08	1.17998e-07	7.08444e-08	1.16082e-07
1.36561e-08	4.19617e-15	2.81435e-23	6.83594e-08	8.40071e-08	6.4016e-08	8.1087e-08
3.23576e-09	1.04904e-15	6.3798e-25	3.45267e-08	4.88281e-08	2.47529e-08	4.60915e-08
3.07017e-09	2.86102e-16	1.14214e-25	1.95312e-08	2.76214e-08	1.36568e-08	2.47529e-08
3.89995e-09	9.53674e-17	8.44993e-26	9.76562e-09	1.38107e-08	9.38902e-09	1.45103e-08
7.43222e-09	3.33786e-15	1.71652e-23	4.88281e-08	8.34375e-08	4.86522e-08	8.1087e-08
1.34265e-08	5.62668e-15	4.46418e-23	7.8125e-08	9.76562e-08	7.51121e-08	9.47437e-08
5.73522e-09	1.23978e-15	4.21549e-24	2.92969e-08	5.25895e-08	2.90206e-08	5.03593e-08
4.71084e-09	1.62125e-15	3.9695e-24	3.90625e-08	5.69429e-08	3.75561e-08	5.29199e-08
1.05301e-08	2.57492e-15	7.305e-24	4.83374e-08	9.66748e-08	3.75561e-08	8.27941e-08
1.04969e-08	3.91006e-15	2.05326e-23	6.83594e-08	1.00543e-07	6.06018e-08	9.73043e-08
7.73468e-09	4.95911e-15	2.9533e-23	5.85937e-08	1.00543e-07	5.88947e-08	9.47437e-08
9.00686e-09	3.8147e-15	2.25493e-23	6.83594e-08	7.8733e-08	6.14554e-08	7.42586e-08
3.66136e-09	1.90735e-16	1.66815e-25	9.76562e-09	2.18366e-08	9.38902e-09	2.13387e-08
3.32187e-09	1.62125e-15	2.05704e-24	3.90625e-08	5.69429e-08	3.92632e-08	5.54805e-08
9.67732e-09	6.29425e-15	4.34124e-23	7.66079e-08	1.13886e-07	6.4016e-08	1.10961e-07
5.01331e-09	3.52859e-15	1.24404e-23	4.88281e-08	8.73464e-08	4.86522e-08	8.27941e-08
8.40239e-09	3.14713e-15	1.11227e-23	5.52427e-08	9.76562e-08	4.77986e-08	8.70618e-08
4.81571e-09	1.81198e-15	5.20953e-24	4.88281e-08	5.69429e-08	4.09703e-08	5.4627e-08
3.7829e-09	7.62939e-16	1.05891e-24	2.92969e-08	4.02647e-08	2.30458e-08	4.01167e-08
8.26584e-09	4.3869e-15	1.87177e-23	6.83594e-08	1.05631e-07	6.06018e-08	1.00719e-07
9.64087e-09	3.91006e-15	2.21821e-23	6.83594e-08	8.40071e-08	6.06018e-08	8.02334e-08
8.03574e-09	8.01086e-15	5.0048e-23	7.8125e-08	1.3102e-07	7.42586e-08	1.26325e-07
4.27582e-09	3.33786e-15	6.9412e-24	5.68443e-08	8.34375e-08	4.43844e-08	8.1087e-08
3.03624e-09	1.90735e-16	2.16668e-25	9.76562e-09	2.18366e-08	9.38902e-09	2.13387e-08
3.97613e-09	1.62125e-15	1.96625e-24	3.90625e-08	7.10948e-08	3.24348e-08	6.57231e-08
6.40657e-09	3.91006e-15	1.72553e-23	4.88281e-08	9.61803e-08	4.86522e-08	9.13295e-08
9.31432e-09	3.62396e-15	2.07248e-23	4.88281e-08	8.73464e-08	4.86522e-08	8.1087e-08
5.90135e-09	1.90735e-15	4.02907e-24	4.1432e-08	7.04209e-08	3.32883e-08	6.4016e-08
3.87577e-09	7.62939e-16	9.56333e-25	2.76214e-08	4.88281e-08	2.04851e-08	4.5238e-08
5.94e-09	1.23978e-15	2.34409e-24	3.45267e-08	6.25305e-08	2.47529e-08	5.63341e-08
5.15826e-09	2.38419e-15	7.09827e-24	3.90625e-08	7.43728e-08	3.92632e-08	6.99908e-08
1.01452e-08	2.76566e-15	1.46993e-23	4.88281e-08	7.43728e-08	4.86522e-08	7.16979e-08
8.6735e-09	6.96182e-15	4.67322e-23	7.8125e-08	1.13886e-07	7.85263e-08	1.12668e-07
2.00285e-08	5.62668e-15	5.42571e-23	7.8125e-08	1.00543e-07	7.59657e-08	9.55973e-08
1.32271e-08	7.43866e-15	6.73748e-23	8.78906e-08	1.17998e-07	7.85263e-08	1.10961e-07
1.17604e-08	3.24249e-15	1.89034e-23	5.85937e-08	7.43728e-08	5.88947e-08	7.08444e-08
4.24384e-09	1.04904e-15	1.94834e-24	3.90625e-08	4.36732e-08	3.15812e-08	4.18238e-08
5.43555e-09	2.28882e-15	8.67383e-24	4.88281e-08	6.90534e-08	4.86522e-08	6.91373e-08
5.95887e-09	3.62396e-15	1.54569e-23	5.85937e-08	8.40071e-08	4.86522e-08	8.02334e-08
1.08826e-08	3.14713e-15	2.05426e-23	5.85937e-08	7.43728e-08	5.63341e-08	7.08444e-08
1.14176e-08	4.57764e-15	2.85225e-23	6.83594e-08	9.26449e-08	5.63341e-08	9.13295e-08
1.66725e-08	3.91006e-15	3.20015e-23	6.83594e-08	8.40071e-08	6.31625e-08	8.27941e-08
1.03226e-08	8.86917e-15	6.99274e-23	8.78906e-08	1.35668e-07	8.02334e-08	1.35714e-07
1.04958e-08	4.57764e-15	2.9315e-23	5.85937e-08	1.01956e-07	4.95057e-08	9.90114e-08
1.87009e-08	3.62396e-15	2.98495e-23	6.83594e-08	8.34375e-08	6.06018e-08	7.93799e-08
1.22226e-08	6.10352e-15	4.90886e-23	7.8125e-08	1.05631e-07	7.68192e-08	1.01572e-07
1.15323e-08	4.19617e-15	2.4367e-23	6.83594e-08	8.73464e-08	6.31625e-08	8.45011e-08
5.60356e-09	2.28882e-15	5.50955e-24	5.41699e-08	7.04209e-08	4.09703e-08	6.4016e-08
5.75962e-09	2.00272e-15	5.15625e-24	4.83374e-08	7.04209e-08	3.75561e-08	6.82838e-08
1.20127e-08	6.00815e-15	4.51612e-23	6.83594e-08	1.14304e-07	6.82838e-08	1.12668e-07
9.85185e-09	3.71933e-15	2.14498e-23	5.85937e-08	8.34375e-08	5.88947e-08	8.1087e-08
1.19251e-08	3.91006e-15	2.45572e-23	6.83594e-08	8.40071e-08	5.71876e-08	8.02334e-08
1.23355e-08	4.29153e-15	2.94967e-23	6.83594e-08	8.40071e-08	6.82838e-08	8.02334e-08
4.53332e-09	1.71661e-15	3.8417e-24	4.83374e-08	5.69429e-08	3.92632e-08	5.29199e-08
3.77697e-09	1.23978e-15	1.24841e-24	3.90625e-08	4.88281e-08	3.15812e-08	4.5238e-08
7.87142e-09	4.3869e-15	1.6832e-23	7.25372e-08	1.0381e-07	5.80412e-08	9.73043e-08
1.49759e-08	4.3869e-15	3.27606e-23	5.85937e-08	9.26449e-08	5.80412e-08	9.13295e-08
1.79306e-08	4.76837e-15	4.3138e-23	6.83594e-08	9.21287e-08	6.82838e-08	9.0476e-08
7.95941e-09	3.43323e-15	1.30439e-23	5.80298e-08	1.00543e-07	3.92632e-08	9.13295e-08
4.38685e-09	2.86102e-15	8.00855e-24	4.88281e-08	7.8733e-08	4.86522e-08	7.3405e-08
5.67506e-09	2.76566e-15	1.01529e-23	4.88281e-08	7.8733e-08	4.43844e-08	7.42586e-08
4.87151e-09	3.05176e-15	9.37179e-24	5.85937e-08	7.04209e-08	5.54805e-08	6.74302e-08
1.09764e-08	4.76837e-15	3.37235e-23	6.83594e-08	9.21287e-08	6.82838e-08	9.0476e-08
1.01509e-08	4.95911e-15	3.40849e-23	6.83594e-08	9.76562e-08	6.82838e-08	9.13295e-08
6.1869e-09	2.67029e-15	6.99281e-24	4.88281e-08	8.73464e-08	4.43844e-08	8.45011e-08
6.21369e-09	1.71661e-15	3.85618e-24	4.1432e-08	6.90534e-08	2.73135e-08	6.23089e-08
1.2372e-08	7.15256e-15	6.20737e-23	7.8125e-08	1.14304e-07	7.85263e-08	1.10961e-07
4.71695e-09	1.43051e-15	2.87143e-24	3.90625e-08	6.55098e-08	3.15812e-08	6.31625e-08
1.34818e-08	4.57764e-15	3.29604e-23	6.83594e-08	9.21287e-08	6.57231e-08	9.0476e-08
4.02903e-09	6.67572e-16	6.89142e-25	2.76214e-08	4.36732e-08	1.96316e-08	4.26773e-08
6.63129e-09	3.33786e-15	1.32299e-23	4.88281e-08	8.73464e-08	4.86522e-08	8.45011e-08
4.66967e-09	1.71661e-15	4.22685e-24	3.90625e-08	5.69429e-08	3.84096e-08	5.29199e-08
1.21468e-08	3.71933e-15	1.47711e-23	6.21481e-08	1.10485e-07	4.86522e-08	9.0476e-08
1.11838e-08	5.34058e-15	3.72164e-23	7.8125e-08	9.76562e-08	7.3405e-08	9.64508e-08
6.7715e-09	3.8147e-15	1.60782e-23	4.88281e-08	9.61803e-08	4.86522e-08	9.13295e-08
1.20807e-08	4.29153e-15	2.36443e-23	6.8631e-08	1.11345e-07	5.54805e-08	1.01572e-07
1.13734e-08	3.24249e-15	1.83987e-23	5.85937e-08	7.6272e-08	5.88947e-08	7.16979e-08
1.1964e-08	4.673e-15	3.21107e-23	6.83594e-08	9.26449e-08	6.14554e-08	9.13295e-08
6.23166e-09	2.00272e-15	7.15022e-24	3.90625e-08	6.55098e-08	3.92632e-08	6.06018e-08
1.0328e-08	4.86374e-15	3.38018e-23	6.83594e-08	9.26449e-08	6.48696e-08	9.0476e-08
9.2039e-09	4.00543e-15	2.47846e-23	5.85937e-08	8.40071e-08	5.88947e-08	8.27941e-08
1.8881e-08	6.19888e-15	6.3071e-23	8.78906e-08	1.05631e-07	7.76728e-08	9.90114e-08
8.86292e-09	4.19617e-15	2.46271e-23	5.85937e-08	9.21287e-08	5.88947e-08	8.62082e-08
6.03113e-09	2.38419e-15	9.77124e-24	4.88281e-08	6.55098e-08	4.95057e-08	6.31625e-08
1.14969e-08	4.57764e-15	3.14245e-23	7.8125e-08	9.00346e-08	6.82838e-08	8.62082e-08
9.25448e-09	5.81741e-15	2.93365e-23	7.31966e-08	1.3102e-07	6.31625e-08	1.26325e-07
9.11921e-09	1.90735e-15	6.01427e-24	4.1432e-08	8.28641e-08	2.8167e-08	6.74302e-08
1.78661e-08	5.53131e-15	4.9491e-23	7.8125e-08	9.76562e-08	7.68192e-08	9.64508e-08
1.47687e-08	5.53131e-15	4.83741e-23	7.8125e-08	9.76562e-08	7.42586e-08	9.64508e-08
1.59228e-08	5.53131e-15	4.22468e-23	7.8125e-08	9.61803e-08	7.68192e-08	9.47437e-08
5.24263e-09	1.62125e-15	3.0805e-24	4.1432e-08	6.25305e-08	3.07277e-08	6.14554e-08
4.028e-09	1.33514e-15	3.11264e-24	3.90625e-08	4.88281e-08	3.84096e-08	4.5238e-08
5.1552e-09	1.52588e-15	2.77834e-24	4.1432e-08	5.69429e-08	2.8167e-08	5.20664e-08
6.98609e-09	2.38419e-15	1.08888e-23	4.88281e-08	7.04209e-08	4.5238e-08	6.74302e-08
6.73269e-09	7.43866e-15	4.04402e-23	6.83594e-08	1.32827e-07	6.82838e-08	1.27178e-07
1.54527e-08	4.76837e-15	3.85266e-23	6.83594e-08	9.66748e-08	6.82838e-08	9.64508e-08
3.19767e-09	1.90735e-16	1.41074e-25	9.76562e-09	2.18366e-08	9.38902e-09	2.13387e-08
2.99852e-09	2.86102e-16	1.3637e-25	1.95312e-08	2.76214e-08	1.36568e-08	2.47529e-08
2.889e-09	3.8147e-16	1.49234e-25	1.95312e-08	3.52105e-08	9.38902e-09	3.32883e-08
1.20713e-08	4.48227e-15	2.94142e-23	6.83594e-08	9.21287e-08	6.4016e-08	9.0476e-08
1.13503e-08	7.34329e-15	6.2278e-23	7.8125e-08	1.17998e-07	7.85263e-08	1.11815e-07
4.80826e-09	3.62396e-15	1.16611e-23	4.88281e-08	9.61803e-08	4.18238e-08	9.13295e-08
6.32957e-09	1.52588e-15	5.67097e-24	3.90625e-08	5.25895e-08	3.67025e-08	5.03593e-08
9.71786e-09	7.15256e-15	5.46432e-23	6.83594e-08	1.23526e-07	6.82838e-08	1.17789e-07
8.12517e-09	2.09808e-15	9.6687e-24	4.88281e-08	6.25305e-08	4.26773e-08	5.97483e-08
1.65214e-08	3.91006e-15	3.10496e-23	6.83594e-08	8.40071e-08	6.4016e-08	8.02334e-08
1.26581e-08	3.24249e-15	1.91657e-23	5.85937e-08	7.43728e-08	5.88947e-08	7.08444e-08
3.98414e-09	1.71661e-15	3.72865e-24	4.80405e-08	5.69429e-08	3.92632e-08	5.29199e-08
2.7303e-09	9.53674e-17	1.1584e-26	9.76562e-09	1.38107e-08	9.38902e-09	1.45103e-08
1.61311e-08	4.19617e-15	3.48732e-23	6.83594e-08	9.00346e-08	6.82838e-08	8.62082e-08
8.33215e-09	3.91006e-15	2.05149e-23	5.85937e-08	8.40071e-08	5.80412e-08	8.27941e-08
6.77148e-09	4.48227e-15	2.18972e-23	5.85937e-08	1.00543e-07	4.86522e-08	9.55973e-08
4.9822e-09	2.19345e-15	6.02265e-24	3.90625e-08	7.43728e-08	3.75561e-08	7.16979e-08
3.42438e-09	2.86102e-16	3.11489e-25	1.95312e-08	2.76214e-08	1.36568e-08	2.47529e-08
4.94086e-09	3.43323e-15	1.19513e-23	5.85937e-08	8.40071e-08	5.03593e-08	7.93799e-08
1.42706e-08	6.00815e-15	5.01981e-23	6.83594e-08	1.09183e-07	6.82838e-08	1.04986e-07
1.58365e-08	5.91278e-15	5.18211e-23	7.8125e-08	1.05631e-07	7.42586e-08	1.01572e-07
1.51583e-08	5.62668e-15	4.8147e-23	7.8125e-08	1.00543e-07	7.08444e-08	9.55973e-08
4.41876e-09	1.52588e-15	3.37624e-24	3.90625e-08	5.25895e-08	3.67025e-08	5.03593e-08
1.11328e-08	3.62396e-15	1.63675e-23	6.69916e-08	9.76562e-08	4.95057e-08	9.0476e-08
1.50493e-08	2.76566e-15	1.91445e-23	5.85937e-08	7.04209e-08	4.5238e-08	6.82838e-08
-1.45231e-10	9.53674e-17	-8.62294e-26	9.76562e-09	1.38107e-08	9.38902e-09	1.45103e-08
1.0716e-08	2.38419e-15	1.09043e-23	4.88281e-08	7.8733e-08	3.92632e-08	7.68192e-08
1.62242e-08	6.48499e-15	5.63671e-23	7.8125e-08	1.09183e-07	7.42586e-08	1.0584e-07
3.8047e-09	1.81198e-15	2.63513e-24	3.90625e-08	6.55098e-08	2.98741e-08	6.31625e-08
5.98314e-09	4.673e-15	2.03773e-23	5.85937e-08	9.61803e-08	5.80412e-08	9.55973e-08
4.14982e-09	2.95639e-15	7.81158e-24	4.88281e-08	7.43728e-08	4.86522e-08	7.42586e-08
2.17491e-08	6.00815e-15	6.69623e-23	7.8125e-08	1.05179e-07	7.08444e-08	1.00719e-07
1.05699e-08	5.81741e-15	4.18109e-23	6.83594e-08	1.11345e-07	5.97483e-08	1.07547e-07
8.98549e-09	1.71661e-15	5.33319e-24	3.90625e-08	6.17632e-08	3.92632e-08	5.88947e-08
6.90504e-09	1.43051e-15	4.08469e-24	4.1432e-08	6.90534e-08	3.15812e-08	5.63341e-08
8.9726e-09	6.29425e-15	3.06499e-23	8.78906e-08	1.19205e-07	6.82838e-08	1.10961e-07
6.90407e-09	1.14441e-15	1.3e-24	3.45267e-08	5.69429e-08	2.30458e-08	5.54805e-08
3.98136e-09	4.3869e-15	1.0159e-23	5.85937e-08	9.76562e-08	5.88947e-08	9.64508e-08
1.11704e-08	2.67029e-15	1.35118e-23	5.85937e-08	7.04209e-08	4.95057e-08	6.82838e-08
7.86668e-09	3.52859e-15	1.9189e-23	5.85937e-08	8.28641e-08	5.88947e-08	7.93799e-08
7.21399e-09	3.24249e-15	1.13163e-23	5.85937e-08	8.40071e-08	3.84096e-08	8.27941e-08
4.33733e-09	2.38419e-15	5.9862e-24	4.88281e-08	6.55098e-08	4.95057e-08	6.31625e-08
4.2805e-09	1.04904e-15	2.12796e-24	3.90625e-08	4.36732e-08	3.15812e-08	4.18238e-08
3.66212e-09	4.76837e-16	5.40337e-25	1.95312e-08	3.52105e-08	1.96316e-08	3.32883e-08
7.54594e-09	3.24249e-15	1.46979e-23	5.85937e-08	7.6272e-08	5.88947e-08	7.08444e-08
4.77538e-09	2.76566e-15	8.61279e-24	4.88281e-08	7.43728e-08	4.95057e-08	6.91373e-08
9.98649e-09	2.76566e-15	1.47682e-23	5.85937e-08	7.04209e-08	5.4627e-08	6.74302e-08
6.12125e-09	1.43051e-15	3.60101e-24	4.1432e-08	6.90534e-08	3.15812e-08	5.63341e-08
6.3401e-09	2.28882e-15	5.87721e-24	4.83374e-08	8.40071e-08	3.67025e-08	7.59657e-08
1.35882e-08	4.95911e-15	4.21201e-23	6.83594e-08	9.26449e-08	6.82838e-08	8.96224e-08
1.69264e-08	5.05447e-15	4.04379e-23	6.83594e-08	1.01956e-07	6.74302e-08	9.81579e-08
7.0268e-09	4.1008e-15	1.96629e-23	5.85937e-08	9.21287e-08	5.63341e-08	8.70618e-08
7.54463e-09	2.09808e-15	1.19872e-23	3.90625e-08	7.43728e-08	3.32883e-08	7.3405e-08
1.62341e-08	4.76837e-15	3.64366e-23	6.83594e-08	9.61803e-08	5.80412e-08	9.47437e-08
1.47044e-08	6.19888e-15	5.84981e-23	7.8125e-08	1.05631e-07	7.85263e-08	9.81579e-08
4.5942e-09	1.52588e-15	3.51059e-24	3.90625e-08	5.9402e-08	3.92632e-08	5.88947e-08
1.3128e-08	4.57764e-15	3.07234e-23	7.8125e-08	8.73464e-08	6.82838e-08	8.36476e-08
1.48227e-08	4.19617e-15	2.83845e-23	6.83594e-08	8.40071e-08	6.23089e-08	8.1087e-08
9.25764e-09	3.71933e-15	2.11448e-23	5.85937e-08	8.40071e-08	5.88947e-08	7.85263e-08
4.1989e-09	1.14441e-15	3.04278e-24	2.92969e-08	4.88281e-08	2.98741e-08	4.86522e-08
1.22017e-08	2.57492e-15	1.08294e-23	5.24078e-08	8.40071e-08	4.01167e-08	7.59657e-08
1.24841e-08	2.57492e-15	4.03318e-24	4.1432e-08	1.0381e-07	2.98741e-08	9.64508e-08
3.58657e-09	2.76566e-15	4.03421e-24	5.67752e-08	7.6272e-08	4.26773e-08	7.08444e-08
1.59495e-08	5.43594e-15	4.38726e-23	7.8125e-08	1.00543e-07	6.91373e-08	9.81579e-08
1.22539e-08	2.95639e-15	1.16795e-23	4.83374e-08	9.76562e-08	3.75561e-08	9.0476e-08
8.22864e-09	3.52859e-15	1.78767e-23	4.88281e-08	8.73464e-08	4.86522e-08	8.27941e-08
1.59952e-08	3.62396e-15	2.29633e-23	6.83594e-08	7.8733e-08	5.88947e-08	7.59657e-08
2.80488e-09	3.8147e-16	1.81477e-25	1.95312e-08	2.76214e-08	1.96316e-08	2.8167e-08
1.24592e-08	2.76566e-15	1.42447e-23	5.85937e-08	7.04209e-08	5.12128e-08	6.82838e-08
1.16457e-08	6.58035e-15	5.67008e-23	8.78906e-08	1.05631e-07	8.02334e-08	1.01572e-07
8.11207e-09	2.38419e-15	7.23938e-24	4.83374e-08	8.40071e-08	3.75561e-08	7.68192e-08
1.59643e-08	6.48499e-15	6.26493e-23	8.78906e-08	1.05631e-07	8.1087e-08	1.01572e-07
8.09623e-09	2.00272e-15	6.13545e-24	4.83374e-08	8.28641e-08	3.92632e-08	6.74302e-08
6.75796e-09	3.05176e-15	1.36497e-23	5.85937e-08	7.6272e-08	5.63341e-08	7.08444e-08
5.10887e-09	2.38419e-15	8.01538e-24	4.88281e-08	7.04209e-08	3.92632e-08	6.74302e-08
1.00194e-08	2.76566e-15	1.47708e-23	4.88281e-08	7.6272e-08	4.86522e-08	7.25515e-08
9.14966e-09	4.00543e-15	2.15912e-23	5.85937e-08	9.21287e-08	5.63341e-08	8.62082e-08
6.71561e-09	3.91006e-15	1.93936e-23	4.88281e-08	1.00543e-07	4.5238e-08	9.55973e-08
1.04254e-08	2.76566e-15	2.13721e-23	3.90625e-08	8.34375e-08	3.92632e-08	8.02334e-08
5.41785e-09	1.04904e-15	3.34339e-24	2.92969e-08	5.25895e-08	2.98741e-08	5.03593e-08
