#	z_max	A_0	V_L	D_min	D_max	M_min	M_max
3.84269e-09	8.58307e-16	1.59578e-24	2.92969e-08	4.36732e-08	2.38993e-08	4.01167e-08
6.84206e-09	2.09808e-15	4.6435e-24	4.83374e-08	6.55098e-08	3.92632e-08	6.14554e-08
3.30395e-09	6.67572e-16	9.46885e-25	1.95312e-08	4.36732e-08	1.96316e-08	4.26773e-08
5.86522e-09	1.52588e-15	4.38551e-24	3.90625e-08	5.52427e-08	3.92632e-08	5.20664e-08
5.66135e-09	1.71661e-15	3.79634e-24	4.83374e-08	5.69429e-08	3.75561e-08	5.20664e-08
6.6229e-09	1.43051e-15	3.26783e-24	3.90625e-08	5.25895e-08	3.41419e-08	5.03593e-08
6.26813e-09	1.23978e-15	2.60922e-24	3.90625e-08	4.88281e-08	2.98741e-08	4.69451e-08
6.5043e-09	1.62125e-15	2.88157e-24	4.01461e-08	7.04209e-08	2.98741e-08	6.4016e-08
4.96924e-09	1.43051e-15	2.86383e-24	3.90625e-08	5.25895e-08	3.75561e-08	5.03593e-08
5.58682e-09	1.90735e-15	3.15525e-24	4.88281e-08	7.43728e-08	3.67025e-08	6.82838e-08
5.73387e-09	1.90735e-15	2.7261e-24	4.83374e-08	6.90534e-08	3.67025e-08	6.14554e-08
6.1073e-09	1.81198e-15	3.94355e-24	4.88281e-08	5.69429e-08	4.09703e-08	5.63341e-08
5.5534e-09	1.62125e-15	4.52222e-24	3.90625e-08	5.69429e-08	3.75561e-08	5.29199e-08
5.50106e-09	1.14441e-15	2.92683e-24	2.92969e-08	5.25895e-08	2.98741e-08	4.86522e-08
5.34099e-09	2.00272e-15	3.83488e-24	4.88281e-08	8.34375e-08	3.75561e-08	8.1087e-08
5.0846e-09	1.52588e-15	3.31467e-24	3.90625e-08	5.69429e-08	3.92632e-08	5.4627e-08
4.70802e-09	1.43051e-15	2.13585e-24	3.90625e-08	6.17632e-08	3.07277e-08	5.88947e-08
5.74593e-09	1.90735e-15	3.72854e-24	4.88281e-08	6.55098e-08	4.18238e-08	6.4016e-08
2.07592e-09	7.62939e-16	1.26418e-24	2.92969e-08	4.1432e-08	2.8167e-08	4.18238e-08
3.13587e-09	7.62939e-16	1.04749e-24	1.95312e-08	4.36732e-08	1.96316e-08	4.18238e-08
5.27571e-09	1.62125e-15	3.97595e-24	3.90625e-08	5.69429e-08	3.92632e-08	5.54805e-08
6.72927e-09	1.90735e-15	5.75203e-24	4.88281e-08	6.17632e-08	3.92632e-08	6.06018e-08
4.66728e-09	9.53674e-16	1.60037e-24	3.49386e-08	4.36732e-08	1.96316e-08	4.18238e-08
5.78625e-09	1.52588e-15	2.85619e-24	3.90625e-08	5.69429e-08	3.84096e-08	5.12128e-08
4.84635e-09	1.52588e-15	2.95206e-24	3.90625e-08	5.69429e-08	3.67025e-08	5.29199e-08
5.2553e-09	1.71661e-15	3.18118e-24	3.90625e-08	7.10948e-08	3.92632e-08	6.82838e-08
3.35373e-09	1.04904e-15	1.19627e-24	3.78962e-08	5.25895e-08	2.90206e-08	4.86522e-08
6.45847e-09	1.04904e-15	2.78034e-24	2.92969e-08	5.25895e-08	2.38993e-08	5.03593e-08
4.21426e-09	9.53674e-16	1.88932e-24	2.92969e-08	4.36732e-08	2.90206e-08	4.01167e-08
6.74196e-09	1.81198e-15	5.14408e-24	4.88281e-08	6.25305e-08	3.32883e-08	5.88947e-08
4.97618e-09	1.33514e-15	2.4753e-24	3.90625e-08	5.25895e-08	3.41419e-08	5.12128e-08
3.10506e-09	1.04904e-15	1.82451e-24	3.90625e-08	4.36732e-08	2.90206e-08	4.26773e-08
6.33066e-09	1.23978e-15	2.87089e-24	3.90625e-08	4.88281e-08	2.98741e-08	4.69451e-08
5.99075e-09	1.71661e-15	2.78342e-24	4.32343e-08	7.04209e-08	2.98741e-08	6.31625e-08
4.98486e-09	1.43051e-15	3.30575e-24	4.1432e-08	5.69429e-08	3.15812e-08	5.29199e-08
4.27189e-09	9.53674e-16	1.76086e-24	2.92969e-08	4.36732e-08	2.98741e-08	4.09703e-08
6.20193e-09	1.90735e-15	4.79912e-24	4.88281e-08	6.55098e-08	4.01167e-08	6.06018e-08
5.50276e-09	1.43051e-15	2.32142e-24	3.90625e-08	6.25305e-08	3.15812e-08	6.23089e-08
5.59854e-09	1.33514e-15	3.21739e-24	3.90625e-08	4.88281e-08	3.84096e-08	4.5238e-08
5.67732e-09	1.33514e-15	2.47626e-24	3.90625e-08	5.25895e-08	3.41419e-08	5.12128e-08
2.0681e-10	9.53674e-17	2.2965e-27	9.76562e-09	1.38107e-08	9.38902e-09	1.45103e-08
6.80985e-09	1.71661e-15	4.12107e-24	4.83374e-08	5.69429e-08	3.92632e-08	5.29199e-08
6.16853e-09	1.81198e-15	4.03089e-24	3.90625e-08	6.17632e-08	3.84096e-08	6.06018e-08
5.97655e-09	1.81198e-15	3.69615e-24	4.88281e-08	5.69429e-08	4.18238e-08	5.63341e-08
3.41226e-09	9.53674e-16	1.1435e-24	3.39698e-08	4.88281e-08	1.96316e-08	4.43844e-08
2.23396e-09	7.62939e-16	5.63642e-25	2.92969e-08	4.1432e-08	2.8167e-08	4.18238e-08
3.63751e-09	1.14441e-15	1.76181e-24	3.90625e-08	4.36732e-08	2.8167e-08	4.18238e-08
6.51372e-09	1.90735e-15	4.75667e-24	4.88281e-08	5.9402e-08	3.84096e-08	5.20664e-08
5.98832e-09	2.09808e-15	3.94611e-24	5.41699e-08	6.25305e-08	3.67025e-08	6.06018e-08
7.60778e-09	2.00272e-15	5.93637e-24	4.88281e-08	6.55098e-08	4.09703e-08	6.31625e-08
5.51818e-09	1.04904e-15	2.74056e-24	2.92969e-08	5.25895e-08	2.98741e-08	5.03593e-08
5.7806e-09	2.19345e-15	5.13631e-24	4.88281e-08	6.55098e-08	4.5238e-08	6.14554e-08
4.31116e-09	9.53674e-16	1.59962e-24	2.92969e-08	4.88281e-08	2.90206e-08	4.5238e-08
4.08318e-09	1.23978e-15	2.68106e-24	2.92969e-08	5.25895e-08	2.98741e-08	4.95057e-08
1.32935e-09	7.62939e-16	9.60532e-25	2.92969e-08	4.1432e-08	2.8167e-08	4.18238e-08
6.30143e-09	1.90735e-15	4.59671e-24	4.88281e-08	6.25305e-08	4.01167e-08	5.54805e-08
4.79047e-09	1.43051e-15	3.12826e-24	3.90625e-08	5.25895e-08	3.75561e-08	5.03593e-08
5.55562e-09	1.62125e-15	3.45917e-24	4.63224e-08	6.55098e-08	3.15812e-08	6.31625e-08
1.74834e-09	6.67572e-16	9.55332e-25	1.95312e-08	4.36732e-08	1.96316e-08	4.26773e-08
7.47193e-09	3.05176e-15	6.34681e-24	6.17632e-08	8.40071e-08	4.86522e-08	7.59657e-08
6.04938e-09	1.33514e-15	1.15567e-24	3.90625e-08	5.69429e-08	2.90206e-08	5.54805e-08
5.58707e-09	2.86102e-16	5.73187e-25	9.76562e-09	3.08816e-08	9.38902e-09	2.98741e-08
6.19977e-09	1.71661e-15	3.45863e-24	4.80405e-08	5.69429e-08	3.32883e-08	5.54805e-08
6.78144e-09	1.23978e-15	2.97614e-24	3.90625e-08	5.69429e-08	2.90206e-08	5.03593e-08
5.8032e-09	1.71661e-15	3.65453e-24	3.90625e-08	6.17632e-08	3.84096e-08	6.06018e-08
4.15779e-09	1.23978e-15	1.60732e-24	2.92969e-08	5.69429e-08	2.98741e-08	5.37735e-08
6.24259e-09	1.33514e-15	2.54397e-24	3.90625e-08	5.9402e-08	2.73135e-08	5.80412e-08
7.17972e-09	2.86102e-15	6.74046e-24	5.85937e-08	7.8733e-08	4.86522e-08	7.59657e-08
7.28316e-09	1.52588e-15	3.05862e-24	4.60444e-08	5.69429e-08	2.73135e-08	5.20664e-08
6.38966e-09	2.09808e-15	3.57029e-24	4.88281e-08	6.25305e-08	4.77986e-08	5.97483e-08
6.17423e-09	2.09808e-15	3.99759e-24	4.88281e-08	7.10948e-08	3.92632e-08	6.31625e-08
5.17757e-09	1.43051e-15	2.8772e-24	3.90625e-08	6.17632e-08	2.90206e-08	5.88947e-08
5.15509e-09	1.52588e-15	3.76572e-24	3.90625e-08	5.52427e-08	3.84096e-08	5.54805e-08
5.34408e-09	1.71661e-15	3.61814e-24	3.90625e-08	5.69429e-08	3.84096e-08	5.20664e-08
7.24842e-09	1.71661e-15	5.10203e-24	4.88281e-08	5.69429e-08	3.92632e-08	5.54805e-08
5.99401e-09	1.81198e-15	2.87337e-24	4.83374e-08	6.17632e-08	3.32883e-08	5.97483e-08
6.68302e-09	1.71661e-15	4.59124e-24	3.90625e-08	5.69429e-08	3.84096e-08	5.20664e-08
3.40549e-09	9.53674e-16	1.44267e-24	2.92969e-08	4.36732e-08	2.98741e-08	4.09703e-08
5.05552e-09	1.43051e-15	3.03936e-24	4.1432e-08	5.69429e-08	3.15812e-08	5.71876e-08
6.60119e-09	2.00272e-15	4.24832e-24	4.88281e-08	6.90534e-08	3.84096e-08	6.06018e-08
1.88687e-09	7.62939e-16	1.05679e-24	2.92969e-08	4.02647e-08	2.30458e-08	4.01167e-08
