rel. 1/cm	CCD cts
 1.11928E+01	 6.90800E+02
 1.15945E+01	 6.87800E+02
 1.19963E+01	 6.88400E+02
 1.23979E+01	 6.89000E+02
 1.27996E+01	 6.85600E+02
 1.32012E+01	 6.81800E+02
 1.36028E+01	 6.81600E+02
 1.40044E+01	 6.85000E+02
 1.44060E+01	 6.86800E+02
 1.48075E+01	 6.82000E+02
 1.52090E+01	 6.85400E+02
 1.56104E+01	 6.85400E+02
 1.60119E+01	 6.88000E+02
 1.64133E+01	 6.86200E+02
 1.68147E+01	 6.81800E+02
 1.72161E+01	 6.83200E+02
 1.76174E+01	 6.78800E+02
 1.80187E+01	 6.84200E+02
 1.84200E+01	 6.77400E+02
 1.88212E+01	 6.79400E+02
 1.92225E+01	 6.78800E+02
 1.96237E+01	 6.83200E+02
 2.00248E+01	 6.85600E+02
 2.04260E+01	 6.79200E+02
 2.08271E+01	 6.79200E+02
 2.12282E+01	 6.79200E+02
 2.16293E+01	 6.78800E+02
 2.20303E+01	 6.87200E+02
 2.24313E+01	 6.84000E+02
 2.28323E+01	 6.88200E+02
 2.32332E+01	 6.87800E+02
 2.36342E+01	 6.87800E+02
 2.40351E+01	 6.93400E+02
 2.44360E+01	 6.88600E+02
 2.48368E+01	 6.98600E+02
 2.52376E+01	 6.94600E+02
 2.56384E+01	 6.96600E+02
 2.60392E+01	 6.99200E+02
 2.64399E+01	 7.09200E+02
 2.68407E+01	 7.04800E+02
 2.72413E+01	 7.10200E+02
 2.76420E+01	 7.13400E+02
 2.80426E+01	 7.13800E+02
 2.84432E+01	 7.16800E+02
 2.88438E+01	 7.32000E+02
 2.92444E+01	 7.33600E+02
 2.96449E+01	 7.35200E+02
 3.00454E+01	 7.43600E+02
 3.04459E+01	 7.42600E+02
 3.08463E+01	 7.41200E+02
 3.12468E+01	 7.23600E+02
 3.16471E+01	 7.05600E+02
 3.20475E+01	 6.96800E+02
 3.24478E+01	 6.82600E+02
 3.28482E+01	 6.76200E+02
 3.32484E+01	 6.64000E+02
 3.36487E+01	 6.62200E+02
 3.40489E+01	 6.60200E+02
 3.44491E+01	 6.57400E+02
 3.48493E+01	 6.54600E+02
 3.52495E+01	 6.58000E+02
 3.56496E+01	 6.56200E+02
 3.60497E+01	 6.59200E+02
 3.64498E+01	 6.54600E+02
 3.68498E+01	 6.53000E+02
 3.72498E+01	 6.54000E+02
 3.76498E+01	 6.56200E+02
 3.80498E+01	 6.56200E+02
 3.84497E+01	 6.55600E+02
 3.88496E+01	 6.54800E+02
 3.92495E+01	 6.52400E+02
 3.96494E+01	 6.55400E+02
 4.00492E+01	 6.58800E+02
 4.04490E+01	 6.56000E+02
 4.08488E+01	 6.56000E+02
 4.12485E+01	 6.54600E+02
 4.16482E+01	 6.59400E+02
 4.20479E+01	 6.57600E+02
 4.24476E+01	 6.58200E+02
 4.28472E+01	 6.57600E+02
 4.32469E+01	 6.56200E+02
 4.36464E+01	 6.57600E+02
 4.40460E+01	 6.57400E+02
 4.44455E+01	 6.60800E+02
 4.48450E+01	 6.56800E+02
 4.52445E+01	 6.59400E+02
 4.56440E+01	 6.60400E+02
 4.60434E+01	 6.59400E+02
 4.64428E+01	 6.61200E+02
 4.68422E+01	 6.61800E+02
 4.72415E+01	 6.57600E+02
 4.76408E+01	 6.60400E+02
 4.80401E+01	 6.58200E+02
 4.84394E+01	 6.61600E+02
 4.88386E+01	 6.63800E+02
 4.92378E+01	 6.61600E+02
 4.96370E+01	 6.58000E+02
 5.00362E+01	 6.63200E+02
 5.04353E+01	 6.63200E+02
 5.08344E+01	 6.63000E+02
 5.12335E+01	 6.62200E+02
 5.16326E+01	 6.62400E+02
 5.20316E+01	 6.60600E+02
 5.24306E+01	 6.60600E+02
 5.28296E+01	 6.64200E+02
 5.32285E+01	 6.64000E+02
 5.36274E+01	 6.63800E+02
 5.40263E+01	 6.64000E+02
 5.44252E+01	 6.63400E+02
 5.48240E+01	 6.66400E+02
 5.52228E+01	 6.69200E+02
 5.56216E+01	 6.64800E+02
 5.60204E+01	 6.68800E+02
 5.64191E+01	 6.69600E+02
 5.68178E+01	 6.67400E+02
 5.72165E+01	 6.70200E+02
 5.76151E+01	 6.70200E+02
 5.80137E+01	 6.72600E+02
 5.84123E+01	 6.72600E+02
 5.88109E+01	 6.75800E+02
 5.92094E+01	 6.78600E+02
 5.96080E+01	 6.77400E+02
 6.00065E+01	 6.79000E+02
 6.04049E+01	 6.84600E+02
 6.08033E+01	 6.78400E+02
 6.12018E+01	 6.87600E+02
 6.16001E+01	 6.91600E+02
 6.19985E+01	 6.88800E+02
 6.23968E+01	 6.92800E+02
 6.27951E+01	 6.93400E+02
 6.31934E+01	 6.96200E+02
 6.35917E+01	 6.98600E+02
 6.39899E+01	 7.02800E+02
 6.43881E+01	 7.08400E+02
 6.47862E+01	 7.12800E+02
 6.51844E+01	 7.14800E+02
 6.55825E+01	 7.22800E+02
 6.59806E+01	 7.22200E+02
 6.63786E+01	 7.32000E+02
 6.67767E+01	 7.31400E+02
 6.71747E+01	 7.36400E+02
 6.75727E+01	 7.40800E+02
 6.79706E+01	 7.42000E+02
 6.83685E+01	 7.46200E+02
 6.87664E+01	 7.46400E+02
 6.91643E+01	 7.45000E+02
 6.95622E+01	 7.38400E+02
 6.99600E+01	 7.37600E+02
 7.03578E+01	 7.24600E+02
 7.07556E+01	 7.17200E+02
 7.11533E+01	 7.11400E+02
 7.15510E+01	 7.04000E+02
 7.19487E+01	 6.94600E+02
 7.23464E+01	 6.92000E+02
 7.27440E+01	 6.83800E+02
 7.31416E+01	 6.82800E+02
 7.35392E+01	 6.79800E+02
 7.39367E+01	 6.73600E+02
 7.43343E+01	 6.71800E+02
 7.47318E+01	 6.74200E+02
 7.51292E+01	 6.74000E+02
 7.55267E+01	 6.69000E+02
 7.59241E+01	 6.64200E+02
 7.63215E+01	 6.70600E+02
 7.67189E+01	 6.69400E+02
 7.71162E+01	 6.70000E+02
 7.75135E+01	 6.68800E+02
 7.79108E+01	 6.69600E+02
 7.83081E+01	 6.64600E+02
 7.87053E+01	 6.65800E+02
 7.91025E+01	 6.72400E+02
 7.94997E+01	 6.69600E+02
 7.98968E+01	 6.71400E+02
 8.02940E+01	 6.72200E+02
 8.06911E+01	 6.68600E+02
 8.10881E+01	 6.69400E+02
 8.14852E+01	 6.66800E+02
 8.18822E+01	 6.67800E+02
 8.22792E+01	 6.70400E+02
 8.26762E+01	 6.69600E+02
 8.30731E+01	 6.70800E+02
 8.34700E+01	 6.73600E+02
 8.38669E+01	 6.73200E+02
 8.42638E+01	 6.71600E+02
 8.46606E+01	 6.69600E+02
 8.50574E+01	 6.74600E+02
 8.54542E+01	 6.71400E+02
 8.58510E+01	 6.74600E+02
 8.62477E+01	 6.76600E+02
 8.66444E+01	 6.78000E+02
 8.70411E+01	 6.76600E+02
 8.74377E+01	 6.78000E+02
 8.78343E+01	 6.79400E+02
 8.82309E+01	 6.80200E+02
 8.86275E+01	 6.79000E+02
 8.90240E+01	 6.87200E+02
 8.94205E+01	 6.86400E+02
 8.98170E+01	 6.84800E+02
 9.02135E+01	 6.84800E+02
 9.06099E+01	 6.84600E+02
 9.10063E+01	 6.89800E+02
 9.14027E+01	 6.90600E+02
 9.17991E+01	 6.90200E+02
 9.21954E+01	 6.91000E+02
 9.25917E+01	 6.93400E+02
 9.29880E+01	 6.87600E+02
 9.33842E+01	 6.92000E+02
 9.37805E+01	 6.88600E+02
 9.41767E+01	 6.89000E+02
 9.45728E+01	 6.93200E+02
 9.49690E+01	 6.89800E+02
 9.53651E+01	 6.99200E+02
 9.57612E+01	 6.92200E+02
 9.61572E+01	 6.93600E+02
 9.65533E+01	 6.91600E+02
 9.69493E+01	 6.94800E+02
 9.73453E+01	 6.98200E+02
 9.77412E+01	 6.95600E+02
 9.81371E+01	 6.95800E+02
 9.85330E+01	 6.94400E+02
 9.89289E+01	 6.90000E+02
 9.93248E+01	 6.94400E+02
 9.97206E+01	 6.96600E+02
 1.00116E+02	 6.90200E+02
 1.00512E+02	 6.91800E+02
 1.00908E+02	 6.93600E+02
 1.01304E+02	 6.87000E+02
 1.01699E+02	 6.85800E+02
 1.02095E+02	 6.86200E+02
 1.02491E+02	 6.88000E+02
 1.02886E+02	 6.82400E+02
 1.03282E+02	 6.90800E+02
 1.03677E+02	 6.84800E+02
 1.04073E+02	 6.85200E+02
 1.04468E+02	 6.83000E+02
 1.04864E+02	 6.84000E+02
 1.05259E+02	 6.77800E+02
 1.05655E+02	 6.76400E+02
 1.06050E+02	 6.80800E+02
 1.06446E+02	 6.75600E+02
 1.06841E+02	 6.75600E+02
 1.07236E+02	 6.78000E+02
 1.07631E+02	 6.72800E+02
 1.08027E+02	 6.75400E+02
 1.08422E+02	 6.73800E+02
 1.08817E+02	 6.75200E+02
 1.09212E+02	 6.77400E+02
 1.09608E+02	 6.79000E+02
 1.10003E+02	 6.70800E+02
 1.10398E+02	 6.75600E+02
 1.10793E+02	 6.70000E+02
 1.11188E+02	 6.72800E+02
 1.11583E+02	 6.76200E+02
 1.11978E+02	 6.72400E+02
 1.12373E+02	 6.71000E+02
 1.12768E+02	 6.72000E+02
 1.13163E+02	 6.70200E+02
 1.13558E+02	 6.70400E+02
 1.13953E+02	 6.71200E+02
 1.14347E+02	 6.71600E+02
 1.14742E+02	 6.73200E+02
 1.15137E+02	 6.72800E+02
 1.15532E+02	 6.72000E+02
 1.15926E+02	 6.71600E+02
 1.16321E+02	 6.71800E+02
 1.16716E+02	 6.75600E+02
 1.17111E+02	 6.73400E+02
 1.17505E+02	 6.71400E+02
 1.17900E+02	 6.71000E+02
 1.18294E+02	 6.67800E+02
 1.18689E+02	 6.68600E+02
 1.19083E+02	 6.66800E+02
 1.19478E+02	 6.66800E+02
 1.19872E+02	 6.69000E+02
 1.20267E+02	 6.68400E+02
 1.20661E+02	 6.64400E+02
 1.21056E+02	 6.69200E+02
 1.21450E+02	 6.63000E+02
 1.21844E+02	 6.69200E+02
 1.22239E+02	 6.63200E+02
 1.22633E+02	 6.66600E+02
 1.23027E+02	 6.64800E+02
 1.23421E+02	 6.59800E+02
 1.23816E+02	 6.64000E+02
 1.24210E+02	 6.64400E+02
 1.24604E+02	 6.59200E+02
 1.24998E+02	 6.60400E+02
 1.25392E+02	 6.59800E+02
 1.25786E+02	 6.57000E+02
 1.26180E+02	 6.56600E+02
 1.26574E+02	 6.53400E+02
 1.26968E+02	 6.51400E+02
 1.27362E+02	 6.53800E+02
 1.27756E+02	 6.53600E+02
 1.28150E+02	 6.50200E+02
 1.28544E+02	 6.50200E+02
 1.28938E+02	 6.50200E+02
 1.29332E+02	 6.52200E+02
 1.29726E+02	 6.50800E+02
 1.30119E+02	 6.48200E+02
 1.30513E+02	 6.50800E+02
 1.30907E+02	 6.47600E+02
 1.31301E+02	 6.48200E+02
 1.31694E+02	 6.48600E+02
 1.32088E+02	 6.44800E+02
 1.32481E+02	 6.44800E+02
 1.32875E+02	 6.44000E+02
 1.33269E+02	 6.41600E+02
 1.33662E+02	 6.39000E+02
 1.34056E+02	 6.42400E+02
 1.34449E+02	 6.42400E+02
 1.34843E+02	 6.40600E+02
 1.35236E+02	 6.40000E+02
 1.35630E+02	 6.39800E+02
 1.36023E+02	 6.37800E+02
 1.36416E+02	 6.41000E+02
 1.36810E+02	 6.38400E+02
 1.37203E+02	 6.38200E+02
 1.37596E+02	 6.37800E+02
 1.37989E+02	 6.40400E+02
 1.38383E+02	 6.38400E+02
 1.38776E+02	 6.38600E+02
 1.39169E+02	 6.36000E+02
 1.39562E+02	 6.38800E+02
 1.39955E+02	 6.35000E+02
 1.40348E+02	 6.35800E+02
 1.40741E+02	 6.36400E+02
 1.41135E+02	 6.35600E+02
 1.41528E+02	 6.37600E+02
 1.41921E+02	 6.36000E+02
 1.42314E+02	 6.33400E+02
 1.42706E+02	 6.36600E+02
 1.43099E+02	 6.34400E+02
 1.43492E+02	 6.33200E+02
 1.43885E+02	 6.33000E+02
 1.44278E+02	 6.38200E+02
 1.44671E+02	 6.33800E+02
 1.45064E+02	 6.36200E+02
 1.45456E+02	 6.36000E+02
 1.45849E+02	 6.33400E+02
 1.46242E+02	 6.37000E+02
 1.46634E+02	 6.34400E+02
 1.47027E+02	 6.37400E+02
 1.47420E+02	 6.36600E+02
 1.47812E+02	 6.39400E+02
 1.48205E+02	 6.36200E+02
 1.48597E+02	 6.34400E+02
 1.48990E+02	 6.35000E+02
 1.49382E+02	 6.38000E+02
 1.49775E+02	 6.37200E+02
 1.50167E+02	 6.42400E+02
 1.50560E+02	 6.39400E+02
 1.50952E+02	 6.41800E+02
 1.51344E+02	 6.39600E+02
 1.51737E+02	 6.42400E+02
 1.52129E+02	 6.41200E+02
 1.52521E+02	 6.40800E+02
 1.52914E+02	 6.42000E+02
 1.53306E+02	 6.44400E+02
 1.53698E+02	 6.42200E+02
 1.54090E+02	 6.43600E+02
 1.54482E+02	 6.41800E+02
 1.54874E+02	 6.43200E+02
 1.55267E+02	 6.40800E+02
 1.55659E+02	 6.38600E+02
 1.56051E+02	 6.40800E+02
 1.56443E+02	 6.40600E+02
 1.56835E+02	 6.37400E+02
 1.57227E+02	 6.37000E+02
 1.57619E+02	 6.38200E+02
 1.58010E+02	 6.36400E+02
 1.58402E+02	 6.34800E+02
 1.58794E+02	 6.37000E+02
 1.59186E+02	 6.35000E+02
 1.59578E+02	 6.35800E+02
 1.59970E+02	 6.36600E+02
 1.60361E+02	 6.35600E+02
 1.60753E+02	 6.35800E+02
 1.61145E+02	 6.32200E+02
 1.61536E+02	 6.35400E+02
 1.61928E+02	 6.34400E+02
 1.62320E+02	 6.34200E+02
 1.62711E+02	 6.30400E+02
 1.63103E+02	 6.32400E+02
 1.63494E+02	 6.30400E+02
 1.63886E+02	 6.34000E+02
 1.64277E+02	 6.35600E+02
 1.64669E+02	 6.31600E+02
 1.65060E+02	 6.30400E+02
 1.65452E+02	 6.30600E+02
 1.65843E+02	 6.31000E+02
 1.66235E+02	 6.32400E+02
 1.66626E+02	 6.31400E+02
 1.67017E+02	 6.29600E+02
 1.67408E+02	 6.32400E+02
 1.67800E+02	 6.33000E+02
 1.68191E+02	 6.31600E+02
 1.68582E+02	 6.32200E+02
 1.68973E+02	 6.33200E+02
 1.69364E+02	 6.30200E+02
 1.69756E+02	 6.29800E+02
 1.70147E+02	 6.29400E+02
 1.70538E+02	 6.31000E+02
 1.70929E+02	 6.30200E+02
 1.71320E+02	 6.30000E+02
 1.71711E+02	 6.30400E+02
 1.72102E+02	 6.30600E+02
 1.72493E+02	 6.29400E+02
 1.72884E+02	 6.29000E+02
 1.73274E+02	 6.30800E+02
 1.73665E+02	 6.28400E+02
 1.74056E+02	 6.30800E+02
 1.74447E+02	 6.29200E+02
 1.74838E+02	 6.30400E+02
 1.75229E+02	 6.30600E+02
 1.75619E+02	 6.27400E+02
 1.76010E+02	 6.31400E+02
 1.76401E+02	 6.29800E+02
 1.76791E+02	 6.32800E+02
 1.77182E+02	 6.30400E+02
 1.77572E+02	 6.32400E+02
 1.77963E+02	 6.33400E+02
 1.78354E+02	 6.32800E+02
 1.78744E+02	 6.30000E+02
 1.79135E+02	 6.32200E+02
 1.79525E+02	 6.34000E+02
 1.79916E+02	 6.33000E+02
 1.80306E+02	 6.33200E+02
 1.80696E+02	 6.36600E+02
 1.81087E+02	 6.32400E+02
 1.81477E+02	 6.32600E+02
 1.81867E+02	 6.35200E+02
 1.82258E+02	 6.32400E+02
 1.82648E+02	 6.33800E+02
 1.83038E+02	 6.35200E+02
 1.83428E+02	 6.36800E+02
 1.83818E+02	 6.31800E+02
 1.84209E+02	 6.35000E+02
 1.84599E+02	 6.34600E+02
 1.84989E+02	 6.34800E+02
 1.85379E+02	 6.34400E+02
 1.85769E+02	 6.37600E+02
 1.86159E+02	 6.36200E+02
 1.86549E+02	 6.34600E+02
 1.86939E+02	 6.37400E+02
 1.87329E+02	 6.33600E+02
 1.87719E+02	 6.35000E+02
 1.88109E+02	 6.33400E+02
 1.88499E+02	 6.32800E+02
 1.88888E+02	 6.34400E+02
 1.89278E+02	 6.36200E+02
 1.89668E+02	 6.33400E+02
 1.90058E+02	 6.35200E+02
 1.90448E+02	 6.33800E+02
 1.90837E+02	 6.31000E+02
 1.91227E+02	 6.32800E+02
 1.91617E+02	 6.34000E+02
 1.92006E+02	 6.31600E+02
 1.92396E+02	 6.29600E+02
 1.92785E+02	 6.30200E+02
 1.93175E+02	 6.30000E+02
 1.93564E+02	 6.27000E+02
 1.93954E+02	 6.29600E+02
 1.94343E+02	 6.29600E+02
 1.94733E+02	 6.27600E+02
 1.95122E+02	 6.27200E+02
 1.95512E+02	 6.27200E+02
 1.95901E+02	 6.26400E+02
 1.96290E+02	 6.27800E+02
 1.96680E+02	 6.23400E+02
 1.97069E+02	 6.28800E+02
 1.97458E+02	 6.25800E+02
 1.97847E+02	 6.26000E+02
 1.98237E+02	 6.24600E+02
 1.98626E+02	 6.26000E+02
 1.99015E+02	 6.25800E+02
 1.99404E+02	 6.25600E+02
 1.99793E+02	 6.25600E+02
 2.00182E+02	 6.25600E+02
 2.00571E+02	 6.28600E+02
 2.00960E+02	 6.25800E+02
 2.01349E+02	 6.26400E+02
 2.01738E+02	 6.26000E+02
 2.02127E+02	 6.24800E+02
 2.02516E+02	 6.25200E+02
 2.02905E+02	 6.24600E+02
 2.03294E+02	 6.23000E+02
 2.03683E+02	 6.22600E+02
 2.04072E+02	 6.24400E+02
 2.04460E+02	 6.22600E+02
 2.04849E+02	 6.23200E+02
 2.05238E+02	 6.23600E+02
 2.05627E+02	 6.22400E+02
 2.06015E+02	 6.24200E+02
 2.06404E+02	 6.22600E+02
 2.06793E+02	 6.24400E+02
 2.07181E+02	 6.23400E+02
 2.07570E+02	 6.22200E+02
 2.07958E+02	 6.25200E+02
 2.08347E+02	 6.23400E+02
 2.08735E+02	 6.23200E+02
 2.09124E+02	 6.29600E+02
 2.09512E+02	 6.23400E+02
 2.09901E+02	 6.25800E+02
 2.10289E+02	 6.22800E+02
 2.10678E+02	 6.24200E+02
 2.11066E+02	 6.24800E+02
 2.11454E+02	 6.23600E+02
 2.11843E+02	 6.23200E+02
 2.12231E+02	 6.24200E+02
 2.12619E+02	 6.22200E+02
 2.13007E+02	 6.22400E+02
 2.13396E+02	 6.21600E+02
 2.13784E+02	 6.21200E+02
 2.14172E+02	 6.21000E+02
 2.14560E+02	 6.21400E+02
 2.14948E+02	 6.24400E+02
 2.15336E+02	 6.22800E+02
 2.15724E+02	 6.22000E+02
 2.16112E+02	 6.20400E+02
 2.16500E+02	 6.21200E+02
 2.16888E+02	 6.19800E+02
 2.17276E+02	 6.24200E+02
 2.17664E+02	 6.23000E+02
 2.18052E+02	 6.21200E+02
 2.18440E+02	 6.21600E+02
 2.18827E+02	 6.20800E+02
 2.19215E+02	 6.20600E+02
 2.19603E+02	 6.21800E+02
 2.19991E+02	 6.22400E+02
 2.20379E+02	 6.21400E+02
 2.20766E+02	 6.20400E+02
 2.21154E+02	 6.21000E+02
 2.21542E+02	 6.20400E+02
 2.21929E+02	 6.22600E+02
 2.22317E+02	 6.19200E+02
 2.22704E+02	 6.20800E+02
 2.23092E+02	 6.21800E+02
 2.23479E+02	 6.19400E+02
 2.23867E+02	 6.21400E+02
 2.24254E+02	 6.19000E+02
 2.24642E+02	 6.19400E+02
 2.25029E+02	 6.21600E+02
 2.25417E+02	 6.20800E+02
 2.25804E+02	 6.20800E+02
 2.26191E+02	 6.21000E+02
 2.26579E+02	 6.21000E+02
 2.26966E+02	 6.19200E+02
 2.27353E+02	 6.20000E+02
 2.27740E+02	 6.18800E+02
 2.28128E+02	 6.19200E+02
 2.28515E+02	 6.19800E+02
 2.28902E+02	 6.21600E+02
 2.29289E+02	 6.21000E+02
 2.29676E+02	 6.21000E+02
 2.30063E+02	 6.20400E+02
 2.30450E+02	 6.18400E+02
 2.30837E+02	 6.20000E+02
 2.31224E+02	 6.17600E+02
 2.31611E+02	 6.21600E+02
 2.31998E+02	 6.20400E+02
 2.32385E+02	 6.20400E+02
 2.32772E+02	 6.19800E+02
 2.33159E+02	 6.20000E+02
 2.33546E+02	 6.21200E+02
 2.33933E+02	 6.20400E+02
 2.34319E+02	 6.20000E+02
 2.34706E+02	 6.19200E+02
 2.35093E+02	 6.19000E+02
 2.35480E+02	 6.19800E+02
 2.35866E+02	 6.20200E+02
 2.36253E+02	 6.18200E+02
 2.36639E+02	 6.19000E+02
 2.37026E+02	 6.20000E+02
 2.37413E+02	 6.19200E+02
 2.37799E+02	 6.19600E+02
 2.38186E+02	 6.20200E+02
 2.38572E+02	 6.17800E+02
 2.38959E+02	 6.17600E+02
 2.39345E+02	 6.18800E+02
 2.39732E+02	 6.20200E+02
 2.40118E+02	 6.19800E+02
 2.40504E+02	 6.19800E+02
 2.40891E+02	 6.17400E+02
 2.41277E+02	 6.18400E+02
 2.41663E+02	 6.18600E+02
 2.42050E+02	 6.21200E+02
 2.42436E+02	 6.19800E+02
 2.42822E+02	 6.18800E+02
 2.43208E+02	 6.17000E+02
 2.43594E+02	 6.18200E+02
 2.43981E+02	 6.20200E+02
 2.44367E+02	 6.19600E+02
 2.44753E+02	 6.19200E+02
 2.45139E+02	 6.22000E+02
 2.45525E+02	 6.19000E+02
 2.45911E+02	 6.19200E+02
 2.46297E+02	 6.18200E+02
 2.46683E+02	 6.20400E+02
 2.47069E+02	 6.18200E+02
 2.47455E+02	 6.19200E+02
 2.47841E+02	 6.18200E+02
 2.48226E+02	 6.19600E+02
 2.48612E+02	 6.19600E+02
 2.48998E+02	 6.20800E+02
 2.49384E+02	 6.17400E+02
 2.49770E+02	 6.18600E+02
 2.50155E+02	 6.20000E+02
 2.50541E+02	 6.19600E+02
 2.50927E+02	 6.19200E+02
 2.51312E+02	 6.19400E+02
 2.51698E+02	 6.17000E+02
 2.52084E+02	 6.18600E+02
 2.52469E+02	 6.19000E+02
 2.52855E+02	 6.18800E+02
 2.53240E+02	 6.18400E+02
 2.53626E+02	 6.18400E+02
 2.54011E+02	 6.20800E+02
 2.54397E+02	 6.18800E+02
 2.54782E+02	 6.17400E+02
 2.55167E+02	 6.19000E+02
 2.55553E+02	 6.19600E+02
 2.55938E+02	 6.18400E+02
 2.56323E+02	 6.17200E+02
 2.56709E+02	 6.19200E+02
 2.57094E+02	 6.17600E+02
 2.57479E+02	 6.19200E+02
 2.57864E+02	 6.17200E+02
 2.58250E+02	 6.19000E+02
 2.58635E+02	 6.19000E+02
 2.59020E+02	 6.18400E+02
 2.59405E+02	 6.17000E+02
 2.59790E+02	 6.18000E+02
 2.60175E+02	 6.17200E+02
 2.60560E+02	 6.17200E+02
 2.60945E+02	 6.19200E+02
 2.61330E+02	 6.18000E+02
 2.61715E+02	 6.18000E+02
 2.62100E+02	 6.16000E+02
 2.62485E+02	 6.18200E+02
 2.62870E+02	 6.16600E+02
 2.63255E+02	 6.17000E+02
 2.63639E+02	 6.16000E+02
 2.64024E+02	 6.17200E+02
 2.64409E+02	 6.17400E+02
 2.64794E+02	 6.18400E+02
 2.65178E+02	 6.16200E+02
 2.65563E+02	 6.17000E+02
 2.65948E+02	 6.16200E+02
 2.66332E+02	 6.15200E+02
 2.66717E+02	 6.16200E+02
 2.67102E+02	 6.17800E+02
 2.67486E+02	 6.18800E+02
 2.67871E+02	 6.15600E+02
 2.68255E+02	 6.17000E+02
 2.68640E+02	 6.15400E+02
 2.69024E+02	 6.18200E+02
 2.69409E+02	 6.17600E+02
 2.69793E+02	 6.16400E+02
 2.70177E+02	 6.16600E+02
 2.70562E+02	 6.17800E+02
 2.70946E+02	 6.18400E+02
 2.71330E+02	 6.15000E+02
 2.71715E+02	 6.17000E+02
 2.72099E+02	 6.16400E+02
 2.72483E+02	 6.15800E+02
 2.72867E+02	 6.15800E+02
 2.73252E+02	 6.15200E+02
 2.73636E+02	 6.15800E+02
 2.74020E+02	 6.15000E+02
 2.74404E+02	 6.14400E+02
 2.74788E+02	 6.16400E+02
 2.75172E+02	 6.13800E+02
 2.75556E+02	 6.17400E+02
 2.75940E+02	 6.14800E+02
 2.76324E+02	 6.15400E+02
 2.76708E+02	 6.14400E+02
 2.77092E+02	 6.15800E+02
 2.77476E+02	 6.15000E+02
 2.77860E+02	 6.16200E+02
 2.78244E+02	 6.16200E+02
 2.78627E+02	 6.14800E+02
 2.79011E+02	 6.15600E+02
 2.79395E+02	 6.16800E+02
 2.79779E+02	 6.17600E+02
 2.80162E+02	 6.15000E+02
 2.80546E+02	 6.17400E+02
 2.80930E+02	 6.16600E+02
 2.81313E+02	 6.15600E+02
 2.81697E+02	 6.16800E+02
 2.82081E+02	 6.16600E+02
 2.82464E+02	 6.16600E+02
 2.82848E+02	 6.15200E+02
 2.83231E+02	 6.15600E+02
 2.83615E+02	 6.16000E+02
 2.83998E+02	 6.15000E+02
 2.84382E+02	 6.15600E+02
 2.84765E+02	 6.14200E+02
 2.85148E+02	 6.14600E+02
 2.85532E+02	 6.15000E+02
 2.85915E+02	 6.15400E+02
 2.86298E+02	 6.17200E+02
 2.86682E+02	 6.13400E+02
 2.87065E+02	 6.16600E+02
 2.87448E+02	 6.16000E+02
 2.87831E+02	 6.16000E+02
 2.88214E+02	 6.14800E+02
 2.88598E+02	 6.14000E+02
 2.88981E+02	 6.14800E+02
 2.89364E+02	 6.15600E+02
 2.89747E+02	 6.16000E+02
 2.90130E+02	 6.14800E+02
 2.90513E+02	 6.13400E+02
 2.90896E+02	 6.14200E+02
 2.91279E+02	 6.16400E+02
 2.91662E+02	 6.15600E+02
 2.92045E+02	 6.13600E+02
 2.92428E+02	 6.13600E+02
 2.92810E+02	 6.16400E+02
 2.93193E+02	 6.16400E+02
 2.93576E+02	 6.15200E+02
 2.93959E+02	 6.15200E+02
 2.94342E+02	 6.14800E+02
 2.94724E+02	 6.16400E+02
 2.95107E+02	 6.16400E+02
 2.95490E+02	 6.15200E+02
 2.95872E+02	 6.15600E+02
 2.96255E+02	 6.13200E+02
 2.96638E+02	 6.15000E+02
 2.97020E+02	 6.17000E+02
 2.97403E+02	 6.15200E+02
 2.97785E+02	 6.15000E+02
 2.98168E+02	 6.16400E+02
 2.98550E+02	 6.14200E+02
 2.98933E+02	 6.13800E+02
 2.99315E+02	 6.15600E+02
 2.99698E+02	 6.15800E+02
 3.00080E+02	 6.15600E+02
 3.00462E+02	 6.13800E+02
 3.00845E+02	 6.15200E+02
 3.01227E+02	 6.15400E+02
 3.01609E+02	 6.15600E+02
 3.01992E+02	 6.15200E+02
 3.02374E+02	 6.16400E+02
 3.02756E+02	 6.15000E+02
 3.03138E+02	 6.15200E+02
 3.03520E+02	 6.14800E+02
 3.03902E+02	 6.14400E+02
 3.04284E+02	 6.15600E+02
 3.04667E+02	 6.14000E+02
 3.05049E+02	 6.14000E+02
 3.05431E+02	 6.15200E+02
 3.05813E+02	 6.15800E+02
 3.06195E+02	 6.13000E+02
 3.06577E+02	 6.14800E+02
 3.06958E+02	 6.14200E+02
 3.07340E+02	 6.14800E+02
 3.07722E+02	 6.15800E+02
 3.08104E+02	 6.14400E+02
 3.08486E+02	 6.19200E+02
 3.08868E+02	 6.13400E+02
 3.09249E+02	 6.16400E+02
 3.09631E+02	 6.14600E+02
 3.10013E+02	 6.14800E+02
 3.10395E+02	 6.16200E+02
 3.10776E+02	 6.17000E+02
 3.11158E+02	 6.17200E+02
 3.11539E+02	 6.13400E+02
 3.11921E+02	 6.15400E+02
 3.12303E+02	 6.14600E+02
 3.12684E+02	 6.14800E+02
 3.13066E+02	 6.13200E+02
 3.13447E+02	 6.14200E+02
 3.13829E+02	 6.13800E+02
 3.14210E+02	 6.14000E+02
 3.14591E+02	 6.15400E+02
 3.14973E+02	 6.14400E+02
 3.15354E+02	 6.13800E+02
 3.15735E+02	 6.14200E+02
 3.16117E+02	 6.12400E+02
 3.16498E+02	 6.14400E+02
 3.16879E+02	 6.14600E+02
 3.17260E+02	 6.14800E+02
 3.17642E+02	 6.15600E+02
 3.18023E+02	 6.14600E+02
 3.18404E+02	 6.14400E+02
 3.18785E+02	 6.14000E+02
 3.19166E+02	 6.13400E+02
 3.19547E+02	 6.14600E+02
 3.19928E+02	 6.14800E+02
 3.20309E+02	 6.14200E+02
 3.20690E+02	 6.14000E+02
 3.21071E+02	 6.14600E+02
 3.21452E+02	 6.14600E+02
 3.21833E+02	 6.15800E+02
 3.22214E+02	 6.15200E+02
 3.22595E+02	 6.17800E+02
 3.22976E+02	 6.18600E+02
 3.23357E+02	 6.15200E+02
 3.23737E+02	 6.16000E+02
 3.24118E+02	 6.14800E+02
 3.24499E+02	 6.12400E+02
 3.24880E+02	 6.14600E+02
 3.25260E+02	 6.14000E+02
 3.25641E+02	 6.13600E+02
 3.26022E+02	 6.14800E+02
 3.26402E+02	 6.16000E+02
 3.26783E+02	 6.13000E+02
 3.27163E+02	 6.13600E+02
 3.27544E+02	 6.13400E+02
 3.27924E+02	 6.15000E+02
 3.28305E+02	 6.13600E+02
 3.28685E+02	 6.12200E+02
 3.29066E+02	 6.15000E+02
 3.29446E+02	 6.15200E+02
 3.29827E+02	 6.13800E+02
 3.30207E+02	 6.12800E+02
 3.30587E+02	 6.13200E+02
 3.30968E+02	 6.15800E+02
 3.31348E+02	 6.13600E+02
 3.31728E+02	 6.12600E+02
 3.32108E+02	 6.13000E+02
 3.32489E+02	 6.31600E+02
 3.32869E+02	 6.14400E+02
 3.33249E+02	 6.14600E+02
 3.33629E+02	 6.13800E+02
 3.34009E+02	 6.13600E+02
 3.34389E+02	 6.14000E+02
 3.34769E+02	 6.14400E+02
 3.35149E+02	 6.14400E+02
 3.35529E+02	 6.12800E+02
 3.35909E+02	 6.15400E+02
 3.36289E+02	 6.13600E+02
 3.36669E+02	 6.14600E+02
 3.37049E+02	 6.14400E+02
 3.37429E+02	 6.13600E+02
 3.37809E+02	 6.13800E+02
 3.38189E+02	 6.15000E+02
 3.38568E+02	 6.15600E+02
 3.38948E+02	 6.14600E+02
 3.39328E+02	 6.15600E+02
 3.39708E+02	 6.12800E+02
 3.40087E+02	 6.14600E+02
 3.40467E+02	 6.13600E+02
 3.40847E+02	 6.14600E+02
 3.41226E+02	 6.14800E+02
 3.41606E+02	 6.14000E+02
 3.41985E+02	 6.14400E+02
 3.42365E+02	 6.13200E+02
 3.42744E+02	 6.15600E+02
 3.43124E+02	 6.16200E+02
 3.43503E+02	 6.14000E+02
 3.43883E+02	 6.14400E+02
 3.44262E+02	 6.15200E+02
 3.44642E+02	 6.15200E+02
 3.45021E+02	 6.14200E+02
 3.45400E+02	 6.13800E+02
 3.45780E+02	 6.15200E+02
 3.46159E+02	 6.14200E+02
 3.46538E+02	 6.15000E+02
 3.46917E+02	 6.14000E+02
 3.47297E+02	 6.13600E+02
 3.47676E+02	 6.15200E+02
 3.48055E+02	 6.14000E+02
 3.48434E+02	 6.14800E+02
 3.48813E+02	 6.12200E+02
 3.49192E+02	 6.14200E+02
 3.49571E+02	 6.14000E+02
 3.49950E+02	 6.18000E+02
 3.50329E+02	 6.14400E+02
 3.50708E+02	 6.14800E+02
 3.51087E+02	 6.15000E+02
 3.51466E+02	 6.15400E+02
 3.51845E+02	 6.13600E+02
 3.52224E+02	 6.13800E+02
 3.52603E+02	 6.12000E+02
 3.52982E+02	 6.13200E+02
 3.53361E+02	 6.13200E+02
 3.53739E+02	 6.14400E+02
 3.54118E+02	 6.13400E+02
 3.54497E+02	 6.13200E+02
 3.54875E+02	 6.15000E+02
 3.55254E+02	 6.14400E+02
 3.55633E+02	 6.12600E+02
 3.56011E+02	 6.14200E+02
 3.56390E+02	 6.14200E+02
 3.56769E+02	 6.14200E+02
 3.57147E+02	 6.12800E+02
 3.57526E+02	 6.12600E+02
 3.57904E+02	 6.12000E+02
 3.58283E+02	 6.12800E+02
 3.58661E+02	 6.14400E+02
 3.59040E+02	 6.13400E+02
 3.59418E+02	 6.13600E+02
 3.59796E+02	 6.12800E+02
 3.60175E+02	 6.15200E+02
 3.60553E+02	 6.14200E+02
 3.60931E+02	 6.13000E+02
 3.61310E+02	 6.14200E+02
 3.61688E+02	 6.13000E+02
 3.62066E+02	 6.12600E+02
 3.62444E+02	 6.13400E+02
 3.62822E+02	 6.13800E+02
 3.63201E+02	 6.13600E+02
 3.63579E+02	 6.14200E+02
 3.63957E+02	 6.12200E+02
 3.64335E+02	 6.14800E+02
 3.64713E+02	 6.14000E+02
 3.65091E+02	 6.12400E+02
 3.65469E+02	 6.14400E+02
 3.65847E+02	 6.11800E+02
 3.66225E+02	 6.14000E+02
 3.66603E+02	 6.13000E+02
 3.66981E+02	 6.13600E+02
 3.67358E+02	 6.13200E+02
 3.67736E+02	 6.12800E+02
 3.68114E+02	 6.12800E+02
 3.68492E+02	 6.15000E+02
 3.68870E+02	 6.15800E+02
 3.69247E+02	 6.14600E+02
 3.69625E+02	 6.12800E+02
 3.70003E+02	 6.13400E+02
 3.70380E+02	 6.11800E+02
 3.70758E+02	 6.14200E+02
 3.71136E+02	 6.12000E+02
 3.71513E+02	 6.12600E+02
 3.71891E+02	 6.14200E+02
 3.72268E+02	 6.16000E+02
 3.72646E+02	 6.14000E+02
 3.73023E+02	 6.12200E+02
 3.73401E+02	 6.14400E+02
 3.73778E+02	 6.14200E+02
 3.74156E+02	 6.12400E+02
 3.74533E+02	 6.13200E+02
 3.74910E+02	 6.13000E+02
 3.75288E+02	 6.12800E+02
 3.75665E+02	 6.12800E+02
 3.76042E+02	 6.12400E+02
 3.76420E+02	 6.15400E+02
 3.76797E+02	 6.14600E+02
 3.77174E+02	 6.13000E+02
 3.77551E+02	 6.13200E+02
 3.77928E+02	 6.14800E+02
 3.78306E+02	 6.14000E+02
 3.78683E+02	 6.13800E+02
 3.79060E+02	 6.15200E+02
 3.79437E+02	 6.12800E+02
 3.79814E+02	 6.12400E+02
 3.80191E+02	 6.12400E+02
 3.80568E+02	 6.14000E+02
 3.80945E+02	 6.14200E+02
 3.81322E+02	 6.13600E+02
 3.81699E+02	 6.13600E+02
 3.82076E+02	 6.14200E+02
 3.82452E+02	 6.13400E+02
 3.82829E+02	 6.13800E+02
 3.83206E+02	 6.12000E+02
 3.83583E+02	 6.11800E+02
 3.83960E+02	 6.12000E+02
 3.84336E+02	 6.13600E+02
 3.84713E+02	 6.12400E+02
 3.85090E+02	 6.12600E+02
 3.85466E+02	 6.14200E+02
 3.85843E+02	 6.12000E+02
 3.86220E+02	 6.12800E+02
 3.86596E+02	 6.12000E+02
 3.86973E+02	 6.11800E+02
 3.87349E+02	 6.14800E+02
 3.87726E+02	 6.13600E+02
 3.88102E+02	 6.12000E+02
 3.88479E+02	 6.11400E+02
 3.88855E+02	 6.11800E+02
 3.89231E+02	 6.13400E+02
 3.89608E+02	 6.11600E+02
 3.89984E+02	 6.13200E+02
 3.90360E+02	 6.12400E+02
 3.90737E+02	 6.11600E+02
 3.91113E+02	 6.12800E+02
 3.91489E+02	 6.12400E+02
 3.91866E+02	 6.13400E+02
 3.92242E+02	 6.10800E+02
 3.92618E+02	 6.12600E+02
 3.92994E+02	 6.12600E+02
 3.93370E+02	 6.12200E+02
 3.93746E+02	 6.13000E+02
 3.94122E+02	 6.12800E+02
 3.94498E+02	 6.11000E+02
 3.94874E+02	 6.12600E+02
 3.95250E+02	 6.12000E+02
 3.95626E+02	 6.13000E+02
 3.96002E+02	 6.12400E+02
 3.96378E+02	 6.11800E+02
 3.96754E+02	 6.13200E+02
 3.97130E+02	 6.12800E+02
 3.97506E+02	 6.13400E+02
 3.97882E+02	 6.13200E+02
 3.98257E+02	 6.13000E+02
 3.98633E+02	 6.11000E+02
 3.99009E+02	 6.12600E+02
 3.99385E+02	 6.12000E+02
 3.99760E+02	 6.12000E+02
 4.00136E+02	 6.12400E+02
 4.00512E+02	 6.12200E+02
 4.00887E+02	 6.12200E+02
 4.01263E+02	 6.13200E+02
 4.01639E+02	 6.17800E+02
 4.02014E+02	 6.12000E+02
 4.02390E+02	 6.13600E+02
 4.02765E+02	 6.13200E+02
 4.03141E+02	 6.10800E+02
 4.03516E+02	 6.12200E+02
 4.03891E+02	 6.12400E+02
 4.04267E+02	 6.13800E+02
 4.04642E+02	 6.12600E+02
 4.05018E+02	 6.12000E+02
 4.05393E+02	 6.12600E+02
 4.05768E+02	 6.12600E+02
 4.06143E+02	 6.11400E+02
 4.06519E+02	 6.12000E+02
 4.06894E+02	 6.13000E+02
 4.07269E+02	 6.12800E+02
 4.07644E+02	 6.13000E+02
 4.08019E+02	 6.13600E+02
 4.08394E+02	 6.13400E+02
 4.08770E+02	 6.12600E+02
 4.09145E+02	 6.12000E+02
 4.09520E+02	 6.12200E+02
 4.09895E+02	 6.11000E+02
 4.10270E+02	 6.14000E+02
 4.10645E+02	 6.12200E+02
 4.11020E+02	 6.12200E+02
 4.11395E+02	 6.14600E+02
 4.11769E+02	 6.14000E+02
 4.12144E+02	 6.11800E+02
 4.12519E+02	 6.12000E+02
 4.12894E+02	 6.14400E+02
 4.13269E+02	 6.12800E+02
 4.13643E+02	 6.14200E+02
 4.14018E+02	 6.13200E+02
 4.14393E+02	 6.15400E+02
 4.14768E+02	 6.13000E+02
 4.15142E+02	 6.14400E+02
 4.15517E+02	 6.15600E+02
 4.15892E+02	 6.17200E+02
 4.16266E+02	 6.18200E+02
 4.16641E+02	 6.20000E+02
 4.17015E+02	 6.21400E+02
 4.17390E+02	 6.19200E+02
 4.17764E+02	 6.15800E+02
 4.18139E+02	 6.15800E+02
 4.18513E+02	 6.15600E+02
 4.18888E+02	 6.13600E+02
 4.19262E+02	 6.13600E+02
 4.19636E+02	 6.12600E+02
 4.20011E+02	 6.11600E+02
 4.20385E+02	 6.13800E+02
 4.20759E+02	 6.13800E+02
 4.21134E+02	 6.12000E+02
 4.21508E+02	 6.12400E+02
 4.21882E+02	 6.11800E+02
 4.22256E+02	 6.12800E+02
 4.22630E+02	 6.11400E+02
 4.23004E+02	 6.13200E+02
 4.23379E+02	 6.12200E+02
 4.23753E+02	 6.12200E+02
 4.24127E+02	 6.11600E+02
 4.24501E+02	 6.11800E+02
 4.24875E+02	 6.12600E+02
 4.25249E+02	 6.12000E+02
 4.25623E+02	 6.12200E+02
 4.25997E+02	 6.11600E+02
 4.26371E+02	 6.11800E+02
 4.26744E+02	 6.12600E+02
 4.27118E+02	 6.14400E+02
 4.27492E+02	 6.11400E+02
 4.27866E+02	 6.09600E+02
 4.28240E+02	 6.12400E+02
 4.28614E+02	 6.12400E+02
 4.28987E+02	 6.13600E+02
 4.29361E+02	 6.12200E+02
 4.29735E+02	 6.11600E+02
 4.30108E+02	 6.12000E+02
 4.30482E+02	 6.12800E+02
 4.30856E+02	 6.11200E+02
 4.31229E+02	 6.12800E+02
 4.31603E+02	 6.11400E+02
 4.31976E+02	 6.13000E+02
 4.32350E+02	 6.13600E+02
 4.32723E+02	 6.13800E+02
 4.33097E+02	 6.13000E+02
 4.33470E+02	 6.11800E+02
 4.33844E+02	 6.12000E+02
 4.34217E+02	 6.23800E+02
 4.34590E+02	 6.10600E+02
 4.34964E+02	 6.12200E+02
 4.35337E+02	 6.12600E+02
 4.35710E+02	 6.12000E+02
 4.36084E+02	 6.11600E+02
 4.36457E+02	 6.11400E+02
 4.36830E+02	 6.12800E+02
 4.37203E+02	 6.11600E+02
 4.37576E+02	 6.12200E+02
 4.37950E+02	 6.14200E+02
 4.38323E+02	 6.11800E+02
 4.38696E+02	 6.09800E+02
 4.39069E+02	 6.12000E+02
 4.39442E+02	 6.11600E+02
 4.39815E+02	 6.12000E+02
 4.40188E+02	 6.11800E+02
 4.40561E+02	 6.11200E+02
 4.40934E+02	 6.12800E+02
 4.41307E+02	 6.13200E+02
 4.41680E+02	 6.11000E+02
 4.42052E+02	 6.14200E+02
 4.42425E+02	 6.12000E+02
 4.42798E+02	 6.11200E+02
 4.43171E+02	 6.11600E+02
 4.43544E+02	 6.13000E+02
 4.43916E+02	 6.11000E+02
 4.44289E+02	 6.11800E+02
 4.44662E+02	 6.12600E+02
 4.45034E+02	 6.11400E+02
 4.45407E+02	 6.12000E+02
 4.45780E+02	 6.12000E+02
 4.46152E+02	 6.11200E+02
 4.46525E+02	 6.12400E+02
 4.46897E+02	 6.11000E+02
 4.47270E+02	 6.11400E+02
 4.47642E+02	 6.11200E+02
 4.48015E+02	 6.10600E+02
 4.48387E+02	 6.11600E+02
 4.48760E+02	 6.11200E+02
 4.49132E+02	 6.11600E+02
 4.49504E+02	 6.12200E+02
 4.49877E+02	 6.12800E+02
 4.50249E+02	 6.11400E+02
 4.50621E+02	 6.11800E+02
 4.50994E+02	 6.10800E+02
 4.51366E+02	 6.11600E+02
 4.51738E+02	 6.12200E+02
 4.52110E+02	 6.10800E+02
 4.52482E+02	 6.11400E+02
 4.52855E+02	 6.11400E+02
 4.53227E+02	 6.11200E+02
 4.53599E+02	 6.12200E+02
 4.53971E+02	 6.11200E+02
 4.54343E+02	 6.12600E+02
 4.54715E+02	 6.11200E+02
 4.55087E+02	 6.12600E+02
 4.55459E+02	 6.12800E+02
 4.55831E+02	 6.11600E+02
 4.56203E+02	 6.11400E+02
 4.56575E+02	 6.13200E+02
 4.56946E+02	 6.10600E+02
 4.57318E+02	 6.13200E+02
 4.57690E+02	 6.12400E+02
 4.58062E+02	 6.11600E+02
 4.58434E+02	 6.10400E+02
 4.58805E+02	 6.10400E+02
 4.59177E+02	 6.11000E+02
 4.59549E+02	 6.11200E+02
 4.59921E+02	 6.12200E+02
 4.60292E+02	 6.11400E+02
 4.60664E+02	 6.11000E+02
 4.61035E+02	 6.11200E+02
 4.61407E+02	 6.12000E+02
 4.61778E+02	 6.10400E+02
 4.62150E+02	 6.12000E+02
 4.62521E+02	 6.11800E+02
 4.62893E+02	 6.13200E+02
 4.63264E+02	 6.10200E+02
 4.63636E+02	 6.11200E+02
 4.64007E+02	 6.12000E+02
 4.64379E+02	 6.13400E+02
 4.64750E+02	 6.12200E+02
 4.65121E+02	 6.13200E+02
 4.65493E+02	 6.13200E+02
 4.65864E+02	 6.11600E+02
 4.66235E+02	 6.12400E+02
 4.66606E+02	 6.12400E+02
 4.66977E+02	 6.13000E+02
 4.67349E+02	 6.11200E+02
 4.67720E+02	 6.10800E+02
 4.68091E+02	 6.11000E+02
 4.68462E+02	 6.10200E+02
 4.68833E+02	 6.12400E+02
 4.69204E+02	 6.10600E+02
 4.69575E+02	 6.09200E+02
 4.69946E+02	 6.12800E+02
 4.70317E+02	 6.10400E+02
 4.70688E+02	 6.11400E+02
 4.71059E+02	 6.12200E+02
 4.71430E+02	 6.12600E+02
 4.71801E+02	 6.13200E+02
 4.72172E+02	 6.12000E+02
 4.72542E+02	 6.13000E+02
 4.72913E+02	 6.15800E+02
 4.73284E+02	 6.22600E+02
 4.73655E+02	 6.22400E+02
 4.74025E+02	 6.19400E+02
 4.74396E+02	 6.14600E+02
 4.74767E+02	 6.12000E+02
 4.75138E+02	 6.12000E+02
 4.75508E+02	 6.12200E+02
 4.75879E+02	 6.11000E+02
 4.76249E+02	 6.11400E+02
 4.76620E+02	 6.12000E+02
 4.76990E+02	 6.12000E+02
 4.77361E+02	 6.13800E+02
 4.77731E+02	 6.11800E+02
 4.78102E+02	 6.11400E+02
 4.78472E+02	 6.10400E+02
 4.78843E+02	 6.12200E+02
 4.79213E+02	 6.12800E+02
 4.79583E+02	 6.10800E+02
 4.79954E+02	 6.10800E+02
 4.80324E+02	 6.11800E+02
 4.80694E+02	 6.10400E+02
 4.81065E+02	 6.12400E+02
 4.81435E+02	 6.10200E+02
 4.81805E+02	 6.10400E+02
 4.82175E+02	 6.11800E+02
 4.82545E+02	 6.10800E+02
 4.82915E+02	 6.11000E+02
 4.83286E+02	 6.11800E+02
 4.83656E+02	 6.09800E+02
 4.84026E+02	 6.11800E+02
 4.84396E+02	 6.10400E+02
 4.84766E+02	 6.12400E+02
 4.85136E+02	 6.13400E+02
 4.85506E+02	 6.11800E+02
 4.85876E+02	 6.11600E+02
 4.86245E+02	 6.12200E+02
 4.86615E+02	 6.11200E+02
 4.86985E+02	 6.12000E+02
 4.87355E+02	 6.11200E+02
 4.87725E+02	 6.12400E+02
 4.88095E+02	 6.11200E+02
 4.88464E+02	 6.11400E+02
 4.88834E+02	 6.11600E+02
 4.89204E+02	 6.10400E+02
 4.89574E+02	 6.10800E+02
 4.89943E+02	 6.12200E+02
 4.90313E+02	 6.11200E+02
 4.90682E+02	 6.11200E+02
 4.91052E+02	 6.11200E+02
 4.91422E+02	 6.12000E+02
 4.91791E+02	 6.11000E+02
 4.92161E+02	 6.09800E+02
 4.92530E+02	 6.11800E+02
 4.92900E+02	 6.10800E+02
 4.93269E+02	 6.11400E+02
 4.93638E+02	 6.11400E+02
 4.94008E+02	 6.11000E+02
 4.94377E+02	 6.12800E+02
 4.94747E+02	 6.13200E+02
 4.95116E+02	 6.11600E+02
 4.95485E+02	 6.12400E+02
 4.95854E+02	 6.13000E+02
 4.96224E+02	 6.11600E+02
 4.96593E+02	 6.12000E+02
 4.96962E+02	 6.11000E+02
 4.97331E+02	 6.10600E+02
 4.97700E+02	 6.10800E+02
 4.98069E+02	 6.12000E+02
 4.98439E+02	 6.11800E+02
 4.98808E+02	 6.10600E+02
 4.99177E+02	 6.11200E+02
 4.99546E+02	 6.11000E+02
 4.99915E+02	 6.12600E+02
 5.00284E+02	 6.11600E+02
 5.00653E+02	 6.11200E+02
 5.01021E+02	 6.10400E+02
 5.01390E+02	 6.11200E+02
 5.01759E+02	 6.10400E+02
 5.02128E+02	 6.12000E+02
 5.02497E+02	 6.10600E+02
 5.02866E+02	 6.10600E+02
 5.03234E+02	 6.11400E+02
 5.03603E+02	 6.12000E+02
 5.03972E+02	 6.11600E+02
 5.04341E+02	 6.10400E+02
 5.04709E+02	 6.12400E+02
 5.05078E+02	 6.10600E+02
 5.05447E+02	 6.12200E+02
 5.05815E+02	 6.12200E+02
 5.06184E+02	 6.12600E+02
 5.06552E+02	 6.11200E+02
 5.06921E+02	 6.10600E+02
 5.07289E+02	 6.09800E+02
 5.07658E+02	 6.10000E+02
 5.08026E+02	 6.11000E+02
 5.08395E+02	 6.10800E+02
 5.08763E+02	 6.11800E+02
 5.09131E+02	 6.11400E+02
 5.09500E+02	 6.10000E+02
 5.09868E+02	 6.11200E+02
 5.10236E+02	 6.12000E+02
 5.10605E+02	 6.11600E+02
 5.10973E+02	 6.12000E+02
 5.11341E+02	 6.13400E+02
 5.11709E+02	 6.10000E+02
 5.12078E+02	 6.09400E+02
 5.12446E+02	 6.13600E+02
 5.12814E+02	 6.09600E+02
 5.13182E+02	 6.11400E+02
 5.13550E+02	 6.11000E+02
 5.13918E+02	 6.12800E+02
 5.14286E+02	 6.10800E+02
 5.14654E+02	 6.13200E+02
 5.15022E+02	 6.11000E+02
 5.15390E+02	 6.09400E+02
 5.15758E+02	 6.11200E+02
 5.16126E+02	 6.11600E+02
 5.16494E+02	 6.10400E+02
 5.16862E+02	 6.11600E+02
 5.17229E+02	 6.11800E+02
 5.17597E+02	 6.11600E+02
 5.17965E+02	 6.10600E+02
 5.18333E+02	 6.10400E+02
 5.18701E+02	 6.11600E+02
 5.19068E+02	 6.10800E+02
 5.19436E+02	 6.11000E+02
 5.19804E+02	 6.10400E+02
 5.20171E+02	 6.12200E+02
 5.20539E+02	 6.11800E+02
 5.20906E+02	 6.11000E+02
 5.21274E+02	 6.10200E+02
 5.21642E+02	 6.11600E+02
 5.22009E+02	 6.09600E+02
 5.22377E+02	 6.11800E+02
 5.22744E+02	 6.11600E+02
 5.23111E+02	 6.10600E+02
 5.23479E+02	 6.10800E+02
 5.23846E+02	 6.11000E+02
 5.24214E+02	 6.10400E+02
 5.24581E+02	 6.12200E+02
 5.24948E+02	 6.10400E+02
 5.25316E+02	 6.12200E+02
 5.25683E+02	 6.09800E+02
 5.26050E+02	 6.11000E+02
 5.26417E+02	 6.09800E+02
 5.26785E+02	 6.11800E+02
 5.27152E+02	 6.10400E+02
 5.27519E+02	 6.10000E+02
 5.27886E+02	 6.10000E+02
 5.28253E+02	 6.12000E+02
 5.28620E+02	 6.10800E+02
 5.28987E+02	 6.12800E+02
 5.29354E+02	 6.10000E+02
 5.29721E+02	 6.11800E+02
 5.30088E+02	 6.10400E+02
 5.30455E+02	 6.11200E+02
 5.30822E+02	 6.10200E+02
 5.31189E+02	 6.09600E+02
 5.31556E+02	 6.11000E+02
 5.31923E+02	 6.10800E+02
 5.32290E+02	 6.10400E+02
 5.32656E+02	 6.11800E+02
 5.33023E+02	 6.12200E+02
 5.33390E+02	 6.11800E+02
 5.33757E+02	 6.11400E+02
 5.34123E+02	 6.11200E+02
 5.34490E+02	 6.10600E+02
 5.34857E+02	 6.11400E+02
 5.35223E+02	 6.11000E+02
 5.35590E+02	 6.10200E+02
 5.35956E+02	 6.28200E+02
 5.36323E+02	 6.17600E+02
 5.36690E+02	 6.10600E+02
 5.37056E+02	 6.14000E+02
 5.37423E+02	 6.10800E+02
 5.37789E+02	 6.11600E+02
 5.38155E+02	 6.10800E+02
 5.38522E+02	 6.10600E+02
 5.38888E+02	 6.10400E+02
 5.39255E+02	 6.10200E+02
 5.39621E+02	 6.10200E+02
 5.39987E+02	 6.11000E+02
 5.40354E+02	 6.10400E+02
 5.40720E+02	 6.11600E+02
 5.41086E+02	 6.10400E+02
 5.41452E+02	 6.12200E+02
 5.41818E+02	 6.12000E+02
 5.42185E+02	 6.10200E+02
 5.42551E+02	 6.11000E+02
 5.42917E+02	 6.10800E+02
 5.43283E+02	 6.11600E+02
 5.43649E+02	 6.09800E+02
 5.44015E+02	 6.10800E+02
 5.44381E+02	 6.13200E+02
 5.44747E+02	 6.10400E+02
 5.45113E+02	 6.10600E+02
 5.45479E+02	 6.09800E+02
 5.45845E+02	 6.11400E+02
 5.46211E+02	 6.10400E+02
 5.46577E+02	 6.10000E+02
 5.46943E+02	 6.11200E+02
 5.47308E+02	 6.11600E+02
 5.47674E+02	 6.11400E+02
 5.48040E+02	 6.11000E+02
 5.48406E+02	 6.10400E+02
 5.48771E+02	 6.09200E+02
 5.49137E+02	 6.45800E+02
 5.49503E+02	 6.12400E+02
 5.49868E+02	 6.10600E+02
 5.50234E+02	 6.11400E+02
 5.50600E+02	 6.10400E+02
 5.50965E+02	 6.10800E+02
 5.51331E+02	 6.09800E+02
 5.51696E+02	 6.08800E+02
 5.52062E+02	 6.10600E+02
 5.52427E+02	 6.11800E+02
 5.52793E+02	 6.11200E+02
 5.53158E+02	 6.11000E+02
 5.53524E+02	 6.10600E+02
 5.53889E+02	 6.11000E+02
 5.54254E+02	 6.12600E+02
 5.54620E+02	 6.10200E+02
 5.54985E+02	 6.09400E+02
 5.55350E+02	 6.11000E+02
 5.55716E+02	 6.11200E+02
 5.56081E+02	 6.11600E+02
 5.56446E+02	 6.11200E+02
 5.56811E+02	 6.10800E+02
 5.57176E+02	 6.12000E+02
 5.57542E+02	 6.11400E+02
 5.57907E+02	 6.11000E+02
 5.58272E+02	 6.10600E+02
 5.58637E+02	 6.10600E+02
 5.59002E+02	 6.10800E+02
 5.59367E+02	 6.10000E+02
 5.59732E+02	 6.09800E+02
 5.60097E+02	 6.09200E+02
 5.60462E+02	 6.10800E+02
 5.60827E+02	 6.09800E+02
 5.61192E+02	 6.12000E+02
 5.61556E+02	 6.10400E+02
 5.61921E+02	 6.12200E+02
 5.62286E+02	 6.09600E+02
 5.62651E+02	 6.11400E+02
 5.63016E+02	 6.11800E+02
 5.63380E+02	 6.12600E+02
 5.63745E+02	 6.10800E+02
 5.64110E+02	 6.09800E+02
 5.64475E+02	 6.10200E+02
 5.64839E+02	 6.12200E+02
 5.65204E+02	 6.10200E+02
 5.65568E+02	 6.10400E+02
 5.65933E+02	 6.11000E+02
 5.66298E+02	 6.11000E+02
 5.66662E+02	 6.10400E+02
 5.67027E+02	 6.10600E+02
 5.67391E+02	 6.10000E+02
 5.67756E+02	 6.12000E+02
 5.68120E+02	 6.11000E+02
 5.68484E+02	 6.10600E+02
 5.68849E+02	 6.11400E+02
 5.69213E+02	 6.12200E+02
 5.69578E+02	 6.11000E+02
 5.69942E+02	 6.10800E+02
 5.70306E+02	 6.11400E+02
 5.70670E+02	 6.09800E+02
 5.71035E+02	 6.12200E+02
 5.71399E+02	 6.10600E+02
 5.71763E+02	 6.11800E+02
 5.72127E+02	 6.11000E+02
 5.72491E+02	 6.10400E+02
 5.72855E+02	 6.10000E+02
 5.73220E+02	 6.12000E+02
 5.73584E+02	 6.10400E+02
 5.73948E+02	 6.10000E+02
 5.74312E+02	 6.12800E+02
 5.74676E+02	 6.12200E+02
 5.75040E+02	 6.09200E+02
 5.75404E+02	 6.09800E+02
 5.75768E+02	 6.11000E+02
 5.76131E+02	 6.10800E+02
 5.76495E+02	 6.10000E+02
 5.76859E+02	 6.10400E+02
 5.77223E+02	 6.11400E+02
 5.77587E+02	 6.10600E+02
 5.77951E+02	 6.11200E+02
 5.78314E+02	 6.10200E+02
 5.78678E+02	 6.12200E+02
 5.79042E+02	 6.09400E+02
 5.79405E+02	 6.11400E+02
 5.79769E+02	 6.09400E+02
 5.80133E+02	 6.12000E+02
 5.80496E+02	 6.10800E+02
 5.80860E+02	 6.11400E+02
 5.81223E+02	 6.10600E+02
 5.81587E+02	 6.11000E+02
 5.81950E+02	 6.12000E+02
 5.82314E+02	 6.10200E+02
 5.82677E+02	 6.10600E+02
 5.83041E+02	 6.12600E+02
 5.83404E+02	 6.09800E+02
 5.83768E+02	 6.11400E+02
 5.84131E+02	 6.11000E+02
 5.84494E+02	 6.09400E+02
 5.84858E+02	 6.08600E+02
 5.85221E+02	 6.10200E+02
 5.85584E+02	 6.11400E+02
 5.85947E+02	 6.11000E+02
 5.86311E+02	 6.10000E+02
 5.86674E+02	 6.10200E+02
 5.87037E+02	 6.10400E+02
 5.87400E+02	 6.12000E+02
 5.87763E+02	 6.10600E+02
 5.88126E+02	 6.10600E+02
 5.88489E+02	 6.10600E+02
 5.88853E+02	 6.10200E+02
 5.89216E+02	 6.13600E+02
 5.89579E+02	 6.09800E+02
 5.89942E+02	 6.12400E+02
 5.90304E+02	 6.10600E+02
 5.90667E+02	 6.09600E+02
 5.91030E+02	 6.10400E+02
 5.91393E+02	 6.11000E+02
 5.91756E+02	 6.10400E+02
 5.92119E+02	 6.10400E+02
 5.92482E+02	 6.09000E+02
 5.92844E+02	 6.11400E+02
 5.93207E+02	 6.11400E+02
 5.93570E+02	 6.09200E+02
 5.93933E+02	 6.09600E+02
 5.94295E+02	 6.11200E+02
 5.94658E+02	 6.11600E+02
 5.95021E+02	 6.10800E+02
 5.95383E+02	 6.10200E+02
 5.95746E+02	 6.10800E+02
 5.96108E+02	 6.11200E+02
 5.96471E+02	 6.10400E+02
 5.96833E+02	 6.10600E+02
 5.97196E+02	 6.12200E+02
 5.97558E+02	 6.11200E+02
 5.97921E+02	 6.10400E+02
 5.98283E+02	 6.10600E+02
 5.98646E+02	 6.11400E+02
 5.99008E+02	 6.10600E+02
 5.99370E+02	 6.09000E+02
 5.99733E+02	 6.09800E+02
 6.00095E+02	 6.10200E+02
 6.00457E+02	 6.11400E+02
 6.00820E+02	 6.10800E+02
 6.01182E+02	 6.09800E+02
 6.01544E+02	 6.09200E+02
 6.01906E+02	 6.12000E+02
 6.02268E+02	 6.11800E+02
 6.02630E+02	 6.11600E+02
 6.02993E+02	 6.10400E+02
 6.03355E+02	 6.09400E+02
 6.03717E+02	 6.11000E+02
 6.04079E+02	 6.10600E+02
 6.04441E+02	 6.10200E+02
 6.04803E+02	 6.10200E+02
 6.05165E+02	 6.11200E+02
 6.05527E+02	 6.11400E+02
 6.05888E+02	 6.10000E+02
 6.06250E+02	 6.10800E+02
 6.06612E+02	 6.11200E+02
 6.06974E+02	 6.10600E+02
 6.07336E+02	 6.09200E+02
 6.07698E+02	 6.09800E+02
 6.08059E+02	 6.10800E+02
 6.08421E+02	 6.10000E+02
 6.08783E+02	 6.10000E+02
 6.09145E+02	 6.10000E+02
 6.09506E+02	 6.10600E+02
 6.09868E+02	 6.08400E+02
 6.10230E+02	 6.11400E+02
 6.10591E+02	 6.09000E+02
 6.10953E+02	 6.11600E+02
 6.11314E+02	 6.09600E+02
 6.11676E+02	 6.11600E+02
 6.12037E+02	 6.09000E+02
 6.12399E+02	 6.10800E+02
 6.12760E+02	 6.10400E+02
 6.13122E+02	 6.11200E+02
 6.13483E+02	 6.10600E+02
 6.13844E+02	 6.11200E+02
 6.14206E+02	 6.13400E+02
 6.14567E+02	 6.10600E+02
 6.14928E+02	 6.10000E+02
 6.15290E+02	 6.09800E+02
 6.15651E+02	 6.10600E+02
 6.16012E+02	 6.11800E+02
 6.16373E+02	 6.09200E+02
 6.16735E+02	 6.10200E+02
 6.17096E+02	 6.10200E+02
 6.17457E+02	 6.09600E+02
 6.17818E+02	 6.10000E+02
 6.18179E+02	 6.09400E+02
 6.18540E+02	 6.10600E+02
 6.18901E+02	 6.09600E+02
 6.19262E+02	 6.08400E+02
 6.19623E+02	 6.10000E+02
 6.19984E+02	 6.11400E+02
 6.20345E+02	 6.11800E+02
