#	z_max	r_eq	V_L
4.34743e-09	3.17081e-08	6.97937e-24
1.71417e-09	3.3058e-09	1.65973e-26
3.21426e-09	2.72603e-08	5.07544e-24
3.14755e-09	2.64464e-08	3.98298e-24
3.91034e-09	1.81066e-08	1.84393e-24
3.08126e-09	1.6529e-08	1.90877e-24
3.37345e-09	1.78023e-08	2.48877e-24
3.1212e-09	2.29032e-08	3.08274e-24
3.18175e-09	2.19282e-08	2.7683e-24
2.98818e-09	1.4784e-08	6.91317e-25
4.4893e-09	2.40666e-08	5.41404e-24
2.69251e-09	2.01084e-08	2.27316e-24
3.58785e-09	2.9196e-08	3.93451e-24
4.38026e-09	2.99353e-08	6.96107e-24
3.36317e-09	1.98348e-08	2.71067e-24
3.33335e-09	2.76583e-08	4.86135e-24
3.76208e-09	2.26634e-08	2.48991e-24
3.17279e-09	1.78023e-08	1.68297e-24
3.45435e-09	2.36081e-08	2.797e-24
3.69741e-09	3.15353e-08	6.46296e-24
3.03965e-09	1.09641e-08	6.17989e-25
2.96518e-09	2.51762e-08	2.49222e-24
4.01155e-09	2.9196e-08	6.16403e-24
3.91222e-09	1.4784e-08	1.55992e-24
4.13724e-09	2.11674e-08	3.81347e-24
3.54928e-09	1.89904e-08	2.62376e-24
4.44788e-09	2.97522e-08	7.1753e-24
3.836e-09	3.06567e-08	6.34703e-24
2.21789e-09	1.68563e-08	1.46851e-24
4.50841e-09	3.25583e-08	7.51109e-24
4.70659e-09	3.57577e-08	9.30758e-24
3.37667e-09	2.60299e-08	3.04389e-24
3.08437e-09	1.78023e-08	1.22301e-24
3.36255e-09	2.38385e-08	3.73976e-24
3.25997e-09	2.36081e-08	2.2394e-24
3.14068e-09	2.60299e-08	3.21826e-24
3.80396e-09	2.1424e-08	3.46594e-24
3.51984e-09	2.06447e-08	2.23271e-24
3.7287e-09	2.66522e-08	3.77082e-24
5.65963e-09	3.43549e-08	1.04623e-23
3.0665e-09	2.33755e-08	3.74828e-24
3.59383e-09	3.13616e-08	5.873e-24
4.09487e-09	3.28923e-08	7.60009e-24
4.15937e-09	2.66522e-08	4.90189e-24
2.27092e-09	8.09752e-09	4.57189e-26
3.51359e-09	2.47383e-08	2.97383e-24
3.92131e-09	2.68564e-08	4.6442e-24
3.67819e-09	2.58191e-08	4.9228e-24
2.22542e-09	1.32232e-08	4.49058e-25
1.38304e-09	3.3058e-09	4.98475e-27
4.05279e-09	2.47383e-08	4.11817e-24
4.48496e-09	2.93826e-08	4.80655e-24
5.15756e-09	3.38744e-08	9.8469e-24
4.38527e-09	1.98348e-08	7.29672e-25
2.29318e-09	1.44096e-08	5.28919e-25
1.82374e-09	3.3058e-09	1.91498e-27
2.19386e-09	3.3058e-09	6.97779e-27
4.3898e-09	3.54507e-08	9.45737e-24
4.26322e-09	2.84376e-08	6.2922e-24
3.52117e-09	2.746e-08	5.22724e-24
2.27497e-09	3.3058e-09	2.13172e-27
1.80621e-09	3.3058e-09	5.48649e-27
4.27122e-09	1.95574e-08	1.42997e-24
2.12047e-09	3.3058e-09	2.30232e-27
3.78052e-09	2.68564e-08	4.14926e-24
4.98114e-09	3.28923e-08	8.86709e-24
4.22125e-09	3.01173e-08	7.50175e-24
4.22783e-09	2.09077e-08	1.53425e-24
4.13864e-09	2.49582e-08	2.92519e-24
2.94923e-09	1.6529e-08	1.55772e-24
4.6194e-09	2.88193e-08	6.51382e-24
3.83666e-09	2.90083e-08	5.44176e-24
4.37298e-09	3.37127e-08	9.10917e-24
3.23131e-09	2.19282e-08	2.59615e-24
3.00579e-09	2.01084e-08	1.81656e-24
3.53583e-09	2.58191e-08	4.43211e-24
3.15175e-09	1.6529e-08	1.02041e-24
3.80353e-09	2.97522e-08	6.1344e-24
3.25505e-09	2.45165e-08	3.33066e-24
3.89677e-09	2.93826e-08	6.35963e-24
4.79884e-09	3.01173e-08	7.02302e-24
3.44406e-09	2.49582e-08	4.06089e-24
3.34307e-09	1.98348e-08	1.59178e-24
2.95192e-09	2.2176e-08	2.05342e-24
3.36558e-09	2.80506e-08	4.20968e-24
4.93445e-09	3.13616e-08	7.84042e-24
2.21476e-09	1.4784e-08	6.35398e-25
4.01666e-09	2.70591e-08	5.45658e-24
3.99571e-09	2.64464e-08	4.77381e-24
3.29259e-09	3.20509e-08	5.95926e-24
2.71787e-09	2.01084e-08	1.58673e-24
3.917e-09	2.68564e-08	5.34783e-24
3.69922e-09	2.01084e-08	9.90043e-25
3.50328e-09	2.88193e-08	4.73183e-24
2.92199e-09	2.16776e-08	2.6239e-24
2.67288e-09	2.1424e-08	1.36285e-24
4.01565e-09	2.84376e-08	4.32813e-24
1.28641e-09	3.3058e-09	3.38423e-27
3.41298e-09	2.42926e-08	4.14534e-24
3.0725e-09	1.74926e-08	5.12624e-25
3.8046e-09	2.78552e-08	4.25247e-24
2.94514e-09	2.33755e-08	2.81989e-24
3.25355e-09	2.6239e-08	4.35458e-24
2.5383e-09	3.3058e-09	2.17069e-27
3.64457e-09	1.74926e-08	6.8898e-25
3.35727e-09	2.58191e-08	3.53501e-24
3.49675e-09	3.11868e-08	6.01022e-24
2.72909e-09	2.29032e-08	2.62897e-24
2.98198e-09	2.6239e-08	2.99728e-24
2.95319e-09	2.56066e-08	3.96301e-24
3.01757e-09	3.3058e-09	8.10627e-28
2.69006e-09	3.3058e-09	1.45285e-27
4.64386e-09	3.02981e-08	7.11492e-24
2.8119e-09	1.9276e-08	1.61363e-24
2.91746e-09	2.16776e-08	2.15462e-24
4.24092e-09	3.23901e-08	8.08672e-24
3.06449e-09	1.84059e-08	1.38301e-24
3.06148e-09	2.33755e-08	2.82765e-24
3.21734e-09	1.68563e-08	2.41516e-25
3.83794e-09	3.0478e-08	6.74442e-24
1.80917e-09	1.04539e-08	1.8956e-25
4.15482e-09	2.76583e-08	5.80999e-24
3.24903e-09	2.2421e-08	2.94553e-24
4.59619e-09	2.88193e-08	6.15724e-24
3.63862e-09	2.64464e-08	4.61796e-24
3.19308e-09	1.6529e-08	6.72179e-25
3.00488e-09	1.95574e-08	2.16473e-24
3.28712e-09	2.29032e-08	3.48634e-24
3.85498e-09	2.47383e-08	4.6018e-24
3.52391e-09	3.25583e-08	7.48668e-24
2.21191e-09	1.23692e-08	2.95928e-25
3.85906e-09	2.47383e-08	3.98047e-24
3.48505e-09	1.40253e-08	1.46897e-24
2.9354e-09	1.95574e-08	2.18838e-24
4.11975e-09	2.68564e-08	6.06223e-24
2.14746e-09	3.3058e-09	2.61781e-27
1.80883e-09	1.23692e-08	3.52637e-25
3.56887e-09	2.49582e-08	2.71809e-24
4.52394e-09	2.88193e-08	6.96718e-24
3.55926e-09	1.78023e-08	1.39412e-24
2.10765e-09	3.3058e-09	2.63655e-27
2.50249e-09	3.3058e-09	-2.42919e-27
4.83529e-09	3.59102e-08	9.60147e-24
1.72484e-09	1.09641e-08	2.09459e-25
3.22105e-09	3.3058e-09	6.48589e-27
1.954e-09	3.3058e-09	-3.89637e-27
4.87142e-09	2.90083e-08	7.7023e-24
2.69557e-09	1.84059e-08	1.59716e-24
3.3472e-09	2.56066e-08	4.15168e-24
3.27712e-09	2.97522e-08	4.31459e-24
3.66273e-09	3.02981e-08	5.55998e-24
2.72671e-09	1.9276e-08	1.93452e-24
3.10086e-09	3.3058e-09	9.77072e-27
3.77132e-09	1.9276e-08	1.1538e-24
4.28115e-09	2.97522e-08	5.19653e-24
3.31248e-09	2.33755e-08	3.42008e-24
4.05684e-09	2.80506e-08	5.4749e-24
2.43746e-09	1.6529e-08	1.20469e-24
2.79815e-09	1.74926e-08	8.13914e-25
2.90099e-09	2.09077e-08	2.01532e-24
3.06685e-09	1.84059e-08	1.59413e-24
3.51516e-09	2.53923e-08	4.29589e-24
1.66831e-09	3.3058e-09	8.98496e-27
2.95572e-09	2.19282e-08	2.4366e-24
3.15328e-09	2.82448e-08	4.93959e-24
1.18133e-09	3.3058e-09	9.71782e-27
3.19508e-09	2.72603e-08	5.13243e-24
3.66337e-09	2.51762e-08	4.35246e-24
2.7522e-09	2.33755e-08	2.17811e-24
4.01361e-09	2.66522e-08	4.42773e-24
2.96784e-09	1.95574e-08	2.18918e-24
3.75644e-09	1.36302e-08	2.90026e-25
3.80933e-09	2.31406e-08	3.87937e-24
3.45009e-09	2.51762e-08	4.01956e-24
2.14553e-09	1.4784e-08	6.01207e-25
3.59644e-09	3.02981e-08	5.11339e-24
4.66428e-09	3.15353e-08	7.36058e-24
3.36878e-09	2.64464e-08	4.67885e-24
2.52065e-09	1.9276e-08	1.55499e-24
3.18848e-09	1.9276e-08	1.42868e-24
2.40021e-09	3.3058e-09	3.13995e-27
4.45901e-09	2.82448e-08	6.81358e-24
3.18723e-09	2.19282e-08	2.684e-24
1.37262e-09	3.3058e-09	-6.99638e-28
3.96329e-09	3.0478e-08	5.29994e-24
3.22043e-09	2.2176e-08	2.60467e-24
3.81722e-09	2.9196e-08	5.86564e-24
3.95403e-09	2.9196e-08	5.59582e-24
2.50477e-09	1.84059e-08	1.80339e-24
1.15286e-09	3.3058e-09	4.66523e-27
3.00537e-09	3.3058e-09	3.81315e-27
1.38083e-09	3.3058e-09	-1.19374e-26
3.12987e-09	2.19282e-08	2.37677e-24
3.45011e-09	2.38385e-08	3.85453e-24
3.92143e-09	2.66522e-08	5.06245e-24
3.84888e-09	2.47383e-08	4.22986e-24
3.42862e-09	1.9276e-08	1.84809e-24
1.88195e-09	3.3058e-09	2.40074e-27
2.82245e-09	3.3058e-09	6.73439e-27
4.13399e-09	2.99353e-08	5.84031e-24
1.28099e-09	3.3058e-09	-5.16415e-27
3.35372e-09	2.19282e-08	3.15307e-24
3.73783e-09	2.31406e-08	3.68729e-24
2.14357e-09	3.3058e-09	-4.95125e-27
4.31849e-09	3.06567e-08	6.28795e-24
3.86331e-09	2.53923e-08	3.80647e-24
4.53298e-09	3.08344e-08	7.05648e-24
2.40041e-09	3.3058e-09	1.3488e-27
5.02458e-09	3.02981e-08	7.40333e-24
3.27038e-09	2.82448e-08	4.5358e-24
3.85798e-09	3.27257e-08	6.74955e-24
3.42919e-09	1.87004e-08	9.84842e-25
2.60889e-09	1.44096e-08	3.42342e-25
4.45393e-09	2.93826e-08	6.86021e-24
4.23902e-09	3.28923e-08	6.62542e-24
3.41108e-09	2.11674e-08	3.12014e-24
2.62376e-09	1.84059e-08	1.33417e-24
3.03311e-09	2.16776e-08	2.20609e-24
2.95253e-09	1.04539e-08	6.46442e-26
3.4896e-09	3.17081e-08	6.0112e-24
3.09297e-09	1.04539e-08	3.10633e-25
3.64663e-09	2.72603e-08	5.10534e-24
3.82593e-09	2.86291e-08	6.10023e-24
1.81186e-09	9.35021e-09	1.93765e-25
3.52073e-09	2.53923e-08	4.82665e-24
4.13877e-09	2.93826e-08	6.19704e-24
3.13514e-09	3.32229e-08	5.32063e-24
3.05519e-09	8.09752e-09	7.93196e-26
2.88845e-09	2.19282e-08	2.18762e-24
4.32729e-09	3.13616e-08	5.49122e-24
3.16784e-09	2.1424e-08	2.6054e-24
2.84552e-09	1.28033e-08	4.56718e-25
2.74253e-09	1.9276e-08	1.60292e-24
2.20076e-09	1.40253e-08	3.60642e-25
3.00298e-09	2.11674e-08	1.16385e-24
3.53533e-09	2.53923e-08	4.47807e-24
5.11821e-09	3.23901e-08	7.81541e-24
4.09589e-09	3.15353e-08	7.32006e-24
3.66428e-09	2.45165e-08	3.70047e-24
5.02743e-09	3.85519e-08	1.13947e-23
3.6908e-09	2.40666e-08	3.81813e-24
3.76469e-09	2.53923e-08	3.97883e-24
3.62593e-09	2.6239e-08	4.75016e-24
3.63866e-09	3.27257e-08	7.01265e-24
3.31286e-09	3.13616e-08	7.14407e-24
2.69003e-09	1.84059e-08	1.53951e-24
2.39753e-09	1.74926e-08	1.25393e-24
3.10733e-09	1.81066e-08	5.24453e-25
3.08894e-09	2.64464e-08	3.93954e-24
2.88789e-09	1.84059e-08	1.96466e-24
3.67049e-09	2.06447e-08	2.78903e-24
4.04259e-09	2.88193e-08	5.09888e-24
3.56021e-09	2.42926e-08	3.90969e-24
1.74519e-09	9.35021e-09	1.45666e-25
3.87227e-09	2.31406e-08	3.57174e-24
4.31404e-09	2.746e-08	4.77114e-24
3.87438e-09	2.88193e-08	5.54026e-24
2.96292e-09	2.19282e-08	2.69865e-24
2.53165e-09	1.78023e-08	1.57629e-24
3.18844e-09	2.53923e-08	2.29502e-24
3.62028e-09	2.6239e-08	4.75201e-24
3.94774e-09	2.51762e-08	4.2836e-24
2.28032e-09	1.40253e-08	6.4601e-25
3.93091e-09	2.58191e-08	4.7164e-24
4.2196e-09	2.70591e-08	4.27222e-24
4.29855e-09	2.60299e-08	5.46248e-24
3.85569e-09	2.64464e-08	4.0806e-24
2.58324e-09	2.01084e-08	2.20418e-24
2.94782e-09	2.2176e-08	2.71067e-24
2.83837e-09	2.09077e-08	2.28543e-24
4.92123e-09	2.84376e-08	7.07731e-24
3.0484e-09	2.01084e-08	2.41236e-24
4.633e-09	2.31406e-08	2.31419e-24
2.40936e-09	1.40253e-08	6.56156e-25
4.42736e-09	2.56066e-08	5.56877e-24
2.10247e-09	1.89904e-08	1.14377e-24
2.65334e-09	2.1424e-08	2.01151e-24
3.74027e-09	2.2421e-08	2.26328e-24
4.17886e-09	1.98348e-08	2.43403e-24
2.57677e-09	1.95574e-08	1.90995e-24
3.39324e-09	2.26634e-08	2.50917e-24
2.76406e-09	1.6195e-08	9.9138e-25
3.10854e-09	1.78023e-08	1.47453e-24
4.01672e-09	3.45135e-08	7.30814e-24
3.65911e-09	2.49582e-08	3.64732e-24
4.21289e-09	2.33755e-08	2.72761e-24
3.9927e-09	2.80506e-08	5.66786e-24
3.3237e-09	2.26634e-08	2.22644e-24
3.1495e-09	2.746e-08	3.06065e-24
2.77746e-09	2.29032e-08	2.72649e-24
2.79205e-09	1.71774e-08	1.39771e-24
3.49236e-09	2.47383e-08	3.41487e-24
2.80879e-09	2.1424e-08	2.37774e-24
1.16214e-09	3.3058e-09	3.51398e-27
2.64594e-09	1.78023e-08	1.67052e-24
2.95895e-09	2.03783e-08	2.43414e-24
3.62312e-09	2.45165e-08	3.26779e-24
4.61564e-09	3.01173e-08	7.19043e-24
2.99277e-09	1.95574e-08	1.82382e-24
3.46975e-09	1.95574e-08	1.76646e-24
2.55136e-09	3.3058e-09	-4.59933e-28
3.30217e-09	2.58191e-08	3.97975e-24
2.8455e-09	2.29032e-08	2.9479e-24
1.3497e-09	3.3058e-09	2.16349e-27
1.85796e-09	3.3058e-09	5.64173e-27
3.61529e-09	2.36081e-08	3.29608e-24
2.73325e-09	2.2176e-08	2.25908e-24
3.1445e-09	2.45165e-08	3.28232e-24
2.73253e-09	2.45165e-08	2.93916e-24
2.61952e-09	1.09641e-08	1.16276e-26
3.04211e-09	3.3058e-09	-1.6283e-27
3.78883e-09	2.33755e-08	1.76835e-24
2.5631e-09	1.09641e-08	1.39499e-25
1.61659e-09	3.3058e-09	-1.53086e-27
2.7522e-09	3.3058e-09	1.02317e-26
2.88313e-09	1.32232e-08	2.62082e-25
4.26592e-09	2.76583e-08	5.54021e-24
2.99864e-09	3.3058e-09	7.99135e-27
5.67388e-09	3.75467e-08	1.2482e-23
1.99274e-09	3.3058e-09	1.21177e-26
2.34513e-09	3.3058e-09	1.16108e-26
4.47071e-09	3.45135e-08	9.10147e-24
2.62739e-09	1.04539e-08	2.08929e-26
2.71985e-09	1.9276e-08	1.76988e-24
3.54568e-09	3.0478e-08	5.45678e-24
3.5069e-09	2.29032e-08	3.81462e-24
3.05724e-09	2.16776e-08	3.25554e-24
2.85674e-09	1.04539e-08	1.48639e-25
4.95973e-09	3.0478e-08	7.21519e-24
4.04505e-09	2.45165e-08	4.53977e-24
4.20622e-09	3.56045e-08	8.36324e-24
4.36795e-09	2.97522e-08	6.89169e-24
2.95296e-09	1.6529e-08	9.52665e-25
3.22969e-09	2.51762e-08	3.89603e-24
3.27761e-09	2.03783e-08	2.12927e-24
4.42911e-09	2.9196e-08	7.34975e-24
3.71365e-09	2.01084e-08	1.05589e-24
2.68435e-09	2.16776e-08	1.91456e-24
2.59483e-09	1.6529e-08	7.3569e-25
3.00524e-09	1.98348e-08	9.8982e-25
3.01666e-09	9.9174e-09	9.38688e-26
2.1179e-09	1.44096e-08	6.36141e-25
2.4503e-09	1.44096e-08	6.62876e-25
2.86726e-09	1.6529e-08	8.31053e-25
3.18345e-09	2.58191e-08	4.04106e-24
2.64193e-09	2.45165e-08	2.62361e-24
2.18391e-09	1.81066e-08	1.2537e-24
4.38081e-09	2.86291e-08	5.76652e-24
4.60647e-09	3.22209e-08	7.50418e-24
3.16794e-09	2.40666e-08	3.86004e-24
2.40164e-09	1.40253e-08	7.73317e-25
3.26903e-09	2.53923e-08	3.87085e-24
3.41635e-09	2.06447e-08	1.21215e-24
2.70302e-09	2.45165e-08	2.68752e-24
3.48359e-09	2.40666e-08	3.97064e-24
4.31214e-09	2.76583e-08	5.63365e-24
4.32379e-09	2.746e-08	4.95648e-24
5.31445e-09	3.23901e-08	8.35138e-24
4.39734e-09	3.08344e-08	7.57191e-24
3.20168e-09	2.19282e-08	2.5362e-24
3.08404e-09	9.9174e-09	9.54665e-26
1.8465e-09	1.28033e-08	4.57456e-25
2.55192e-09	1.74926e-08	1.55788e-24
3.62745e-09	1.44096e-08	1.7687e-25
4.06202e-09	3.06567e-08	6.05192e-24
2.8715e-09	2.26634e-08	2.33476e-24
3.79658e-09	2.51762e-08	3.85622e-24
3.72045e-09	2.45165e-08	3.25085e-24
3.14871e-09	2.38385e-08	3.70941e-24
3.76118e-09	2.42926e-08	4.28844e-24
3.1771e-09	2.47383e-08	3.752e-24
3.15578e-09	2.38385e-08	3.43512e-24
2.48577e-09	1.81066e-08	1.47226e-24
2.83015e-09	1.55056e-08	7.04789e-25
1.75264e-09	3.3058e-09	4.91168e-27
3.49026e-09	1.74926e-08	8.87256e-25
3.50936e-09	2.2176e-08	3.19224e-24
3.43819e-09	3.43549e-08	7.07203e-24
4.29216e-09	2.86291e-08	5.85337e-24
3.10711e-09	3.3058e-09	7.80892e-27
4.25432e-09	2.82448e-08	6.61186e-24
2.54697e-09	1.98348e-08	1.81919e-24
4.08764e-09	1.81066e-08	1.03068e-24
3.62156e-09	2.06447e-08	1.99352e-24
1.99173e-09	3.3058e-09	-7.11826e-27
3.31208e-09	3.3058e-09	7.85306e-27
2.99756e-09	2.82448e-08	4.14584e-24
1.83513e-09	1.19192e-08	2.70217e-25
4.64737e-09	2.82448e-08	6.40672e-24
3.0977e-09	1.89904e-08	1.55862e-24
3.01019e-09	3.3058e-09	1.63822e-27
2.68133e-09	3.3058e-09	1.00432e-26
3.00594e-09	1.74926e-08	9.83421e-25
3.25033e-09	2.16776e-08	2.4073e-24
3.63055e-09	2.36081e-08	3.56364e-24
3.95534e-09	2.56066e-08	4.64594e-24
3.03854e-09	2.03783e-08	2.34415e-24
3.17246e-09	2.2176e-08	2.52671e-24
2.63582e-09	3.3058e-09	8.6727e-27
3.93505e-09	2.51762e-08	3.71052e-24
3.70165e-09	2.11674e-08	2.90028e-24
4.22457e-09	1.95574e-08	1.39796e-24
2.55274e-09	2.49582e-08	3.1189e-24
3.763e-09	2.19282e-08	1.78988e-24
4.58695e-09	3.35502e-08	7.9284e-24
3.97155e-09	2.90083e-08	6.18881e-24
3.23507e-09	2.36081e-08	2.63464e-24
3.65485e-09	2.68564e-08	4.16513e-24
3.43178e-09	2.64464e-08	3.46028e-24
2.77588e-09	2.38385e-08	3.13093e-24
3.34059e-09	2.1424e-08	2.47665e-24
3.85325e-09	3.63638e-08	9.75079e-24
5.50279e-09	3.49853e-08	1.04766e-23
2.80698e-09	1.78023e-08	1.24696e-24
3.80023e-09	2.70591e-08	4.67476e-24
3.82465e-09	2.26634e-08	3.82849e-24
3.95238e-09	2.58191e-08	4.70903e-24
2.35244e-09	1.51491e-08	7.06952e-25
3.15806e-09	2.70591e-08	3.77894e-24
4.32894e-09	3.27257e-08	8.43567e-24
3.61835e-09	1.6529e-08	1.01634e-24
3.74701e-09	2.64464e-08	5.1318e-24
4.41006e-09	2.70591e-08	4.28606e-24
2.32655e-09	1.58541e-08	9.88936e-25
4.57289e-09	3.32229e-08	8.91828e-24
4.13841e-09	2.72603e-08	6.17033e-24
4.54014e-09	3.0478e-08	7.66707e-24
1.66481e-09	3.3058e-09	3.92707e-27
2.94545e-09	2.1424e-08	2.20955e-24
2.47518e-09	2.16776e-08	1.83416e-24
3.75244e-09	2.86291e-08	6.1957e-24
3.28297e-09	2.76583e-08	3.77475e-24
3.33495e-09	2.60299e-08	4.45088e-24
3.12728e-09	2.2421e-08	3.1774e-24
1.11662e-09	3.3058e-09	2.08748e-28
3.10916e-09	3.3058e-09	4.86271e-27
3.76082e-09	1.87004e-08	1.08132e-24
2.53708e-09	3.3058e-09	8.14489e-27
3.29453e-09	3.3058e-09	2.17731e-27
2.33114e-09	1.55056e-08	9.23963e-25
2.33631e-09	3.3058e-09	-3.3277e-27
2.82456e-09	3.3058e-09	6.67673e-27
3.64546e-09	2.09077e-08	1.59062e-24
4.05472e-09	2.86291e-08	6.12304e-24
4.47941e-09	2.93826e-08	5.67585e-24
1.68481e-09	3.3058e-09	-1.03478e-26
3.217e-09	2.01084e-08	2.17993e-24
4.43676e-09	3.22209e-08	7.63767e-24
4.00169e-09	2.84376e-08	5.66128e-24
2.70562e-09	1.71774e-08	1.48238e-24
3.51732e-09	2.78552e-08	3.60546e-24
3.5016e-09	2.56066e-08	4.41149e-24
3.66854e-09	2.58191e-08	4.5181e-24
3.32581e-09	2.2176e-08	3.12906e-24
3.20485e-09	2.2421e-08	2.0573e-24
4.16958e-09	3.3058e-08	7.17753e-24
3.14993e-09	1.95574e-08	1.20766e-24
3.47495e-09	2.746e-08	5.40246e-24
3.25767e-09	2.33755e-08	3.47471e-24
3.49765e-09	2.40666e-08	4.28716e-24
3.23155e-09	2.51762e-08	3.93655e-24
3.04342e-09	2.66522e-08	4.56189e-24
4.49887e-09	3.56045e-08	8.1868e-24
4.12235e-09	2.58191e-08	4.49086e-24
2.61159e-09	2.11674e-08	1.86974e-24
2.04525e-09	1.55056e-08	8.08522e-25
3.89088e-09	3.57577e-08	9.95724e-24
3.89983e-09	2.84376e-08	5.58131e-24
3.35537e-09	2.51762e-08	4.03622e-24
3.9131e-09	3.22209e-08	8.05504e-24
3.74471e-09	2.58191e-08	2.97411e-24
2.97038e-09	1.89904e-08	1.85448e-24
3.63989e-09	2.19282e-08	2.90174e-24
2.97813e-09	1.09641e-08	2.54938e-25
3.29642e-09	2.1424e-08	1.92382e-24
3.53599e-09	2.51762e-08	4.37697e-24
3.56632e-09	2.26634e-08	2.96792e-24
3.0986e-09	9.9174e-09	1.12824e-25
3.76677e-09	2.80506e-08	5.42807e-24
4.34777e-09	2.82448e-08	5.18479e-24
2.08043e-09	9.35021e-09	1.58622e-25
3.0715e-09	2.2176e-08	2.99306e-24
5.10549e-09	3.11868e-08	8.4406e-24
2.70281e-09	1.58541e-08	8.88101e-25
3.51508e-09	2.47383e-08	3.93207e-24
4.5172e-09	3.0478e-08	6.54568e-24
2.36088e-09	1.55056e-08	7.6614e-25
2.19682e-09	8.09752e-09	5.4561e-26
2.82402e-09	2.2176e-08	2.80599e-24
4.86369e-09	2.97522e-08	7.78539e-24
1.92812e-09	8.74632e-09	1.28657e-25
3.92871e-09	3.06567e-08	6.19006e-24
1.75006e-09	3.3058e-09	8.79031e-27
3.612e-09	3.10111e-08	6.64587e-24
1.68243e-09	3.3058e-09	1.69996e-27
4.05134e-09	2.68564e-08	4.53434e-24
3.20355e-09	2.40666e-08	2.61682e-24
2.78125e-09	1.6195e-08	9.29589e-25
4.36554e-09	2.78552e-08	6.21555e-24
3.4844e-09	2.38385e-08	2.72027e-24
2.05509e-09	3.3058e-09	5.6659e-27
2.14859e-09	3.3058e-09	7.76584e-27
3.45664e-09	3.3058e-09	4.15244e-27
4.04751e-09	2.90083e-08	5.51662e-24
4.05308e-09	2.70591e-08	5.4558e-24
3.28107e-09	2.09077e-08	2.29788e-24
1.46765e-09	3.3058e-09	5.13311e-27
3.50958e-09	1.6529e-08	8.2221e-25
3.75065e-09	2.45165e-08	2.31644e-24
3.31953e-09	3.3058e-09	6.90344e-27
3.75668e-09	3.3058e-09	3.66491e-27
3.97323e-09	2.70591e-08	5.20173e-24
3.69321e-09	2.80506e-08	4.66644e-24
2.6889e-09	2.47383e-08	2.8377e-24
3.39436e-09	2.56066e-08	4.41272e-24
3.01951e-09	3.3058e-09	-3.10663e-27
2.94249e-09	3.3058e-09	3.89394e-27
3.56804e-09	1.58541e-08	7.93932e-25
3.03574e-09	3.3058e-09	1.71249e-27
3.40132e-09	2.56066e-08	4.92508e-24
2.97439e-09	2.31406e-08	3.02322e-24
3.77666e-09	2.26634e-08	3.00131e-24
2.40227e-09	1.9276e-08	1.45319e-24
3.84589e-09	2.49582e-08	4.41758e-24
4.20438e-09	2.70591e-08	5.28272e-24
2.22559e-09	3.3058e-09	1.17431e-26
4.77542e-09	2.90083e-08	6.01345e-24
2.84675e-09	1.32232e-08	4.28216e-25
3.50669e-09	2.40666e-08	3.24809e-24
3.46846e-09	2.56066e-08	4.53901e-24
2.89616e-09	2.09077e-08	2.51356e-24
2.66844e-09	2.01084e-08	1.60032e-24
3.15577e-09	1.40253e-08	6.48575e-25
3.98395e-09	2.53923e-08	4.42222e-24
4.07873e-09	2.68564e-08	4.55367e-24
3.49131e-09	2.36081e-08	3.29122e-24
1.40242e-09	3.3058e-09	7.15923e-27
5.38578e-09	3.25583e-08	8.49312e-24
3.70964e-09	2.746e-08	5.82588e-24
3.757e-09	3.15353e-08	6.75735e-24
3.77906e-09	2.49582e-08	3.73584e-24
3.41427e-09	2.33755e-08	2.21024e-24
3.11736e-09	3.3058e-09	8.27769e-27
3.19791e-09	2.49582e-08	3.27636e-24
3.2735e-09	3.3058e-09	1.8065e-27
3.16918e-09	2.40666e-08	3.676e-24
4.72054e-09	3.10111e-08	6.91092e-24
2.35413e-09	1.51491e-08	9.40361e-25
4.64727e-09	3.0478e-08	7.25317e-24
3.5853e-09	2.68564e-08	5.33293e-24
3.21083e-09	3.3058e-09	6.52661e-27
2.9553e-09	2.06447e-08	2.36891e-24
4.74421e-09	3.01173e-08	8.38254e-24
2.50402e-09	1.44096e-08	7.54632e-25
3.95125e-09	2.88193e-08	6.59384e-24
3.26322e-09	2.49582e-08	2.6246e-24
3.58326e-09	2.09077e-08	2.17903e-24
3.1492e-09	2.29032e-08	2.62709e-24
2.84654e-09	2.49582e-08	3.09439e-24
3.78627e-09	2.29032e-08	2.52868e-24
2.52816e-09	3.3058e-09	8.13645e-27
3.37313e-09	2.49582e-08	3.30341e-24
2.6985e-09	1.9276e-08	1.72288e-24
3.57296e-09	2.45165e-08	3.66993e-24
3.5414e-09	3.3058e-09	6.14007e-27
3.85597e-09	2.56066e-08	3.62987e-24
3.43065e-09	2.76583e-08	5.01304e-24
4.17684e-09	2.84376e-08	4.93179e-24
3.17114e-09	3.3058e-09	9.0731e-27
3.66022e-09	3.43549e-08	8.58023e-24
3.21822e-09	1.78023e-08	1.31751e-24
3.46452e-09	2.82448e-08	5.23783e-24
4.07612e-09	2.72603e-08	5.17908e-24
4.52113e-09	3.11868e-08	7.01262e-24
2.85823e-09	1.98348e-08	1.73723e-24
3.73749e-09	2.72603e-08	4.2645e-24
3.74233e-09	2.49582e-08	4.5772e-24
4.0434e-09	2.97522e-08	7.05947e-24
3.533e-09	2.66522e-08	4.06183e-24
3.21899e-09	1.95574e-08	1.58543e-24
1.86176e-09	3.3058e-09	-3.03058e-27
1.65064e-09	1.55056e-08	3.96493e-25
3.19574e-09	9.9174e-09	-3.89016e-27
2.57876e-09	3.3058e-09	8.57987e-27
2.52701e-09	3.3058e-09	2.28583e-27
4.98989e-09	3.188e-08	7.87319e-24
3.57926e-09	1.6195e-08	1.23223e-24
3.08073e-09	3.3058e-09	6.81598e-27
2.37066e-09	3.3058e-09	8.20856e-27
4.27892e-09	2.746e-08	5.89244e-24
3.07425e-09	1.89904e-08	2.28583e-24
3.82638e-09	2.86291e-08	5.05596e-24
4.20873e-09	3.02981e-08	6.09805e-24
2.48562e-09	1.9276e-08	1.92044e-24
3.52449e-09	2.33755e-08	2.78215e-24
2.56251e-09	3.3058e-09	1.00465e-26
3.53561e-09	2.58191e-08	3.96109e-24
4.17663e-09	3.27257e-08	8.18638e-24
3.30875e-09	2.72603e-08	4.76781e-24
3.40429e-09	2.68564e-08	3.67988e-24
3.83607e-09	2.06447e-08	2.7755e-24
3.57325e-09	2.9196e-08	5.71004e-24
2.50442e-09	1.36302e-08	7.18739e-25
3.5152e-09	2.64464e-08	4.5615e-24
4.19137e-09	3.01173e-08	6.41875e-24
3.86732e-09	2.78552e-08	5.30871e-24
2.78308e-09	2.40666e-08	2.26732e-24
3.27306e-09	2.2421e-08	3.39442e-24
3.58145e-09	2.60299e-08	4.08918e-24
3.59644e-09	2.72603e-08	5.31792e-24
4.21097e-09	3.3058e-08	7.68251e-24
2.72997e-09	1.81066e-08	1.57428e-24
4.35025e-09	2.82448e-08	4.6642e-24
3.88913e-09	2.51762e-08	4.41065e-24
3.81532e-09	3.41954e-08	7.19839e-24
3.68771e-09	2.88193e-08	5.7939e-24
2.02017e-09	8.09752e-09	7.75922e-26
2.29511e-09	2.19282e-08	2.0355e-24
4.06424e-09	3.20509e-08	7.61269e-24
3.12375e-09	2.49582e-08	4.24671e-24
2.92358e-09	2.01084e-08	2.32822e-24
3.13411e-09	2.26634e-08	2.91426e-24
1.98367e-09	1.51491e-08	6.84509e-25
4.60359e-09	3.20509e-08	8.87395e-24
3.75718e-09	2.746e-08	4.46275e-24
3.10616e-09	1.81066e-08	1.87291e-24
3.64667e-09	2.93826e-08	5.49535e-24
3.66931e-09	2.42926e-08	3.92664e-24
4.42412e-09	2.64464e-08	5.13061e-24
3.74809e-09	2.99353e-08	3.5803e-24
2.18507e-09	1.40253e-08	6.47507e-25
2.59597e-09	1.40253e-08	5.17131e-25
3.3733e-09	2.31406e-08	3.13166e-24
4.24806e-09	2.26634e-08	2.12157e-24
4.06722e-09	2.38385e-08	4.0754e-24
2.76728e-09	1.40253e-08	6.23642e-25
2.68709e-09	2.03783e-08	1.85375e-24
2.97125e-09	1.74926e-08	1.74454e-24
2.78838e-09	2.56066e-08	3.10628e-24
2.80987e-09	1.6529e-08	7.28803e-25
4.46948e-09	2.82448e-08	5.72685e-24
4.58632e-09	3.02981e-08	6.96722e-24
2.67053e-09	1.78023e-08	1.45685e-24
2.94785e-09	2.42926e-08	2.83996e-24
3.48339e-09	2.53923e-08	4.37736e-24
3.5413e-09	2.86291e-08	5.33373e-24
3.46738e-09	2.19282e-08	1.53577e-24
3.48599e-09	1.89904e-08	1.86357e-24
4.00417e-09	3.37127e-08	7.68379e-24
1.91973e-09	3.3058e-09	-6.37617e-27
4.27703e-09	2.16776e-08	2.66954e-24
4.09663e-09	2.76583e-08	5.37443e-24
2.37661e-09	1.98348e-08	2.23312e-24
4.15285e-09	2.56066e-08	4.92767e-24
2.39379e-09	3.3058e-09	-1.38522e-26
3.96785e-09	2.51762e-08	4.61081e-24
3.74971e-09	2.9196e-08	5.50338e-24
3.0548e-09	3.3058e-09	-6.03596e-27
3.50498e-09	2.90083e-08	5.72254e-24
4.1427e-09	2.42926e-08	4.91615e-24
3.66552e-09	2.66522e-08	4.71452e-24
3.42798e-09	2.93826e-08	4.35729e-24
3.32248e-09	2.31406e-08	2.3051e-24
2.80871e-09	1.9276e-08	1.93318e-24
3.49363e-09	3.3058e-09	5.3181e-27
2.54563e-09	1.40253e-08	5.97299e-25
2.9924e-09	1.74926e-08	1.4998e-24
3.84375e-09	2.66522e-08	3.68914e-24
2.86114e-09	3.3058e-09	7.2776e-27
3.31283e-09	2.36081e-08	3.75209e-24
3.3595e-09	1.81066e-08	1.58955e-24
1.65091e-09	3.3058e-09	4.16688e-27
4.11111e-09	3.02981e-08	5.39037e-24
3.18449e-09	2.16776e-08	2.80093e-24
2.74226e-09	2.1424e-08	2.31639e-24
2.72781e-09	1.78023e-08	1.65578e-24
2.92561e-09	2.16776e-08	2.41734e-24
2.33508e-09	3.3058e-09	5.23542e-27
2.75371e-09	3.3058e-09	3.22966e-27
3.31661e-09	2.746e-08	4.57887e-24
2.42976e-09	1.84059e-08	1.5257e-24
4.98788e-09	3.28923e-08	8.2002e-24
3.59909e-09	2.26634e-08	3.6768e-24
2.05885e-09	1.55056e-08	9.40227e-25
4.28067e-09	2.72603e-08	4.70188e-24
3.40724e-09	2.31406e-08	2.73581e-24
2.47479e-09	3.3058e-09	5.49057e-27
3.09737e-09	3.3058e-09	5.26608e-27
2.68548e-09	3.3058e-09	2.60552e-27
1.42238e-09	3.3058e-09	2.34066e-27
2.93038e-09	2.40666e-08	2.82977e-24
2.83939e-09	1.87004e-08	1.81898e-24
2.75106e-09	3.3058e-09	6.37003e-27
2.62426e-09	3.3058e-09	2.32328e-27
1.20537e-09	3.3058e-09	6.29275e-27
2.22386e-09	1.68563e-08	1.11931e-24
2.79272e-09	2.2421e-08	2.98264e-24
3.35946e-09	2.29032e-08	2.30629e-24
2.99565e-09	2.01084e-08	2.14403e-24
4.1185e-09	2.9568e-08	5.20984e-24
2.05545e-09	3.3058e-09	7.86594e-27
3.91716e-09	3.22209e-08	5.57544e-24
3.17239e-09	2.29032e-08	3.36068e-24
3.26645e-09	2.09077e-08	3.54689e-24
3.28057e-09	1.71774e-08	1.22702e-24
4.59503e-09	2.97522e-08	7.93927e-24
3.08201e-09	1.89904e-08	2.12235e-24
3.15218e-09	2.09077e-08	2.52209e-24
3.75669e-09	3.3058e-08	7.04078e-24
2.95747e-09	2.72603e-08	3.59414e-24
2.57723e-09	1.51491e-08	5.07703e-25
3.02648e-09	2.45165e-08	3.11609e-24
4.20725e-09	2.86291e-08	5.73695e-24
3.77953e-09	2.47383e-08	3.35488e-24
3.80792e-09	2.82448e-08	5.63032e-24
2.49347e-09	1.71774e-08	1.37719e-24
3.60459e-09	2.746e-08	4.29315e-24
3.67352e-09	2.40666e-08	3.61477e-24
3.68751e-09	2.56066e-08	3.67339e-24
3.46337e-09	2.97522e-08	5.14757e-24
4.24953e-09	2.97522e-08	6.17312e-24
4.25438e-09	2.56066e-08	4.09549e-24
3.9341e-09	2.19282e-08	2.74873e-24
4.0207e-09	2.58191e-08	5.08523e-24
3.59476e-09	1.81066e-08	1.28427e-24
3.19202e-09	2.56066e-08	3.97705e-24
4.59601e-09	2.86291e-08	6.99574e-24
3.12272e-09	2.01084e-08	1.36826e-24
2.24394e-09	1.40253e-08	5.72028e-25
2.97146e-09	2.2421e-08	2.65248e-24
2.67519e-09	1.71774e-08	1.22686e-24
3.15712e-09	2.2421e-08	2.52966e-24
1.12336e-09	3.3058e-09	7.89777e-27
3.49269e-09	1.32232e-08	1.35219e-25
3.52319e-09	2.42926e-08	4.33756e-24
3.76081e-09	2.51762e-08	3.90885e-24
2.67208e-09	1.55056e-08	7.22518e-25
3.22394e-09	2.45165e-08	2.38959e-24
4.13488e-09	3.3058e-08	7.16372e-24
1.90106e-09	1.04539e-08	1.79643e-25
1.97583e-09	3.3058e-09	4.11903e-27
3.48133e-09	2.68564e-08	4.24022e-24
3.21383e-09	2.42926e-08	3.26111e-24
1.80626e-09	1.09641e-08	2.16898e-25
3.37117e-09	2.29032e-08	3.04004e-24
3.99516e-09	2.42926e-08	2.73163e-24
3.31454e-09	1.95574e-08	1.52795e-24
2.01068e-09	3.3058e-09	9.17066e-27
3.62103e-09	2.2176e-08	3.10584e-24
3.0299e-09	2.01084e-08	1.96974e-24
3.57985e-09	2.38385e-08	3.05173e-24
4.81244e-09	2.84376e-08	6.68211e-24
3.343e-09	2.2421e-08	3.3793e-24
2.58047e-09	2.09077e-08	2.13119e-24
3.74888e-09	2.38385e-08	4.21781e-24
2.9109e-09	2.40666e-08	1.74881e-24
3.61299e-09	2.9568e-08	4.96549e-24
3.394e-09	2.66522e-08	4.62968e-24
2.52189e-09	1.4784e-08	9.11165e-25
1.82841e-09	3.3058e-09	-2.91942e-27
3.41975e-09	2.2176e-08	3.30041e-24
3.34988e-09	2.16776e-08	2.52675e-24
3.94572e-09	2.56066e-08	4.18751e-24
2.23424e-09	1.04539e-08	2.03761e-25
2.87087e-09	2.2421e-08	2.62067e-24
3.08431e-09	2.2176e-08	2.83741e-24
1.90041e-09	3.3058e-09	4.05098e-27
2.7892e-09	1.6195e-08	7.46184e-25
3.94398e-09	2.01084e-08	1.06609e-24
2.1888e-09	1.28033e-08	4.16414e-25
3.1635e-09	1.89904e-08	1.13565e-24
3.55382e-09	2.78552e-08	4.85744e-24
4.01503e-09	2.68564e-08	5.21012e-24
3.27214e-09	2.06447e-08	1.84529e-24
4.36051e-09	2.9568e-08	5.4374e-24
3.80657e-09	2.99353e-08	5.16518e-24
2.82988e-09	1.19192e-08	2.74923e-25
3.13547e-09	2.16776e-08	2.90265e-24
3.9848e-09	2.746e-08	5.49354e-24
1.33366e-09	3.3058e-09	4.39085e-27
2.93066e-09	1.71774e-08	1.06989e-24
2.98549e-09	1.6529e-08	6.71125e-25
3.07053e-09	2.51762e-08	3.33472e-24
3.62768e-09	2.2176e-08	2.54716e-24
2.54541e-09	3.3058e-09	6.28729e-27
4.27678e-09	2.86291e-08	5.82857e-24
2.5169e-09	1.55056e-08	5.74449e-25
2.4455e-09	3.3058e-09	1.9866e-27
3.58442e-09	3.32229e-08	7.13261e-24
4.11224e-09	2.29032e-08	4.10687e-24
3.20973e-09	2.09077e-08	2.38204e-24
2.28739e-09	1.6529e-08	1.27197e-24
4.13175e-09	2.93826e-08	6.22385e-24
3.21723e-09	2.06447e-08	2.37141e-24
3.60001e-09	2.49582e-08	1.99946e-24
2.20364e-09	3.3058e-09	6.92017e-27
3.53506e-09	2.60299e-08	2.89759e-24
3.24109e-09	2.2421e-08	1.47971e-24
4.10646e-09	3.43549e-08	6.34507e-24
3.58851e-09	3.23901e-08	7.52934e-24
4.14678e-09	2.76583e-08	5.88754e-24
2.0741e-09	1.6529e-08	1.16632e-24
3.19056e-09	1.44096e-08	4.92501e-25
3.43821e-09	2.45165e-08	4.0084e-24
2.53296e-09	1.78023e-08	1.47544e-24
3.33723e-09	2.40666e-08	2.26769e-24
4.54258e-09	2.66522e-08	5.16482e-24
2.34442e-09	1.58541e-08	1.15884e-24
2.88801e-09	2.66522e-08	3.28527e-24
3.48752e-09	2.42926e-08	3.80211e-24
2.69981e-09	2.16776e-08	2.41356e-24
3.02611e-09	1.74926e-08	9.50415e-25
3.26051e-09	2.45165e-08	3.61309e-24
3.42981e-09	2.29032e-08	3.71246e-24
3.00979e-09	2.2421e-08	3.32907e-24
3.5274e-09	2.1424e-08	1.12827e-24
3.22297e-09	1.87004e-08	1.65626e-24
4.03324e-09	2.90083e-08	6.37677e-24
3.88867e-09	2.76583e-08	4.87546e-24
3.29328e-09	2.78552e-08	4.26858e-24
3.55491e-09	2.66522e-08	3.532e-24
3.03294e-09	1.4784e-08	6.77928e-25
3.81735e-09	2.64464e-08	5.17647e-24
3.31426e-09	2.31406e-08	3.31352e-24
2.98601e-09	1.84059e-08	1.6826e-24
2.58394e-09	1.40253e-08	6.82853e-25
3.61711e-09	2.6239e-08	4.25039e-24
4.36709e-09	2.64464e-08	4.2455e-24
2.54176e-09	1.40253e-08	3.33766e-25
3.23015e-09	2.70591e-08	3.02127e-24
2.8462e-09	1.84059e-08	2.04237e-24
3.12925e-09	1.6529e-08	3.85401e-25
2.91392e-09	2.1424e-08	2.66615e-24
4.62562e-09	3.01173e-08	6.35281e-24
3.54112e-09	2.03783e-08	1.97475e-24
4.1582e-09	2.746e-08	5.68424e-24
2.26762e-09	1.44096e-08	8.83237e-25
3.51951e-09	2.6239e-08	4.0199e-24
2.67666e-09	1.28033e-08	4.96546e-25
2.56042e-09	9.9174e-09	1.92468e-25
3.22909e-09	2.36081e-08	3.16837e-24
4.21955e-09	2.56066e-08	3.69825e-24
3.44434e-09	2.36081e-08	3.12987e-24
4.40564e-09	2.84376e-08	6.84974e-24
4.54272e-09	2.99353e-08	6.95169e-24
3.92378e-09	2.746e-08	5.77791e-24
3.39362e-09	2.49582e-08	2.96019e-24
3.85175e-09	2.6239e-08	5.12915e-24
3.96938e-09	2.70591e-08	4.06552e-24
3.60144e-09	2.38385e-08	2.549e-24
2.23051e-09	3.3058e-09	7.10793e-27
4.22332e-09	2.72603e-08	5.49566e-24
2.44973e-09	2.11674e-08	2.2727e-24
3.79166e-09	2.42926e-08	3.9869e-24
3.43759e-09	1.78023e-08	8.23164e-25
2.94792e-09	1.87004e-08	1.73669e-24
1.7483e-09	3.3058e-09	6.08747e-27
2.67995e-09	3.3058e-09	3.78434e-27
2.40221e-09	1.28033e-08	4.03879e-25
2.75542e-09	2.01084e-08	2.02737e-24
4.29016e-09	2.78552e-08	6.15002e-24
2.76209e-09	1.28033e-08	1.69398e-25
2.62882e-09	2.01084e-08	2.34903e-24
2.64487e-09	1.71774e-08	9.3745e-25
1.85924e-09	3.3058e-09	-2.49327e-27
2.19051e-09	3.3058e-09	3.45822e-27
2.83345e-09	2.19282e-08	2.83222e-24
3.37261e-09	2.64464e-08	3.92305e-24
3.12748e-09	2.38385e-08	3.00146e-24
1.32301e-09	3.3058e-09	-6.13755e-27
4.20972e-09	3.40353e-08	9.03752e-24
3.64428e-09	1.78023e-08	1.6531e-24
1.99457e-09	3.3058e-09	3.34456e-27
2.79756e-09	9.9174e-09	5.30879e-26
2.8206e-09	2.53923e-08	2.89584e-24
3.36489e-09	2.2421e-08	2.71725e-24
4.88628e-09	2.70591e-08	5.98368e-24
3.26723e-09	1.09641e-08	6.95495e-26
3.74104e-09	2.82448e-08	5.3299e-24
2.86747e-09	3.3058e-09	7.44826e-27
3.56992e-09	2.36081e-08	3.51779e-24
3.33396e-09	1.68563e-08	8.69501e-25
3.2443e-09	2.56066e-08	4.35739e-24
3.56027e-09	2.38385e-08	1.70306e-24
2.44804e-09	3.3058e-09	8.577e-27
4.07592e-09	2.70591e-08	4.93803e-24
2.96696e-09	1.9276e-08	1.92031e-24
3.29983e-09	2.26634e-08	3.23958e-24
1.73306e-09	1.19192e-08	3.35925e-25
3.98572e-09	2.93826e-08	5.18242e-24
3.59533e-09	2.90083e-08	4.70384e-24
1.91904e-09	1.09641e-08	2.97848e-25
3.42149e-09	2.64464e-08	4.7413e-24
2.87141e-09	1.89904e-08	1.96205e-24
2.9811e-09	1.74926e-08	1.62556e-24
2.21025e-09	1.23692e-08	5.13228e-25
3.1646e-09	2.11674e-08	3.24179e-24
4.02064e-09	2.53923e-08	4.45285e-24
4.31166e-09	2.86291e-08	6.24826e-24
3.15951e-09	2.47383e-08	3.55423e-24
3.71276e-09	2.68564e-08	4.67221e-24
3.22306e-09	2.33755e-08	2.99043e-24
4.10713e-09	2.60299e-08	4.81565e-24
2.39124e-09	1.87004e-08	1.84812e-24
2.64907e-09	1.40253e-08	3.95889e-25
4.16214e-09	2.68564e-08	5.34009e-24
3.38285e-09	1.84059e-08	1.55291e-24
2.29108e-09	1.32232e-08	4.51692e-25
3.33995e-09	2.9196e-08	4.45979e-24
3.65483e-09	2.31406e-08	3.15715e-24
4.04229e-09	2.72603e-08	5.98471e-24
3.71189e-09	2.70591e-08	5.24084e-24
2.56707e-09	1.28033e-08	3.68533e-25
3.15019e-09	1.98348e-08	2.3273e-24
4.40175e-09	3.15353e-08	5.68074e-24
3.07685e-09	2.11674e-08	2.96738e-24
3.40216e-09	2.60299e-08	3.90281e-24
3.76263e-09	2.38385e-08	4.0076e-24
4.14339e-09	3.27257e-08	8.2849e-24
3.68952e-09	2.47383e-08	3.39232e-24
3.76887e-09	2.80506e-08	4.27287e-24
3.71669e-09	3.33869e-08	8.06732e-24
3.24428e-09	2.6239e-08	3.87826e-24
2.45028e-09	2.11674e-08	1.75033e-24
2.83658e-09	1.84059e-08	1.6458e-24
2.38789e-09	4.6751e-09	4.15512e-26
3.15381e-09	2.746e-08	4.23448e-24
3.60363e-09	2.60299e-08	4.48137e-24
2.70028e-09	2.2421e-08	3.03087e-24
3.70769e-09	1.55056e-08	1.54253e-24
3.02315e-09	2.16776e-08	2.76233e-24
3.93331e-09	2.38385e-08	4.36596e-24
2.81769e-09	1.95574e-08	1.71184e-24
2.30397e-09	2.06447e-08	1.51056e-24
1.75803e-09	1.28033e-08	4.34702e-25
3.75951e-09	2.45165e-08	3.98058e-24
4.03834e-09	2.88193e-08	5.86123e-24
4.26583e-09	3.27257e-08	8.39458e-24
3.06229e-09	1.6195e-08	8.70078e-25
3.70797e-09	2.38385e-08	3.50368e-24
3.0431e-09	3.0478e-08	4.74984e-24
3.84217e-09	2.31406e-08	2.96079e-24
4.17433e-09	2.6239e-08	5.6525e-24
3.37096e-09	2.45165e-08	4.11808e-24
2.97128e-09	2.16776e-08	2.37615e-24
3.25672e-09	2.1424e-08	2.00683e-24
2.50141e-09	8.74632e-09	7.75623e-26
2.64988e-09	2.2421e-08	2.00861e-24
3.77661e-09	2.31406e-08	3.78661e-24
2.73934e-09	2.29032e-08	2.63902e-24
3.41965e-09	2.03783e-08	2.65084e-24
3.65697e-09	3.17081e-08	6.25415e-24
3.88806e-09	2.60299e-08	4.74583e-24
4.17711e-09	2.88193e-08	6.102e-24
3.62777e-09	2.45165e-08	3.57688e-24
2.46992e-09	1.44096e-08	5.40896e-25
3.7594e-09	2.56066e-08	4.9476e-24
4.49605e-09	3.08344e-08	6.839e-24
3.04296e-09	3.23901e-08	5.83733e-24
4.24128e-09	3.11868e-08	7.10071e-24
3.64079e-09	2.99353e-08	5.19655e-24
2.6885e-09	1.6529e-08	1.42325e-24
3.22548e-09	2.51762e-08	3.81467e-24
2.81518e-09	2.09077e-08	2.52301e-24
2.17932e-09	1.74926e-08	1.05949e-24
3.02616e-09	2.76583e-08	3.74751e-24
3.44712e-09	2.56066e-08	3.99508e-24
3.71953e-09	2.53923e-08	3.87065e-24
3.58689e-09	2.64464e-08	3.47969e-24
2.03073e-09	1.89904e-08	1.2172e-24
3.55117e-09	2.99353e-08	5.54772e-24
1.35514e-09	4.6751e-09	1.01844e-26
2.88046e-09	2.11674e-08	2.19914e-24
4.0149e-09	2.76583e-08	5.1247e-24
2.59104e-09	2.2421e-08	2.54339e-24
2.87183e-09	2.01084e-08	2.05398e-24
2.77318e-09	2.09077e-08	2.31581e-24
4.06223e-09	2.70591e-08	5.6829e-24
3.81255e-09	2.86291e-08	4.51343e-24
3.38889e-09	3.37127e-08	5.94601e-24
3.67686e-09	2.33755e-08	3.05432e-24
3.44058e-09	2.19282e-08	3.23218e-24
3.35425e-09	2.2176e-08	2.98844e-24
3.39596e-09	1.98348e-08	2.14502e-24
4.2291e-09	2.66522e-08	5.25607e-24
5.27924e-09	3.02981e-08	9.27716e-24
3.85536e-09	3.17081e-08	4.99593e-24
2.27652e-09	1.4784e-08	8.10735e-25
3.93328e-09	2.42926e-08	4.88287e-24
4.46455e-09	2.42926e-08	4.88509e-24
4.85545e-09	2.99353e-08	6.6607e-24
2.91711e-09	1.84059e-08	1.69875e-24
2.54226e-09	1.55056e-08	1.12864e-24
3.66904e-09	2.93826e-08	4.2081e-24
3.62031e-09	2.68564e-08	5.26903e-24
3.30371e-09	2.19282e-08	3.07047e-24
3.03628e-09	2.36081e-08	3.14037e-24
4.24437e-09	2.72603e-08	5.57536e-24
3.21566e-09	2.53923e-08	3.68157e-24
2.85783e-09	2.29032e-08	2.65873e-24
3.64029e-09	2.16776e-08	2.75491e-24
4.09286e-09	2.88193e-08	6.43599e-24
3.49593e-09	2.56066e-08	3.91585e-24
3.72978e-09	2.66522e-08	3.51365e-24
3.56897e-09	2.45165e-08	3.52207e-24
3.47931e-09	2.60299e-08	4.1036e-24
3.37263e-09	3.35502e-08	7.10908e-24
2.36388e-09	1.58541e-08	1.05451e-24
2.74838e-09	1.55056e-08	7.78484e-25
3.71662e-09	2.29032e-08	3.64206e-24
3.8206e-09	2.51762e-08	4.77756e-24
3.0595e-09	2.33755e-08	2.55366e-24
2.17481e-09	1.74926e-08	1.11323e-24
2.06618e-09	1.28033e-08	1.85508e-25
3.62908e-09	2.09077e-08	2.91376e-24
2.54734e-09	1.98348e-08	2.23306e-24
3.94777e-09	2.68564e-08	4.40226e-24
4.30065e-09	3.02981e-08	6.66006e-24
3.58624e-09	2.58191e-08	4.59545e-24
2.40535e-09	1.87004e-08	1.248e-24
1.71751e-09	3.3058e-09	4.84646e-27
3.33885e-09	2.2176e-08	1.96927e-24
3.84237e-09	2.33755e-08	3.80245e-24
3.19328e-09	2.1424e-08	2.36444e-24
4.70385e-09	2.86291e-08	5.76851e-24
3.61131e-09	2.60299e-08	5.44585e-24
3.39119e-09	1.55056e-08	7.68303e-25
2.29619e-09	3.3058e-09	6.39602e-27
2.50469e-09	9.9174e-09	8.55875e-26
2.87863e-09	2.01084e-08	2.09136e-24
1.77989e-09	3.3058e-09	4.45196e-28
3.57348e-09	2.01084e-08	1.9139e-24
3.03872e-09	1.71774e-08	1.27515e-24
3.67221e-09	2.42926e-08	4.28627e-24
2.66649e-09	2.38385e-08	2.75895e-24
3.43484e-09	1.4784e-08	5.83418e-25
4.11688e-09	1.95574e-08	1.49829e-24
2.76902e-09	2.11674e-08	2.50149e-24
2.76765e-09	1.74926e-08	1.05169e-24
4.43088e-09	2.80506e-08	5.66484e-24
4.69551e-09	3.10111e-08	6.48223e-24
3.51705e-09	2.40666e-08	2.68067e-24
2.57444e-09	1.58541e-08	1.0989e-24
3.04556e-09	2.11674e-08	2.27564e-24
1.08415e-09	3.3058e-09	-4.89887e-27
5.3356e-09	3.27257e-08	8.63681e-24
2.77558e-09	2.06447e-08	1.55719e-24
3.22881e-09	2.26634e-08	2.97236e-24
3.3179e-09	2.19282e-08	2.66899e-24
3.66292e-09	2.29032e-08	2.72274e-24
4.00942e-09	2.64464e-08	6.03054e-24
4.24344e-09	2.51762e-08	4.74439e-24
2.20803e-09	1.68563e-08	7.3884e-25
1.42829e-09	3.3058e-09	-9.21487e-27
2.8996e-09	2.38385e-08	2.45097e-24
4.1649e-09	2.01084e-08	1.01354e-24
4.56548e-09	2.90083e-08	6.211e-24
3.62031e-09	2.68564e-08	4.82896e-24
3.48126e-09	2.31406e-08	3.70852e-24
4.31755e-09	2.51762e-08	4.1764e-24
3.76124e-09	2.29032e-08	3.20824e-24
2.02073e-09	1.09641e-08	3.63295e-25
3.85857e-09	2.86291e-08	6.28179e-24
3.61211e-09	2.72603e-08	4.58263e-24
3.24825e-09	2.06447e-08	2.99185e-24
1.88962e-09	1.36302e-08	2.80251e-25
3.46123e-09	2.09077e-08	2.74534e-24
2.47596e-09	1.04539e-08	1.06983e-25
2.52106e-09	9.35021e-09	1.61971e-25
2.49125e-09	1.6529e-08	8.95941e-25
4.55926e-09	3.17081e-08	7.85066e-24
2.54895e-09	1.78023e-08	1.38438e-24
4.64647e-09	3.27257e-08	8.50365e-24
4.12993e-09	2.72603e-08	5.61681e-24
3.20215e-09	2.60299e-08	3.56037e-24
3.41502e-09	1.98348e-08	1.48491e-24
1.37908e-09	3.3058e-09	2.89005e-28
2.79024e-09	1.81066e-08	1.42713e-24
3.16557e-09	2.88193e-08	5.27898e-24
3.0026e-09	2.26634e-08	3.17659e-24
3.1864e-09	2.51762e-08	3.70889e-24
2.89557e-09	2.01084e-08	2.05644e-24
3.86583e-09	3.28923e-08	7.46686e-24
2.86681e-09	2.11674e-08	2.09004e-24
2.75181e-09	9.9174e-09	1.8844e-25
2.9914e-09	3.3058e-09	4.35686e-27
3.72977e-09	2.47383e-08	4.82313e-24
2.8083e-09	2.42926e-08	3.15377e-24
3.28261e-09	2.11674e-08	1.85646e-24
1.33089e-09	3.3058e-09	-6.60104e-27
2.74014e-09	2.01084e-08	1.30146e-24
3.47901e-09	2.38385e-08	3.66848e-24
3.13867e-09	2.19282e-08	2.52956e-24
3.1551e-09	2.47383e-08	3.21385e-24
4.67619e-09	1.89904e-08	1.22506e-24
2.93271e-09	1.78023e-08	1.64071e-24
3.3095e-09	3.3058e-09	3.86528e-27
1.93153e-09	3.3058e-09	-9.09403e-27
4.28134e-09	2.82448e-08	5.37163e-24
2.93168e-09	3.3058e-09	7.87401e-27
1.28497e-09	3.3058e-09	-6.45225e-27
5.57936e-09	3.17081e-08	8.47077e-24
4.17898e-09	2.86291e-08	7.09345e-24
4.75826e-09	2.16776e-08	1.79978e-24
3.66659e-09	2.36081e-08	2.82277e-24
4.34822e-09	2.64464e-08	5.61426e-24
3.44044e-09	2.31406e-08	4.05194e-24
3.02869e-09	2.06447e-08	2.6667e-24
2.58055e-09	9.35021e-09	2.22573e-26
2.73229e-09	1.68563e-08	1.11588e-24
3.35672e-09	2.6239e-08	4.75158e-24
2.68242e-09	2.64464e-08	3.02301e-24
2.99365e-09	2.60299e-08	3.5681e-24
3.15007e-09	2.26634e-08	2.57476e-24
4.37809e-09	2.64464e-08	3.91592e-24
3.25079e-09	1.98348e-08	1.67036e-24
3.73645e-09	2.56066e-08	4.83307e-24
2.94162e-09	2.01084e-08	2.46752e-24
3.18904e-09	2.88193e-08	5.64388e-24
3.63198e-09	1.6529e-08	8.45002e-25
3.43117e-09	2.51762e-08	3.96405e-24
3.96278e-09	2.99353e-08	5.72063e-24
4.2908e-09	3.33869e-08	5.34849e-24
3.59246e-09	2.64464e-08	3.9818e-24
3.28966e-09	2.58191e-08	2.84376e-24
3.35698e-09	2.1424e-08	2.98043e-24
3.77793e-09	1.68563e-08	5.7129e-25
4.39508e-09	3.17081e-08	6.30926e-24
2.25588e-09	1.6195e-08	1.01671e-24
2.09906e-09	1.4784e-08	7.40224e-25
4.30871e-09	2.84376e-08	5.58306e-24
2.68839e-09	2.2421e-08	3.03714e-24
3.78197e-09	2.53923e-08	4.38671e-24
2.89556e-09	2.03783e-08	2.44672e-24
4.21031e-09	2.84376e-08	7.2005e-24
4.51108e-09	2.9196e-08	6.96665e-24
2.94307e-09	2.26634e-08	2.68537e-24
3.06273e-09	2.47383e-08	2.79211e-24
3.03944e-09	2.11674e-08	2.72318e-24
2.89461e-09	2.11674e-08	1.14711e-24
3.21298e-09	2.16776e-08	2.62883e-24
3.26861e-09	2.40666e-08	2.30868e-24
3.63381e-09	2.76583e-08	4.33073e-24
4.18612e-09	2.86291e-08	5.87519e-24
1.56528e-09	7.39199e-09	3.61929e-26
3.17422e-09	2.16776e-08	2.86734e-24
2.56312e-09	1.40253e-08	5.69278e-25
1.84375e-09	3.3058e-09	4.47343e-27
4.02908e-09	2.53923e-08	4.23868e-24
3.17602e-09	2.42926e-08	3.43235e-24
5.04505e-09	2.9196e-08	6.60926e-24
2.74209e-09	1.58541e-08	9.85359e-25
3.3976e-09	2.31406e-08	2.8762e-24
2.34879e-09	1.55056e-08	8.66637e-25
2.58374e-09	3.3058e-09	2.67583e-27
5.1108e-09	3.188e-08	8.43531e-24
3.12581e-09	1.55056e-08	1.41086e-24
3.13547e-09	2.26634e-08	3.34582e-24
2.43795e-09	3.3058e-09	4.83612e-27
4.09337e-09	2.64464e-08	5.74831e-24
2.99039e-09	2.1424e-08	3.03484e-24
4.14036e-09	2.78552e-08	5.34049e-24
3.67941e-09	2.72603e-08	3.73429e-24
3.47161e-09	2.56066e-08	4.01916e-24
4.57477e-09	2.93826e-08	7.29985e-24
3.64637e-09	3.02981e-08	5.48398e-24
2.74903e-09	2.2176e-08	2.31759e-24
1.69657e-09	1.09641e-08	1.62742e-25
2.59401e-09	1.87004e-08	1.9633e-24
3.03045e-09	2.78552e-08	5.3582e-24
3.6663e-09	2.51762e-08	3.98343e-24
2.04543e-09	1.81066e-08	8.21831e-25
4.53732e-09	2.64464e-08	5.63494e-24
4.40624e-09	2.78552e-08	6.4409e-24
4.75165e-09	3.15353e-08	7.89429e-24
2.73685e-09	1.74926e-08	1.33097e-24
2.64257e-09	1.9276e-08	2.06719e-24
1.16545e-09	6.6116e-09	1.85955e-26
4.40719e-09	2.90083e-08	4.0448e-24
4.21302e-09	3.28923e-08	8.018e-24
3.54381e-09	1.9276e-08	1.38601e-24
3.74146e-09	2.66522e-08	5.31239e-24
3.47889e-09	2.40666e-08	3.71076e-24
3.69237e-09	2.1424e-08	3.43395e-24
3.13438e-09	2.2421e-08	2.21943e-24
3.38672e-09	1.04539e-08	4.55741e-26
3.63192e-09	2.66522e-08	4.90269e-24
3.73562e-09	2.86291e-08	5.15573e-24
3.89258e-09	2.45165e-08	3.22423e-24
3.25193e-09	2.29032e-08	2.30667e-24
3.64725e-09	2.42926e-08	4.04868e-24
2.96889e-09	2.19282e-08	2.91692e-24
3.98634e-09	3.11868e-08	7.6845e-24
3.69091e-09	2.70591e-08	5.24001e-24
3.77031e-09	2.42926e-08	3.3389e-24
5.15546e-09	2.88193e-08	7.81338e-24
2.27443e-09	1.55056e-08	8.98458e-25
3.22572e-09	2.06447e-08	1.63434e-24
2.52561e-09	2.16776e-08	2.10931e-24
2.73794e-09	1.19192e-08	3.12879e-25
3.0505e-09	1.78023e-08	1.48561e-24
4.10401e-09	3.17081e-08	6.59782e-24
3.37882e-09	2.06447e-08	2.34737e-24
3.76739e-09	3.41954e-08	8.36701e-24
4.59404e-09	2.90083e-08	6.50985e-24
3.41472e-09	2.53923e-08	2.95865e-24
4.21299e-09	2.64464e-08	4.2816e-24
4.50954e-09	2.93826e-08	6.96772e-24
2.8936e-09	2.80506e-08	2.64377e-24
3.92939e-09	3.01173e-08	5.7665e-24
3.21906e-09	1.19192e-08	3.97727e-25
2.46363e-09	3.3058e-09	2.16427e-27
3.85015e-09	2.47383e-08	3.85236e-24
3.66608e-09	2.51762e-08	4.59778e-24
3.05713e-09	3.3058e-09	1.34695e-27
3.66789e-09	2.70591e-08	5.28594e-24
3.50907e-09	2.33755e-08	3.35423e-24
2.95989e-09	1.6195e-08	5.88101e-25
3.21675e-09	2.29032e-08	3.41962e-24
2.96251e-09	3.3058e-09	4.06852e-27
3.28968e-09	2.60299e-08	3.79107e-24
3.05356e-09	2.2176e-08	1.63276e-24
3.40367e-09	2.53923e-08	2.8729e-24
2.92169e-09	1.40253e-08	6.56866e-25
2.61403e-09	1.95574e-08	1.75321e-24
2.08985e-09	9.9174e-09	1.74283e-25
1.21397e-09	3.3058e-09	5.09392e-27
4.21082e-09	3.01173e-08	5.70717e-24
3.60253e-09	1.81066e-08	1.00606e-24
3.83472e-09	2.49582e-08	3.60453e-24
3.7343e-09	2.53923e-08	4.31463e-24
2.82058e-09	1.09641e-08	9.47396e-26
3.89073e-09	2.80506e-08	4.91942e-24
2.64139e-09	1.6529e-08	1.13435e-24
3.56134e-09	2.19282e-08	2.31771e-24
3.34103e-09	2.11674e-08	2.71787e-24
5.34871e-09	3.46715e-08	1.13211e-23
3.25453e-09	2.2176e-08	3.07082e-24
3.87984e-09	3.25583e-08	5.34896e-24
3.04016e-09	2.80506e-08	4.22893e-24
2.57114e-09	3.3058e-09	6.24869e-27
3.66051e-09	1.74926e-08	1.03031e-24
2.54317e-09	1.6529e-08	1.57424e-24
2.79539e-09	2.16776e-08	1.46761e-24
2.83459e-09	3.3058e-09	8.42494e-27
3.37058e-09	3.08344e-08	4.6023e-24
3.06175e-09	2.16776e-08	2.44497e-24
2.14852e-09	1.78023e-08	1.04e-24
4.46868e-09	3.08344e-08	8.02251e-24
3.6202e-09	2.31406e-08	3.69307e-24
4.63923e-09	2.9568e-08	7.35581e-24
1.56003e-09	3.3058e-09	4.8675e-27
2.80924e-09	1.98348e-08	1.79893e-24
3.76091e-09	2.09077e-08	1.00655e-24
3.40036e-09	2.31406e-08	3.44662e-24
3.42687e-09	1.68563e-08	1.01044e-24
4.2057e-09	2.76583e-08	5.31614e-24
2.91087e-09	1.71774e-08	8.35713e-25
3.99278e-09	2.58191e-08	4.76929e-24
3.39045e-09	2.1424e-08	1.73631e-24
2.91385e-09	2.19282e-08	2.43343e-24
4.01092e-09	2.6239e-08	5.16266e-24
1.48976e-09	3.3058e-09	2.69086e-27
4.98247e-09	3.10111e-08	7.48147e-24
2.64166e-09	1.51491e-08	7.15358e-25
3.93729e-09	2.82448e-08	4.9949e-24
1.42542e-09	5.72581e-09	2.80795e-26
3.41987e-09	1.98348e-08	1.57969e-24
2.4957e-09	3.3058e-09	5.80791e-27
1.44195e-09	3.3058e-09	8.62346e-27
3.74029e-09	2.6239e-08	4.26406e-24
2.72519e-09	1.55056e-08	7.65896e-25
4.53104e-09	1.9276e-08	1.25323e-24
3.0085e-09	2.70591e-08	2.76792e-24
2.63508e-09	1.84059e-08	1.74692e-24
3.8878e-09	1.87004e-08	1.56361e-24
3.87546e-09	2.6239e-08	4.36899e-24
3.42396e-09	3.3058e-09	4.01422e-27
1.53973e-09	3.3058e-09	4.96727e-27
3.98478e-09	2.53923e-08	4.84687e-24
3.02898e-09	1.95574e-08	2.10913e-24
3.63171e-09	2.58191e-08	3.50983e-24
2.87373e-09	2.42926e-08	3.08074e-24
3.23458e-09	2.06447e-08	2.49162e-24
3.49141e-09	3.3058e-09	4.85335e-27
2.74227e-09	2.36081e-08	2.49986e-24
3.68054e-09	2.31406e-08	2.87332e-24
2.42535e-09	3.3058e-09	4.02151e-27
5.07482e-09	3.15353e-08	8.48519e-24
4.27559e-09	1.84059e-08	6.41441e-25
2.64922e-09	3.3058e-09	5.3964e-27
4.57652e-09	2.84376e-08	5.79731e-24
2.48715e-09	3.3058e-09	3.74156e-27
3.33246e-09	2.19282e-08	2.79457e-24
2.73221e-09	2.11674e-08	2.34885e-24
3.45902e-09	1.89904e-08	1.70969e-24
3.57919e-09	2.53923e-08	4.7956e-24
4.46253e-09	3.32229e-08	7.54141e-24
1.89221e-09	3.3058e-09	2.85439e-27
3.90306e-09	2.47383e-08	4.14545e-24
2.59255e-09	1.89904e-08	1.62594e-24
3.75628e-09	2.09077e-08	2.48035e-24
2.84271e-09	1.81066e-08	1.71911e-24
3.03682e-09	2.33755e-08	3.3162e-24
2.28493e-09	1.23692e-08	3.16419e-25
2.55747e-09	2.01084e-08	1.71033e-24
3.78681e-09	2.6239e-08	4.11799e-24
2.75889e-09	1.95574e-08	1.91093e-24
4.4471e-09	3.11868e-08	7.78947e-24
4.28433e-09	2.76583e-08	5.1859e-24
3.33348e-09	2.33755e-08	3.14992e-24
2.26052e-09	1.23692e-08	2.00909e-25
2.49382e-09	1.51491e-08	7.35104e-25
3.54476e-09	2.29032e-08	3.35676e-24
4.57704e-09	2.90083e-08	6.05714e-24
4.06072e-09	2.42926e-08	4.70549e-24
2.60917e-09	1.95574e-08	1.99996e-24
2.25064e-09	1.87004e-08	1.27347e-24
4.30425e-09	2.9568e-08	7.21317e-24
4.43407e-09	2.66522e-08	5.47286e-24
3.3559e-09	2.2176e-08	3.20876e-24
2.03018e-09	1.44096e-08	4.55309e-25
3.86453e-09	3.33869e-08	6.91876e-24
2.9244e-09	2.2176e-08	2.63086e-24
1.53115e-09	3.3058e-09	4.07343e-27
4.82917e-09	3.22209e-08	8.66962e-24
3.56818e-09	2.2421e-08	1.05949e-24
4.16977e-09	3.40353e-08	7.45735e-24
2.6837e-09	1.9276e-08	1.35534e-24
2.6886e-09	1.68563e-08	9.13868e-25
3.99489e-09	2.60299e-08	4.77458e-24
2.55765e-09	1.89904e-08	1.41197e-24
3.6595e-09	2.47383e-08	4.30113e-24
3.69921e-09	3.33869e-08	8.22871e-24
2.79092e-09	1.44096e-08	4.64455e-25
3.74943e-09	2.56066e-08	3.5543e-24
4.42644e-09	2.82448e-08	5.99843e-24
3.93631e-09	2.746e-08	6.38349e-24
2.77382e-09	1.74926e-08	1.13363e-24
4.47157e-09	2.9568e-08	5.30632e-24
3.29224e-09	2.78552e-08	3.64418e-24
4.45579e-09	2.70591e-08	4.43888e-24
2.99568e-09	2.03783e-08	1.88471e-24
4.13119e-09	2.86291e-08	4.36907e-24
3.78498e-09	2.47383e-08	1.86479e-24
4.49755e-09	3.56045e-08	9.14628e-24
3.93326e-09	2.51762e-08	3.10681e-24
4.13965e-09	2.68564e-08	5.64956e-24
3.27539e-09	2.60299e-08	3.48571e-24
3.50223e-09	1.87004e-08	7.88888e-25
2.46283e-09	1.23692e-08	3.4036e-25
3.22461e-09	2.33755e-08	3.26654e-24
2.67228e-09	1.44096e-08	8.27133e-25
2.60714e-09	1.6529e-08	1.29219e-24
2.19776e-09	3.3058e-09	4.64011e-27
3.65344e-09	1.87004e-08	1.28384e-24
3.11848e-09	2.11674e-08	2.84777e-24
3.22803e-09	2.78552e-08	5.09985e-24
1.36851e-09	3.3058e-09	4.54067e-27
3.31272e-09	3.3058e-09	9.04027e-27
3.55009e-09	2.47383e-08	3.20366e-24
3.83676e-09	2.38385e-08	4.22197e-24
3.88941e-09	2.40666e-08	4.45414e-24
2.34871e-09	1.6195e-08	5.13995e-25
3.50379e-09	1.95574e-08	1.47439e-24
3.49443e-09	3.3058e-09	8.32711e-27
4.47565e-09	2.6239e-08	4.85088e-24
3.28376e-09	1.95574e-08	2.27021e-24
3.70293e-09	2.78552e-08	6.19239e-24
3.98907e-09	2.26634e-08	2.75809e-24
2.44335e-09	3.3058e-09	7.62259e-27
1.4199e-09	3.3058e-09	7.22508e-27
3.74612e-09	1.14516e-08	3.71851e-25
4.09965e-09	2.72603e-08	4.74863e-24
3.40168e-09	2.82448e-08	4.91417e-24
2.09466e-09	3.3058e-09	4.94458e-27
3.20277e-09	2.78552e-08	2.96292e-24
4.05622e-09	3.20509e-08	7.95729e-24
3.35488e-09	2.2176e-08	2.54841e-24
2.29566e-09	1.32232e-08	4.39568e-25
3.18674e-09	2.42926e-08	3.40826e-24
2.65696e-09	2.97522e-08	3.82957e-24
3.06699e-09	1.89904e-08	1.45391e-24
3.89257e-09	2.66522e-08	2.47251e-24
3.64124e-09	2.72603e-08	4.6002e-24
2.31477e-09	3.3058e-09	4.75497e-27
3.71795e-09	2.19282e-08	3.15899e-24
3.60881e-09	2.51762e-08	4.52934e-24
3.60955e-09	2.60299e-08	4.98558e-24
2.24847e-09	1.9276e-08	1.80159e-24
3.4343e-09	2.40666e-08	4.15748e-24
3.38451e-09	2.2421e-08	3.47173e-24
3.48935e-09	3.76919e-08	7.61034e-24
2.01219e-09	3.3058e-09	8.61905e-27
3.8484e-09	2.80506e-08	4.19855e-24
1.25343e-09	3.3058e-09	7.74109e-27
4.3115e-09	2.9196e-08	7.28669e-24
3.9519e-09	1.9276e-08	1.43391e-24
3.61317e-09	2.49582e-08	3.61324e-24
3.75707e-09	3.08344e-08	5.76096e-24
3.47899e-09	1.04539e-08	1.11882e-25
3.49047e-09	1.81066e-08	2.00683e-24
3.51369e-09	3.33869e-08	6.52707e-24
3.50741e-09	2.66522e-08	4.26459e-24
3.8709e-09	1.55056e-08	7.00121e-25
3.73025e-09	1.87004e-08	1.10219e-24
2.77286e-09	1.44096e-08	5.98297e-25
2.93369e-09	1.68563e-08	1.26866e-24
3.29919e-09	2.29032e-08	3.56278e-24
4.00999e-09	3.25583e-08	5.52013e-24
4.07772e-09	1.95574e-08	1.15997e-24
4.01384e-09	2.53923e-08	3.59305e-24
3.23031e-09	2.72603e-08	3.56587e-24
3.89446e-09	1.04539e-08	1.73017e-25
3.6696e-09	1.6529e-08	1.01938e-24
2.71301e-09	2.2176e-08	1.68339e-24
3.18137e-09	1.4784e-08	3.19987e-25
4.00904e-09	2.49582e-08	3.93646e-24
3.77163e-09	2.33755e-08	3.58518e-24
4.05974e-09	1.32232e-08	1.3673e-24
4.09935e-09	1.81066e-08	9.91277e-25
3.59374e-09	2.26634e-08	3.94035e-24
3.41481e-09	2.40666e-08	3.8288e-24
4.27049e-09	2.68564e-08	3.73128e-24
3.4856e-09	2.19282e-08	2.74014e-24
3.98207e-09	3.20509e-08	6.22567e-24
3.06355e-09	2.33755e-08	3.02789e-24
4.96456e-09	2.06447e-08	1.53428e-24
3.08252e-09	1.04539e-08	9.33327e-26
2.86751e-09	1.58541e-08	1.01876e-24
3.25931e-09	2.16776e-08	2.51076e-24
3.44974e-09	1.6195e-08	8.39848e-25
4.38158e-09	2.746e-08	5.10869e-24
1.27215e-09	3.3058e-09	-1.13876e-26
3.21631e-09	1.6195e-08	7.99738e-25
3.18072e-09	2.01084e-08	2.24313e-24
3.42336e-09	2.19282e-08	2.4078e-24
3.23706e-09	2.26634e-08	3.05447e-24
4.77158e-09	1.98348e-08	1.3391e-24
1.28645e-09	3.3058e-09	4.60938e-27
4.38249e-09	2.93826e-08	6.15579e-24
3.65229e-09	2.68564e-08	4.67124e-24
3.13639e-09	2.36081e-08	2.65122e-24
3.8262e-09	3.62132e-08	9.04966e-24
3.97055e-09	2.97522e-08	4.43712e-24
3.80975e-09	2.45165e-08	3.75006e-24
4.1765e-09	1.84059e-08	1.45933e-24
3.85791e-09	2.6239e-08	4.82005e-24
2.88139e-09	1.78023e-08	1.50596e-24
1.70599e-09	9.35021e-09	8.91277e-26
2.98161e-09	2.01084e-08	1.005e-24
2.60062e-09	1.36302e-08	5.84522e-25
3.90514e-09	3.08344e-08	6.30101e-24
3.57489e-09	2.16776e-08	3.17454e-24
4.16552e-09	2.76583e-08	5.64975e-24
2.07297e-09	1.19192e-08	3.62904e-25
2.27857e-09	9.35021e-09	-1.35969e-26
3.27587e-09	2.03783e-08	2.31846e-24
2.72164e-09	1.36302e-08	4.66961e-25
2.61873e-09	8.09752e-09	8.87793e-26
4.2e-09	1.81066e-08	1.13496e-24
2.87426e-09	9.9174e-09	1.07756e-25
3.38981e-09	2.51762e-08	3.95218e-24
4.07188e-09	2.80506e-08	4.73021e-24
3.55458e-09	2.9568e-08	6.77067e-24
3.70355e-09	2.26634e-08	3.0116e-24
3.69969e-09	2.64464e-08	3.24197e-24
4.87526e-09	3.20509e-08	9.00437e-24
4.11903e-09	2.88193e-08	5.32914e-24
1.99073e-09	3.3058e-09	6.04621e-27
2.99122e-09	1.95574e-08	1.62018e-24
5.31018e-09	3.10111e-08	8.32368e-24
3.50142e-09	2.33755e-08	1.58836e-24
3.986e-09	1.32232e-08	5.83575e-25
3.60405e-09	2.06447e-08	2.2829e-24
1.29473e-09	3.3058e-09	-5.95735e-27
2.92133e-09	2.86291e-08	3.79863e-24
2.53674e-09	3.3058e-09	7.01076e-27
2.767e-09	3.3058e-09	6.62747e-27
2.93406e-09	1.81066e-08	1.27042e-24
3.6008e-09	2.70591e-08	5.31889e-24
4.00387e-09	1.9276e-08	1.44471e-24
1.85384e-09	3.3058e-09	-1.06813e-26
2.7235e-09	3.3058e-09	3.48387e-27
2.11683e-09	3.3058e-09	1.14433e-26
2.96875e-09	1.84059e-08	1.55411e-24
1.23679e-09	3.3058e-09	-8.84336e-27
2.74966e-09	2.53923e-08	4.06142e-24
2.05461e-09	3.3058e-09	9.775e-27
3.85127e-09	2.82448e-08	4.18671e-24
3.65946e-09	2.38385e-08	3.86572e-24
3.76528e-09	2.58191e-08	4.03381e-24
2.68759e-09	1.04539e-08	9.13121e-26
3.97913e-09	2.746e-08	4.91528e-24
4.29925e-09	3.25583e-08	6.83604e-24
4.38446e-09	2.9568e-08	5.10222e-24
3.29652e-09	1.71774e-08	1.20558e-24
1.63159e-09	3.3058e-09	2.88601e-27
3.21482e-09	2.42926e-08	3.42472e-24
3.40791e-09	2.58191e-08	4.24861e-24
4.09185e-09	2.68564e-08	4.51685e-24
3.68475e-09	1.55056e-08	8.12128e-25
3.7537e-09	2.45165e-08	3.57964e-24
2.65072e-09	3.3058e-09	6.85885e-27
3.63887e-09	2.51762e-08	4.24938e-24
2.60257e-09	2.09077e-08	1.33329e-24
2.0569e-09	3.3058e-09	5.44261e-27
3.75675e-09	2.70591e-08	5.11812e-24
3.80695e-09	2.47383e-08	4.38847e-24
3.68346e-09	2.90083e-08	6.18579e-24
2.98097e-09	2.11674e-08	2.57544e-24
3.44911e-09	2.746e-08	4.77385e-24
4.33304e-09	2.90083e-08	6.4901e-24
3.61695e-09	1.44096e-08	6.81401e-25
4.52116e-09	2.746e-08	6.20092e-24
4.25535e-09	3.11868e-08	7.55135e-24
4.49139e-09	2.80506e-08	5.22099e-24
3.66963e-09	2.36081e-08	3.89391e-24
4.61221e-09	3.43549e-08	1.00634e-23
2.22022e-09	1.28033e-08	4.01758e-25
2.98181e-09	2.36081e-08	3.20576e-24
2.67555e-09	9.9174e-09	9.75503e-26
4.32916e-09	2.76583e-08	5.55483e-24
3.99312e-09	2.01084e-08	1.98616e-24
1.54503e-09	3.3058e-09	1.99325e-27
2.6122e-09	1.55056e-08	8.0326e-25
4.8606e-09	3.15353e-08	8.7056e-24
3.11779e-09	2.06447e-08	2.86065e-24
2.18652e-09	3.3058e-09	4.76962e-27
4.14483e-09	2.45165e-08	3.85322e-24
2.49287e-09	1.6195e-08	7.1875e-25
1.70456e-09	3.3058e-09	7.98215e-27
3.77065e-09	2.6239e-08	5.19902e-24
2.68557e-09	2.36081e-08	2.3872e-24
2.25935e-09	3.3058e-09	6.00118e-27
3.79244e-09	2.38385e-08	2.48688e-24
3.88035e-09	2.746e-08	5.00499e-24
3.72468e-09	2.78552e-08	3.13271e-24
2.39688e-09	3.3058e-09	5.31843e-27
5.18013e-09	3.74008e-08	1.13574e-23
4.24532e-09	2.82448e-08	5.57466e-24
1.2846e-09	3.3058e-09	3.80607e-27
3.55359e-09	2.49582e-08	4.28471e-24
3.57277e-09	2.78552e-08	4.85727e-24
1.07662e-09	3.3058e-09	3.77375e-27
2.84708e-09	1.95574e-08	1.67028e-24
3.46297e-09	2.58191e-08	2.59721e-24
2.07278e-09	3.3058e-09	4.81034e-27
3.6619e-09	3.188e-08	6.41284e-24
4.06693e-09	2.06447e-08	2.35409e-24
2.89237e-09	3.3058e-09	7.95501e-28
2.77393e-09	1.98348e-08	2.10043e-24
3.32461e-09	2.2421e-08	2.79513e-24
2.44835e-09	1.36302e-08	6.49066e-25
2.40894e-09	9.9174e-09	2.4973e-25
3.30164e-09	3.3058e-09	-3.20158e-27
3.87453e-09	2.49582e-08	4.5824e-24
3.16185e-09	2.36081e-08	3.72736e-24
2.78431e-09	2.03783e-08	2.45415e-24
2.65106e-09	1.95574e-08	2.3052e-24
2.26532e-09	8.74632e-09	2.56246e-25
2.81433e-09	3.3058e-09	-2.42924e-27
4.64662e-09	2.76583e-08	5.06776e-24
2.72479e-09	2.06447e-08	1.71093e-24
4.50834e-09	2.78552e-08	6.43854e-24
2.77289e-09	1.58541e-08	7.45989e-25
3.49047e-09	2.47383e-08	4.23493e-24
3.74108e-09	2.70591e-08	3.89565e-24
4.13188e-09	2.58191e-08	4.2941e-24
3.45827e-09	2.56066e-08	3.5901e-24
3.73738e-09	2.56066e-08	4.09853e-24
3.55193e-09	2.6239e-08	3.11165e-24
2.79086e-09	2.11674e-08	2.34674e-24
4.76551e-09	3.11868e-08	7.42045e-24
3.37278e-09	2.2176e-08	3.76376e-24
4.82217e-09	3.08344e-08	7.16269e-24
4.26835e-09	2.68564e-08	4.92391e-24
3.74134e-09	2.19282e-08	3.0551e-24
3.94449e-09	2.82448e-08	5.25942e-24
2.47382e-09	1.28033e-08	2.73609e-25
4.14896e-09	2.76583e-08	4.50349e-24
2.99321e-09	1.89904e-08	1.80576e-24
3.89492e-09	2.51762e-08	4.30833e-24
3.74351e-09	2.86291e-08	4.35342e-24
3.5588e-09	2.16776e-08	2.5332e-24
2.14834e-09	1.74926e-08	1.06615e-24
2.92905e-09	3.02981e-08	4.70566e-24
3.72069e-09	2.09077e-08	1.15445e-24
4.37524e-09	1.6529e-08	1.53612e-24
3.37305e-09	2.33755e-08	2.86153e-24
3.12597e-09	1.78023e-08	7.43509e-25
1.778e-09	3.3058e-09	3.12291e-27
3.22132e-09	2.01084e-08	2.19389e-24
2.92788e-09	1.81066e-08	1.64225e-24
1.22486e-09	3.3058e-09	-3.22178e-28
4.3102e-09	2.40666e-08	2.31352e-24
2.28716e-09	1.81066e-08	1.54033e-24
3.10011e-09	2.80506e-08	4.53444e-24
1.8954e-09	3.3058e-09	4.1776e-27
2.55899e-09	1.32232e-08	3.77076e-25
2.87439e-09	2.03783e-08	2.54044e-24
3.91964e-09	2.64464e-08	5.04372e-24
2.63036e-09	1.95574e-08	1.35872e-24
2.56553e-09	1.74926e-08	1.25586e-24
2.27419e-09	1.28033e-08	3.61125e-25
3.20767e-09	2.31406e-08	3.77557e-24
2.96881e-09	2.01084e-08	2.03857e-24
4.1984e-09	2.58191e-08	4.87043e-24
2.46441e-09	1.04539e-08	4.33596e-25
3.50341e-09	2.49582e-08	3.5046e-24
3.69121e-09	2.58191e-08	3.88382e-24
3.28869e-09	2.11674e-08	2.20572e-24
2.64324e-09	2.51762e-08	3.76375e-24
2.80047e-09	2.26634e-08	3.12805e-24
4.5262e-09	2.72603e-08	5.89787e-24
3.3243e-09	1.68563e-08	7.18831e-25
2.98064e-09	1.87004e-08	1.51975e-24
3.42003e-09	2.16776e-08	1.93402e-24
4.13329e-09	2.72603e-08	5.7553e-24
4.15171e-09	2.90083e-08	7.12802e-24
3.3705e-09	2.26634e-08	1.9303e-24
3.1688e-09	2.09077e-08	2.59134e-24
4.52101e-09	2.80506e-08	6.09951e-24
4.38691e-09	2.19282e-08	1.66531e-24
2.62377e-09	2.19282e-08	1.75665e-24
2.68643e-09	2.47383e-08	2.79422e-24
4.46027e-09	2.746e-08	6.11418e-24
4.27744e-09	3.06567e-08	6.88467e-24
2.95604e-09	2.06447e-08	2.13153e-24
5.15242e-09	3.17081e-08	8.20173e-24
3.36287e-09	2.42926e-08	2.79526e-24
3.7273e-09	2.31406e-08	3.75084e-24
4.0235e-09	3.22209e-08	6.93056e-24
4.61238e-09	3.22209e-08	6.81635e-24
2.41216e-09	1.28033e-08	5.7819e-25
3.7386e-09	2.72603e-08	4.24532e-24
4.20798e-09	2.66522e-08	4.56918e-24
3.49596e-09	2.11674e-08	3.46009e-24
3.56298e-09	2.19282e-08	2.96089e-24
2.89124e-09	1.44096e-08	6.41646e-25
3.64089e-09	2.70591e-08	5.38999e-24
3.30659e-09	2.68564e-08	4.71659e-24
3.86455e-09	2.49582e-08	4.99777e-24
2.36694e-09	1.04539e-08	1.76788e-25
3.70557e-09	2.88193e-08	5.68897e-24
3.18897e-09	2.2421e-08	3.33528e-24
3.88872e-09	2.82448e-08	4.96326e-24
2.73566e-09	2.2421e-08	3.21929e-24
3.03781e-09	1.89904e-08	1.97905e-24
4.13571e-09	2.68564e-08	5.30164e-24
3.91186e-09	2.93826e-08	6.52303e-24
2.75424e-09	2.1424e-08	2.60522e-24
3.30372e-09	2.45165e-08	3.4313e-24
2.97532e-09	3.28923e-08	5.99114e-24
2.71686e-09	1.81066e-08	1.67306e-24
3.70646e-09	2.51762e-08	4.38709e-24
4.32963e-09	1.74926e-08	1.01152e-24
3.48942e-09	1.68563e-08	5.02039e-25
2.48115e-09	3.3058e-09	4.75373e-27
4.66863e-09	3.01173e-08	7.23472e-24
2.71428e-09	1.81066e-08	1.49509e-24
4.30385e-09	1.84059e-08	1.28878e-24
2.70757e-09	3.3058e-09	2.24491e-27
3.85245e-09	2.78552e-08	5.02328e-24
2.95253e-09	1.87004e-08	1.80723e-24
4.04612e-09	2.70591e-08	5.31011e-24
2.5034e-09	3.3058e-09	9.04025e-27
2.34018e-09	1.51491e-08	7.38781e-25
3.33592e-09	2.38385e-08	3.63888e-24
3.69835e-09	1.04539e-08	1.40024e-25
5.49785e-09	3.15353e-08	9.48028e-24
4.4352e-09	3.20509e-08	5.9994e-24
3.16497e-09	1.04539e-08	4.34642e-26
3.51555e-09	2.29032e-08	3.62973e-24
3.28573e-09	2.38385e-08	2.27105e-24
4.49943e-09	3.54507e-08	8.99998e-24
4.20377e-09	2.99353e-08	7.0195e-24
2.17494e-09	1.55056e-08	9.06808e-25
3.29311e-09	2.16776e-08	2.64738e-24
3.4293e-09	1.74926e-08	1.27175e-24
3.51088e-09	2.58191e-08	4.13706e-24
3.54574e-09	2.36081e-08	2.21869e-24
2.3477e-09	2.16776e-08	2.44961e-24
3.71985e-09	2.60299e-08	4.34558e-24
2.63398e-09	2.06447e-08	2.37403e-24
2.86511e-09	2.16776e-08	2.42232e-24
3.02741e-09	1.32232e-08	3.68869e-25
4.16565e-09	2.6239e-08	5.81204e-24
3.06145e-09	2.29032e-08	2.89767e-24
2.97732e-09	1.81066e-08	1.46512e-24
4.38319e-09	3.01173e-08	6.07566e-24
3.14561e-09	1.44096e-08	1.49091e-24
2.81143e-09	2.33755e-08	2.47704e-24
2.99995e-09	1.23692e-08	1.80109e-25
3.81597e-09	2.36081e-08	4.23472e-24
2.87673e-09	1.87004e-08	1.33107e-24
3.27751e-09	2.09077e-08	2.51379e-24
3.31338e-09	2.11674e-08	2.45558e-24
4.47646e-09	2.84376e-08	4.92601e-24
3.41101e-09	2.82448e-08	4.84609e-24
3.37155e-09	2.36081e-08	2.67848e-24
3.66661e-09	3.28923e-08	7.9746e-24
4.90039e-09	2.746e-08	6.46102e-24
4.96547e-09	2.90083e-08	6.29857e-24
3.67201e-09	2.70591e-08	4.31988e-24
3.06658e-09	1.87004e-08	2.09857e-24
3.01667e-09	1.4784e-08	7.05144e-25
3.34942e-09	2.84376e-08	3.40486e-24
2.52315e-09	1.68563e-08	1.33352e-24
3.31196e-09	2.16776e-08	2.56955e-24
3.20188e-09	1.9276e-08	1.60608e-24
4.5431e-09	2.84376e-08	6.81805e-24
2.34697e-09	1.32232e-08	6.0566e-25
3.30407e-09	2.06447e-08	2.91402e-24
3.24184e-09	1.19192e-08	1.76045e-25
4.15677e-09	2.58191e-08	4.23721e-24
3.94977e-09	2.51762e-08	4.33715e-24
2.9372e-09	2.1424e-08	2.53748e-24
3.49131e-09	2.56066e-08	4.61745e-24
3.10169e-09	2.40666e-08	2.63124e-24
2.9699e-09	1.81066e-08	1.44809e-24
3.66836e-09	2.53923e-08	3.43086e-24
2.8331e-09	1.98348e-08	1.82557e-24
3.03364e-09	2.19282e-08	2.91367e-24
2.94596e-09	2.11674e-08	2.42577e-24
2.58045e-09	1.58541e-08	1.09782e-24
4.24818e-09	2.66522e-08	4.89093e-24
2.49236e-09	1.9276e-08	1.5642e-24
1.42169e-09	3.3058e-09	3.97938e-27
3.80332e-09	2.86291e-08	5.31427e-24
3.00265e-09	2.19282e-08	2.75602e-24
2.85968e-09	1.14516e-08	2.48355e-25
1.64406e-09	3.3058e-09	-3.95031e-27
4.05923e-09	2.9196e-08	6.92995e-24
3.33194e-09	2.16776e-08	3.1553e-24
2.95541e-09	1.78023e-08	1.82095e-24
4.27538e-09	2.66522e-08	4.83799e-24
4.01196e-09	2.68564e-08	4.38595e-24
2.95538e-09	9.9174e-09	6.93488e-26
1.36161e-09	3.3058e-09	4.90008e-28
3.34692e-09	1.44096e-08	1.25272e-24
4.18537e-09	3.38744e-08	9.25293e-24
3.13518e-09	2.33755e-08	2.61533e-24
3.25194e-09	2.45165e-08	3.72822e-24
3.28365e-09	2.26634e-08	3.28803e-24
3.0177e-09	2.36081e-08	2.85809e-24
3.92493e-09	2.78552e-08	5.56861e-24
4.70317e-09	3.23901e-08	8.63272e-24
3.27895e-09	2.6239e-08	3.45551e-24
3.38264e-09	3.11868e-08	3.76173e-24
3.40785e-09	2.2176e-08	2.73832e-24
4.56942e-09	2.9568e-08	6.57487e-24
3.38433e-09	2.90083e-08	4.38702e-24
2.97206e-09	2.03783e-08	1.28631e-24
3.10472e-09	2.03783e-08	1.25555e-24
5.46799e-09	3.23901e-08	9.78562e-24
3.92042e-09	3.01173e-08	6.38088e-24
2.41371e-09	1.84059e-08	1.35917e-24
3.831e-09	2.40666e-08	3.34512e-24
3.28285e-09	3.08344e-08	5.4306e-24
1.81681e-09	1.09641e-08	1.93998e-25
2.73078e-09	1.98348e-08	1.54732e-24
4.61455e-09	3.48287e-08	7.51902e-24
4.49231e-09	2.90083e-08	6.43424e-24
2.331e-09	1.23692e-08	3.39194e-25
2.48309e-09	1.55056e-08	1.07346e-24
3.01962e-09	2.29032e-08	2.32382e-24
2.72677e-09	1.87004e-08	1.2528e-24
3.94504e-09	2.78552e-08	6.33155e-24
3.62746e-09	2.70591e-08	4.83905e-24
3.66141e-09	3.0478e-08	5.37752e-24
4.6104e-09	3.11868e-08	7.22565e-24
4.89876e-09	2.76583e-08	5.5192e-24
2.63994e-09	2.31406e-08	2.90646e-24
2.18569e-09	3.3058e-09	6.83279e-27
3.79246e-09	3.25583e-08	7.87482e-24
5.52737e-09	3.33869e-08	9.04915e-24
3.21269e-09	2.82448e-08	4.45078e-24
3.59002e-09	3.11868e-08	5.69907e-24
3.31461e-09	2.38385e-08	2.96256e-24
1.79276e-09	3.3058e-09	9.19261e-27
4.72262e-09	2.88193e-08	6.61878e-24
4.22654e-09	3.13616e-08	6.51425e-24
1.81888e-09	1.58541e-08	7.81683e-25
4.1791e-09	3.02981e-08	7.29944e-24
2.4685e-09	1.78023e-08	7.11309e-25
3.18748e-09	2.06447e-08	2.26536e-24
2.80701e-09	1.6529e-08	1.26744e-24
3.53311e-09	2.76583e-08	4.76424e-24
2.51783e-09	1.84059e-08	1.41213e-24
2.8912e-09	2.80506e-08	3.49474e-24
4.5287e-09	1.9276e-08	1.33895e-24
5.18482e-09	3.11868e-08	6.78361e-24
2.93972e-09	1.95574e-08	2.20702e-24
2.49651e-09	1.71774e-08	1.41275e-24
4.02775e-09	2.47383e-08	4.73887e-24
2.63267e-09	1.78023e-08	1.26565e-24
3.73399e-09	2.64464e-08	3.21037e-24
4.24083e-09	2.82448e-08	6.25348e-24
4.66418e-09	1.9276e-08	1.18789e-24
4.32887e-09	2.746e-08	5.36705e-24
2.60339e-09	2.11674e-08	8.92253e-25
3.64305e-09	2.51762e-08	3.13812e-24
4.92408e-09	3.08344e-08	7.25705e-24
3.09359e-09	2.31406e-08	2.64416e-24
3.75146e-09	2.88193e-08	5.53885e-24
3.57235e-09	2.47383e-08	4.2839e-24
3.03015e-09	2.06447e-08	2.60749e-24
2.83384e-09	2.47383e-08	3.34655e-24
4.09712e-09	2.97522e-08	5.25034e-24
3.21445e-09	2.33755e-08	3.61111e-24
3.39548e-09	2.68564e-08	4.77981e-24
4.00478e-09	3.81243e-08	9.04461e-24
3.65974e-09	1.84059e-08	1.86927e-24
3.83858e-09	2.82448e-08	5.05726e-24
2.98972e-09	1.55056e-08	6.85352e-25
2.70932e-09	1.89904e-08	1.55222e-24
2.49696e-09	1.89904e-08	1.82796e-24
3.39202e-09	2.80506e-08	4.45627e-24
3.59999e-09	2.38385e-08	3.13971e-24
4.0492e-09	2.58191e-08	4.71185e-24
3.60781e-09	2.58191e-08	4.93274e-24
2.68403e-09	2.33755e-08	3.61627e-24
2.54291e-09	1.78023e-08	1.11776e-24
4.25708e-09	3.08344e-08	4.49861e-24
4.3755e-09	2.746e-08	6.1225e-24
2.62754e-09	1.81066e-08	1.62973e-24
3.35378e-09	2.60299e-08	4.62721e-24
3.20377e-09	2.09077e-08	2.28238e-24
4.00373e-09	2.99353e-08	7.12544e-24
3.3033e-09	2.19282e-08	2.96071e-24
3.8543e-09	2.70591e-08	4.72418e-24
1.84217e-09	1.19192e-08	3.75868e-25
3.31836e-09	2.16776e-08	2.84645e-24
1.57657e-09	3.3058e-09	8.14398e-27
4.35851e-09	3.48287e-08	7.21627e-24
2.5494e-09	1.89904e-08	8.39231e-25
2.25389e-09	3.3058e-09	1.01011e-26
3.73603e-09	2.26634e-08	2.78473e-24
3.02934e-09	2.47383e-08	2.98697e-24
3.60795e-09	2.86291e-08	4.99102e-24
1.17901e-09	3.3058e-09	-5.30858e-27
1.3158e-09	3.3058e-09	5.55433e-27
4.1741e-09	3.02981e-08	5.30311e-24
3.36076e-09	2.47383e-08	3.5693e-24
3.02343e-09	2.11674e-08	2.84838e-24
3.66284e-09	2.72603e-08	3.01198e-24
2.70029e-09	1.74926e-08	1.62243e-24
4.23278e-09	2.82448e-08	5.92207e-24
1.93433e-09	3.3058e-09	7.05603e-27
2.30241e-09	1.95574e-08	1.66991e-24
4.458e-09	2.49582e-08	3.75306e-24
4.17882e-09	2.42926e-08	4.50906e-24
2.69224e-09	2.03783e-08	2.21917e-24
2.12136e-09	1.28033e-08	4.4599e-25
3.95453e-09	2.49582e-08	4.81805e-24
4.58494e-09	2.72603e-08	5.76209e-24
3.96827e-09	2.51762e-08	3.35152e-24
1.16915e-09	3.3058e-09	8.24448e-27
3.52243e-09	2.56066e-08	3.77121e-24
3.90056e-09	2.746e-08	4.96016e-24
2.90382e-09	2.03783e-08	2.45343e-24
3.57522e-09	2.29032e-08	2.85083e-24
3.34399e-09	2.26634e-08	2.61085e-24
3.78394e-09	2.42926e-08	4.22424e-24
1.65813e-09	1.74926e-08	6.94193e-25
3.42894e-09	2.88193e-08	5.0366e-24
3.35914e-09	2.11674e-08	3.18955e-24
4.09511e-09	2.70591e-08	4.45399e-24
2.75932e-09	1.74926e-08	1.13386e-24
4.04164e-09	2.38385e-08	2.77217e-24
4.10675e-09	3.02981e-08	7.18458e-24
2.15853e-09	1.51491e-08	6.81993e-25
2.95243e-09	2.16776e-08	2.68758e-24
2.89837e-09	1.40253e-08	2.02722e-25
3.79633e-09	2.51762e-08	2.99111e-24
3.94892e-09	2.31406e-08	4.29769e-24
4.72125e-09	2.9568e-08	7.60256e-24
3.77977e-09	2.58191e-08	3.15477e-24
3.84779e-09	2.60299e-08	2.72302e-24
2.9658e-09	1.9276e-08	1.76783e-24
2.38871e-09	1.81066e-08	1.69235e-24
3.92367e-09	3.13616e-08	6.77971e-24
3.93229e-09	2.66522e-08	5.19764e-24
2.19845e-09	3.3058e-09	-3.95102e-27
4.50215e-09	3.06567e-08	6.96556e-24
2.60557e-09	1.84059e-08	1.11194e-24
2.90571e-09	2.76583e-08	3.29908e-24
3.50856e-09	1.95574e-08	1.28509e-24
2.73848e-09	3.3058e-09	-6.84584e-27
4.24503e-09	3.10111e-08	7.32554e-24
3.36322e-09	2.31406e-08	3.32121e-24
3.58375e-09	2.60299e-08	3.39536e-24
3.14974e-09	2.49582e-08	3.55038e-24
3.47502e-09	2.16776e-08	2.32711e-24
2.74648e-09	2.29032e-08	3.02257e-24
3.84427e-09	2.36081e-08	2.78942e-24
1.74361e-09	3.3058e-09	-6.97331e-27
3.0093e-09	2.29032e-08	2.4853e-24
4.24003e-09	2.90083e-08	4.96224e-24
3.22555e-09	2.31406e-08	2.77925e-24
3.28311e-09	1.58541e-08	6.94059e-25
4.62016e-09	2.72603e-08	5.04456e-24
3.42209e-09	2.56066e-08	3.14561e-24
4.18037e-09	2.84376e-08	5.79238e-24
3.69851e-09	1.98348e-08	2.42624e-24
3.35766e-09	1.55056e-08	7.6869e-25
3.58352e-09	1.58541e-08	7.07482e-25
2.55963e-09	3.3058e-09	5.99258e-27
4.17219e-09	2.36081e-08	3.29421e-24
3.84103e-09	2.9196e-08	6.02552e-24
4.0004e-09	3.82674e-08	9.86522e-24
3.94317e-09	2.70591e-08	4.60465e-24
3.15732e-09	3.3058e-09	2.20663e-27
2.98816e-09	1.89904e-08	1.94563e-24
4.12102e-09	2.88193e-08	6.20746e-24
3.6183e-09	3.11868e-08	7.94748e-24
3.15448e-09	3.3058e-09	4.00661e-27
1.95843e-09	1.23692e-08	4.35415e-25
3.49314e-09	2.45165e-08	2.69013e-24
4.00961e-09	2.99353e-08	7.33071e-24
4.38772e-09	2.86291e-08	6.5796e-24
3.02079e-09	1.9276e-08	2.03772e-24
1.77052e-09	3.3058e-09	1.11942e-26
3.27869e-09	1.78023e-08	1.10084e-24
3.24664e-09	9.9174e-09	5.64433e-26
3.6677e-09	3.11868e-08	6.5904e-24
3.48954e-09	2.2176e-08	3.73546e-24
3.32909e-09	2.31406e-08	3.27302e-24
2.50248e-09	1.36302e-08	6.48533e-25
2.90017e-09	2.33755e-08	2.94434e-24
3.98761e-09	2.746e-08	4.39869e-24
3.37321e-09	1.98348e-08	1.84737e-24
2.91677e-09	1.04539e-08	-4.04914e-26
4.35468e-09	3.20509e-08	7.83773e-24
4.8227e-09	3.49853e-08	1.07423e-23
3.45555e-09	2.38385e-08	3.7351e-24
3.50156e-09	2.1424e-08	2.94947e-24
3.50452e-09	2.45165e-08	4.17036e-24
2.31025e-09	1.40253e-08	4.54815e-25
2.45674e-09	9.9174e-09	1.69881e-25
2.53397e-09	1.04539e-08	2.04994e-26
4.25866e-09	2.9196e-08	6.23977e-24
4.728e-09	3.06567e-08	7.62373e-24
4.48251e-09	2.80506e-08	6.03885e-24
4.22084e-09	2.93826e-08	6.48188e-24
2.64681e-09	1.58541e-08	6.91383e-25
2.94003e-09	2.6239e-08	3.24188e-24
3.78279e-09	3.56045e-08	7.09514e-24
3.41758e-09	2.19282e-08	2.71054e-24
2.47952e-09	2.01084e-08	1.77996e-24
3.51068e-09	2.2176e-08	3.38749e-24
3.69262e-09	2.64464e-08	4.45156e-24
4.55763e-09	2.88193e-08	5.94722e-24
3.64337e-09	2.29032e-08	3.41615e-24
2.28525e-09	1.36302e-08	6.71869e-25
4.65683e-09	2.64464e-08	5.83554e-24
3.03588e-09	2.6239e-08	3.70543e-24
3.41675e-09	2.56066e-08	3.71187e-24
3.14793e-09	1.6195e-08	8.48386e-25
3.37217e-09	2.56066e-08	3.59217e-24
4.58143e-09	2.78552e-08	6.34052e-24
3.06745e-09	1.95574e-08	2.34539e-24
3.48502e-09	3.37127e-08	8.44927e-24
2.23719e-09	1.09641e-08	1.74725e-25
3.68381e-09	3.17081e-08	6.41627e-24
3.04622e-09	2.06447e-08	2.54651e-24
3.58739e-09	1.98348e-08	1.92201e-24
3.02081e-09	2.38385e-08	2.8357e-24
3.39376e-09	1.55056e-08	7.64833e-25
3.77161e-09	2.97522e-08	6.87763e-24
3.76191e-09	2.746e-08	5.02703e-24
3.21233e-09	2.33755e-08	3.43969e-24
2.84952e-09	1.95574e-08	2.02003e-24
3.37138e-09	2.1424e-08	2.47002e-24
3.35084e-09	1.9276e-08	1.69963e-24
4.67956e-09	2.746e-08	5.62001e-24
3.13918e-09	2.2421e-08	2.53086e-24
2.61765e-09	2.01084e-08	2.31281e-24
3.47933e-09	2.53923e-08	3.26888e-24
3.14671e-09	2.40666e-08	3.13572e-24
4.28505e-09	3.28923e-08	8.11395e-24
3.40944e-09	2.29032e-08	4.01919e-24
3.2002e-09	1.6529e-08	5.09956e-25
2.61169e-09	2.09077e-08	2.33672e-24
2.12797e-09	2.47383e-08	2.50221e-24
4.24024e-09	2.80506e-08	5.83572e-24
2.26379e-09	1.28033e-08	3.66334e-25
3.72473e-09	2.56066e-08	4.8514e-24
4.2342e-09	3.49853e-08	7.31545e-24
3.26646e-09	2.45165e-08	3.64793e-24
3.46511e-09	1.58541e-08	8.40895e-25
2.40281e-09	1.28033e-08	5.23106e-25
3.73264e-09	2.76583e-08	4.5021e-24
4.01859e-09	3.15353e-08	5.56313e-24
1.64176e-09	3.3058e-09	-1.30011e-26
3.32492e-09	1.81066e-08	1.23121e-24
2.8771e-09	1.89904e-08	1.97518e-24
3.93563e-09	2.64464e-08	5.52495e-24
3.97155e-09	3.08344e-08	5.79554e-24
3.86272e-09	2.82448e-08	5.07691e-24
2.09644e-09	1.6529e-08	1.06241e-24
3.4152e-09	2.40666e-08	3.30093e-24
3.57762e-09	2.29032e-08	2.71579e-24
1.92808e-09	3.3058e-09	-1.06846e-26
3.55171e-09	2.2176e-08	3.49752e-24
2.94112e-09	2.01084e-08	1.49564e-24
1.92906e-09	3.3058e-09	-2.01733e-27
3.83037e-09	1.68563e-08	3.97631e-25
2.50601e-09	1.6195e-08	1.12995e-24
4.57502e-09	2.97522e-08	7.29233e-24
1.24398e-09	3.3058e-09	1.36905e-27
2.91339e-09	1.89904e-08	1.28407e-24
3.30034e-09	2.03783e-08	2.27141e-24
2.48987e-09	1.9276e-08	1.71081e-24
2.60363e-09	2.06447e-08	2.2556e-24
3.61153e-09	2.26634e-08	1.5765e-24
3.80752e-09	2.49582e-08	4.22567e-24
5.22124e-09	3.10111e-08	8.77546e-24
2.87394e-09	1.78023e-08	1.00052e-24
3.47844e-09	2.06447e-08	1.98976e-24
4.50426e-09	3.38744e-08	6.8735e-24
4.26331e-09	2.9196e-08	6.26512e-24
3.94757e-09	2.58191e-08	5.34565e-24
3.1609e-09	1.04539e-08	1.27189e-25
2.11439e-09	1.14516e-08	3.07798e-25
3.32954e-09	2.26634e-08	3.62426e-24
4.04204e-09	2.56066e-08	5.41265e-24
1.30305e-09	3.3058e-09	9.77954e-27
4.32177e-09	2.746e-08	5.07552e-24
2.40285e-09	1.32232e-08	4.94213e-25
1.81733e-09	3.3058e-09	7.44002e-27
3.26313e-09	1.98348e-08	1.33081e-24
3.33233e-09	1.14516e-08	6.00413e-25
2.69706e-09	3.3058e-09	8.03388e-27
3.2957e-09	2.2176e-08	2.7904e-24
2.26899e-09	3.3058e-09	5.60635e-27
2.67912e-09	1.95574e-08	1.79156e-24
3.03069e-09	2.06447e-08	2.77689e-24
2.83655e-09	3.3058e-09	6.18083e-27
4.15378e-09	2.64464e-08	5.12505e-24
3.24349e-09	2.09077e-08	2.31583e-24
3.5141e-09	2.2176e-08	3.50285e-24
2.56019e-09	1.36302e-08	3.01467e-25
2.86545e-09	1.78023e-08	1.5107e-24
3.78733e-09	2.60299e-08	5.09625e-24
1.3134e-09	1.87004e-08	6.59861e-25
2.29262e-09	3.3058e-09	7.837e-27
2.77276e-09	2.19282e-08	2.21708e-24
3.79206e-09	3.15353e-08	6.60501e-24
2.26808e-09	2.1424e-08	1.1795e-24
2.85232e-09	1.78023e-08	1.63218e-24
4.26954e-09	3.56045e-08	9.63667e-24
2.65268e-09	1.95574e-08	1.86021e-24
3.71304e-09	2.38385e-08	3.43513e-24
3.22596e-09	2.2176e-08	2.78232e-24
2.15197e-09	3.3058e-09	6.24775e-27
3.19598e-09	2.19282e-08	3.04829e-24
4.89131e-09	2.97522e-08	6.148e-24
2.70518e-09	1.74926e-08	1.39776e-24
2.27706e-09	1.74926e-08	8.24921e-25
3.84963e-09	2.40666e-08	3.90523e-24
3.47723e-09	1.04539e-08	3.05619e-26
2.87623e-09	3.3058e-09	4.28612e-27
3.13717e-09	1.58541e-08	7.6303e-25
4.75806e-09	3.40353e-08	1.02344e-23
3.24667e-09	2.31406e-08	3.65192e-24
4.17443e-09	2.70591e-08	5.22235e-24
1.83368e-09	1.09641e-08	2.80112e-25
3.82924e-09	2.64464e-08	4.692e-24
2.5871e-09	3.3058e-09	-1.72431e-27
4.29969e-09	3.10111e-08	6.57435e-24
4.6716e-09	2.66522e-08	6.13006e-24
4.10897e-09	2.64464e-08	4.67211e-24
3.63774e-09	2.11674e-08	9.82443e-25
1.7829e-09	3.3058e-09	-7.56085e-27
3.89729e-09	2.49582e-08	5.02061e-24
3.50689e-09	1.51491e-08	7.11679e-25
3.05675e-09	2.746e-08	3.89704e-24
3.98811e-09	3.10111e-08	5.59903e-24
3.13079e-09	2.16776e-08	2.93149e-24
3.42297e-09	2.58191e-08	4.18364e-24
3.1042e-09	2.19282e-08	1.28408e-24
1.68548e-09	6.6116e-09	3.85372e-26
3.05682e-09	1.81066e-08	9.31513e-25
2.8974e-09	1.4784e-08	4.80132e-25
2.5747e-09	1.98348e-08	1.81714e-24
4.54161e-09	3.02981e-08	7.01802e-24
3.12413e-09	2.70591e-08	3.38262e-24
2.72502e-09	1.71774e-08	1.19025e-24
4.23589e-09	2.56066e-08	4.58357e-24
2.85227e-09	1.71774e-08	1.13067e-24
2.9609e-09	1.51491e-08	5.33525e-25
2.66913e-09	1.81066e-08	1.65868e-24
3.27891e-09	2.47383e-08	3.15034e-24
3.22975e-09	2.03783e-08	2.65949e-24
3.98814e-09	2.58191e-08	4.61299e-24
5.00175e-09	2.9196e-08	6.2639e-24
2.8073e-09	1.04539e-08	9.91691e-26
4.33057e-09	2.84376e-08	6.85344e-24
4.56461e-09	2.99353e-08	5.76149e-24
3.11021e-09	1.32232e-08	1.74867e-25
1.84164e-09	1.44096e-08	7.04155e-25
2.72002e-09	1.6529e-08	8.03563e-25
2.94956e-09	1.40253e-08	2.21529e-25
3.19141e-09	2.2421e-08	2.96334e-24
2.50512e-09	1.81066e-08	1.18133e-24
4.38815e-09	2.9568e-08	6.55894e-24
3.79564e-09	3.02981e-08	7.05581e-24
4.12075e-09	2.9196e-08	5.8316e-24
1.52354e-09	3.3058e-09	8.39649e-27
3.24116e-09	2.09077e-08	2.3496e-24
1.56032e-09	3.3058e-09	-3.94026e-29
3.05863e-09	2.26634e-08	2.61315e-24
3.028e-09	2.09077e-08	2.39463e-24
3.58582e-09	3.38744e-08	7.94551e-24
3.13378e-09	2.19282e-08	1.50071e-24
2.93368e-09	2.31406e-08	2.88963e-24
4.44859e-09	2.88193e-08	6.60791e-24
3.2432e-09	1.74926e-08	1.39804e-24
1.25104e-09	3.3058e-09	-4.07275e-27
2.16229e-09	3.3058e-09	2.09083e-27
2.08308e-09	1.14516e-08	3.70454e-25
4.08014e-09	2.78552e-08	4.92641e-24
2.57373e-09	1.98348e-08	2.21777e-24
3.30905e-09	2.68564e-08	4.78557e-24
2.47825e-09	1.6195e-08	1.09222e-24
2.55306e-09	3.3058e-09	4.86958e-27
1.89075e-09	3.3058e-09	3.4121e-27
3.32156e-09	2.51762e-08	3.96563e-24
4.23738e-09	3.06567e-08	6.28188e-24
3.95743e-09	2.64464e-08	4.96959e-24
2.48054e-09	3.3058e-09	1.14702e-26
3.88671e-09	2.45165e-08	3.36941e-24
2.64687e-09	1.40253e-08	5.3964e-25
3.51249e-09	2.40666e-08	3.89109e-24
3.76393e-09	3.25583e-08	6.57726e-24
3.55968e-09	2.64464e-08	4.45857e-24
3.44258e-09	2.31406e-08	3.71121e-24
3.57002e-09	2.51762e-08	3.86737e-24
4.5567e-09	2.99353e-08	6.07345e-24
4.00808e-09	2.72603e-08	5.0064e-24
3.23894e-09	2.56066e-08	3.59902e-24
1.82523e-09	1.23692e-08	2.69782e-25
4.25631e-09	2.9568e-08	6.63098e-24
3.29862e-09	2.38385e-08	3.46971e-24
3.74825e-09	1.04539e-08	6.33173e-27
3.20638e-09	2.26634e-08	3.3946e-24
2.20653e-09	1.32232e-08	4.66701e-25
4.87708e-09	2.86291e-08	5.85267e-24
4.67889e-09	3.08344e-08	8.54416e-24
3.66367e-09	1.74926e-08	2.08836e-24
3.49173e-09	1.58541e-08	9.16001e-25
3.97578e-09	2.64464e-08	5.29177e-24
1.96618e-09	8.74632e-09	9.57614e-26
3.44706e-09	1.68563e-08	1.14227e-24
2.72094e-09	2.06447e-08	2.4184e-24
3.79243e-09	8.74632e-09	2.11344e-25
3.94205e-09	2.80506e-08	5.28975e-24
4.48627e-09	3.01173e-08	7.94126e-24
2.2121e-09	9.35021e-09	1.94467e-25
3.51227e-09	2.29032e-08	1.90781e-24
2.44819e-09	1.81066e-08	9.16563e-25
3.28008e-09	2.49582e-08	2.7454e-24
3.66409e-09	2.60299e-08	5.01615e-24
3.27725e-09	2.53923e-08	3.955e-24
3.72026e-09	2.26634e-08	2.38591e-24
3.50268e-09	1.32232e-08	2.51338e-25
2.667e-09	2.03783e-08	1.68218e-24
4.31903e-09	2.84376e-08	5.79659e-24
3.51113e-09	2.60299e-08	5.09037e-24
3.99239e-09	2.66522e-08	5.11929e-24
3.79316e-09	2.53923e-08	4.02432e-24
1.79132e-09	1.36302e-08	4.11257e-25
3.71954e-09	2.42926e-08	3.58572e-24
2.41934e-09	1.78023e-08	1.31027e-24
3.59702e-09	3.45135e-08	7.67146e-24
4.52705e-09	2.9568e-08	6.62763e-24
2.68232e-09	2.06447e-08	1.69309e-24
3.39237e-09	2.99353e-08	4.33379e-24
3.28523e-09	2.33755e-08	3.04754e-24
3.36811e-09	2.01084e-08	1.69067e-24
3.54495e-09	2.31406e-08	3.0063e-24
3.55195e-09	1.74926e-08	7.87114e-25
1.16981e-09	3.3058e-09	-5.06641e-27
3.05128e-09	2.06447e-08	2.51023e-24
2.86667e-09	1.84059e-08	1.79638e-24
2.43502e-09	1.6195e-08	1.25029e-24
4.52092e-09	2.90083e-08	5.90151e-24
3.24562e-09	2.09077e-08	2.88143e-24
3.8475e-09	2.16776e-08	2.69642e-24
2.94606e-09	2.84376e-08	5.05725e-24
3.8392e-09	1.74926e-08	1.03119e-24
3.49717e-09	2.03783e-08	2.03606e-24
3.80203e-09	2.49582e-08	4.26333e-24
3.99306e-09	3.15353e-08	6.47853e-24
3.47533e-09	2.6239e-08	2.68959e-24
3.39109e-09	2.2176e-08	2.56399e-24
3.09256e-09	1.04539e-08	-3.6521e-26
2.82511e-09	2.45165e-08	2.23976e-24
1.29847e-09	3.3058e-09	-5.16865e-27
3.63562e-09	2.80506e-08	4.59585e-24
2.05919e-09	1.19192e-08	4.37481e-25
2.17529e-09	1.71774e-08	1.18958e-24
2.13584e-09	1.40253e-08	3.47453e-25
3.09018e-09	1.81066e-08	8.61107e-25
3.9685e-09	2.60299e-08	5.28825e-24
2.47455e-09	3.3058e-09	4.98428e-27
3.45245e-09	2.29032e-08	3.59256e-24
4.25314e-09	2.93826e-08	6.32731e-24
2.8677e-09	1.6529e-08	1.83788e-24
2.45782e-09	3.3058e-09	6.21541e-27
3.05527e-09	2.29032e-08	2.92099e-24
3.65421e-09	2.56066e-08	4.85101e-24
3.51428e-09	2.53923e-08	4.13461e-24
3.90186e-09	2.2421e-08	2.13406e-24
2.95836e-09	2.06447e-08	1.86516e-24
4.2792e-09	2.84376e-08	7.21533e-24
4.69321e-09	3.11868e-08	8.56229e-24
1.68111e-09	3.3058e-09	6.75875e-27
2.69944e-09	2.06447e-08	2.35143e-24
2.95043e-09	2.42926e-08	3.90598e-24
2.31766e-09	1.95574e-08	2.10968e-24
4.70779e-09	3.20509e-08	9.36187e-24
4.35601e-09	2.68564e-08	4.72315e-24
2.84555e-09	1.84059e-08	1.71341e-24
3.90369e-09	3.52963e-08	8.24154e-24
1.62332e-09	3.3058e-09	3.32716e-27
1.6401e-09	9.35021e-09	6.93712e-26
2.25561e-09	1.78023e-08	7.4528e-25
2.90176e-09	2.84376e-08	4.39973e-24
4.49408e-09	2.90083e-08	5.35426e-24
3.9858e-09	2.86291e-08	4.36905e-24
1.94008e-09	1.6195e-08	5.98323e-25
4.20319e-09	2.70591e-08	5.34626e-24
4.32172e-09	2.93826e-08	5.94588e-24
1.84973e-09	6.6116e-09	3.94289e-26
3.01734e-09	1.6195e-08	9.49316e-25
2.54751e-09	2.53923e-08	2.81018e-24
3.84863e-09	3.15353e-08	6.94709e-24
3.44998e-09	2.51762e-08	3.66232e-24
2.43758e-09	8.09752e-09	9.16766e-26
3.82967e-09	2.86291e-08	6.00298e-24
3.17214e-09	2.33755e-08	3.78843e-24
3.32262e-09	1.78023e-08	1.26772e-24
2.56493e-09	1.28033e-08	4.20404e-25
3.80587e-09	3.25583e-08	8.32493e-24
3.11101e-09	1.74926e-08	1.49829e-24
4.18271e-09	2.76583e-08	5.63848e-24
1.08435e-09	3.3058e-09	4.44991e-27
4.35972e-09	2.33755e-08	3.6347e-24
4.07366e-09	3.23901e-08	8.14333e-24
2.76637e-09	3.3058e-09	7.07905e-27
3.54246e-09	2.11674e-08	1.74011e-24
4.0537e-09	2.72603e-08	5.43941e-24
3.82403e-09	2.56066e-08	4.16596e-24
2.38074e-09	1.81066e-08	1.17243e-24
3.61796e-09	3.20509e-08	6.47652e-24
2.33116e-09	1.68563e-08	8.6108e-25
3.82495e-09	2.36081e-08	3.78814e-24
1.83936e-09	3.3058e-09	2.45195e-27
2.95024e-09	3.3058e-09	6.07493e-27
3.73152e-09	2.99353e-08	6.56322e-24
3.77582e-09	2.49582e-08	4.85577e-24
1.73623e-09	3.3058e-09	-6.78985e-27
2.18933e-09	3.3058e-09	7.3583e-27
3.51136e-09	2.11674e-08	3.07455e-24
4.86063e-09	3.11868e-08	7.9454e-24
3.09647e-09	2.06447e-08	2.18219e-24
4.00756e-09	2.88193e-08	6.58614e-24
3.90493e-09	3.38744e-08	9.19384e-24
3.84976e-09	2.88193e-08	5.50303e-24
3.64086e-09	2.9568e-08	5.86337e-24
3.81674e-09	1.6195e-08	8.72829e-25
3.09993e-09	2.11674e-08	2.81828e-24
3.13491e-09	1.6529e-08	9.32139e-25
3.10781e-09	2.64464e-08	3.72458e-24
4.32934e-09	3.28923e-08	8.71409e-24
2.80284e-09	1.23692e-08	3.82009e-25
3.33943e-09	2.03783e-08	2.5479e-24
2.95449e-09	2.03783e-08	1.75561e-24
3.53156e-09	2.1424e-08	2.46048e-24
3.58676e-09	2.84376e-08	4.76874e-24
4.511e-09	3.13616e-08	7.44784e-24
4.08107e-09	2.60299e-08	4.06212e-24
3.31013e-09	1.89904e-08	1.65368e-24
2.39634e-09	1.14516e-08	1.2708e-25
3.17164e-09	2.49582e-08	2.93648e-24
2.18752e-09	1.55056e-08	1.02571e-24
2.75339e-09	1.36302e-08	5.34435e-25
3.5807e-09	2.9568e-08	5.27085e-24
3.89291e-09	2.58191e-08	4.4489e-24
2.60328e-09	1.81066e-08	1.20511e-24
3.13936e-09	1.98348e-08	1.91149e-24
3.69076e-09	2.42926e-08	3.96247e-24
3.42781e-09	1.95574e-08	1.98496e-24
3.68282e-09	2.31406e-08	3.88435e-24
3.90572e-09	1.9276e-08	1.17368e-25
1.96218e-09	3.3058e-09	5.90902e-27
3.78163e-09	2.78552e-08	3.95889e-24
1.84759e-09	3.3058e-09	1.07771e-26
3.38443e-09	2.33755e-08	3.4246e-24
3.61497e-09	2.51762e-08	3.31163e-24
1.676e-09	3.3058e-09	3.87616e-27
2.88377e-09	1.89904e-08	9.2704e-25
3.86703e-09	2.45165e-08	3.88655e-24
2.58246e-09	1.98348e-08	1.98437e-24
2.68673e-09	1.95574e-08	2.0253e-24
2.54209e-09	1.74926e-08	1.4829e-24
2.47656e-09	3.3058e-09	5.79423e-27
2.08032e-09	1.4784e-08	6.56925e-25
3.31337e-09	2.60299e-08	4.12862e-24
3.65257e-09	3.32229e-08	6.27125e-24
4.07492e-09	2.38385e-08	3.59026e-24
3.29047e-09	2.66522e-08	4.31618e-24
4.31681e-09	3.0478e-08	7.42772e-24
2.23832e-09	3.3058e-09	9.04053e-27
3.60031e-09	1.89904e-08	1.21185e-24
4.05642e-09	2.66522e-08	3.7182e-24
3.34963e-09	2.19282e-08	3.02274e-24
2.91677e-09	1.89904e-08	1.98385e-24
3.43953e-09	2.2421e-08	2.86546e-24
3.19677e-09	2.33755e-08	3.10443e-24
3.55556e-09	3.41954e-08	6.37608e-24
3.64525e-09	2.47383e-08	2.94728e-24
2.78275e-09	1.58541e-08	1.21339e-24
4.44903e-09	2.64464e-08	5.28919e-24
2.78951e-09	2.09077e-08	2.03452e-24
3.5172e-09	1.68563e-08	5.45967e-25
3.76942e-09	2.90083e-08	6.36537e-24
3.60825e-09	2.45165e-08	3.81218e-24
3.7771e-09	2.42926e-08	4.49275e-24
2.42005e-09	1.6195e-08	9.51243e-25
3.40762e-09	2.29032e-08	3.17814e-24
3.33251e-09	1.89904e-08	2.15723e-24
2.56911e-09	1.6195e-08	1.08435e-24
4.50702e-09	2.6239e-08	5.15312e-24
3.01045e-09	2.01084e-08	1.6812e-24
3.18563e-09	2.2421e-08	2.38272e-24
4.20348e-09	3.41954e-08	9.42716e-24
3.54112e-09	1.98348e-08	2.40171e-24
2.97085e-09	2.38385e-08	2.42761e-24
1.93376e-09	1.28033e-08	4.526e-25
1.93949e-09	8.09752e-09	7.48165e-26
3.1523e-09	1.68563e-08	5.4845e-25
2.82338e-09	2.60299e-08	2.8532e-24
2.16506e-09	3.3058e-09	6.99876e-27
3.25062e-09	2.01084e-08	2.14115e-24
4.48159e-09	2.88193e-08	5.48355e-24
4.33444e-09	3.10111e-08	7.27498e-24
3.4312e-09	2.90083e-08	5.85232e-24
3.14798e-09	2.33755e-08	3.29322e-24
2.86234e-09	3.15353e-08	4.14407e-24
3.74754e-09	2.33755e-08	3.84933e-24
4.10677e-09	2.49582e-08	3.56391e-24
3.14313e-09	3.3058e-09	5.08657e-27
3.99826e-09	2.72603e-08	4.96648e-24
3.57214e-09	3.20509e-08	6.17801e-24
3.68553e-09	2.68564e-08	3.90096e-24
3.20524e-09	3.3058e-09	3.54213e-27
3.76107e-09	2.78552e-08	5.89038e-24
4.87056e-09	3.10111e-08	7.70992e-24
2.10411e-09	8.09752e-09	4.88763e-26
2.4337e-09	1.98348e-08	1.28716e-24
2.2664e-09	1.32232e-08	4.6223e-25
1.92394e-09	3.3058e-09	4.51378e-27
2.44551e-09	3.3058e-09	-1.34924e-27
3.12153e-09	2.45165e-08	3.45396e-24
2.91368e-09	2.2176e-08	1.87668e-24
3.44514e-09	2.33755e-08	3.51526e-24
3.94177e-09	2.66522e-08	4.37456e-24
2.92381e-09	3.3058e-09	3.52399e-27
3.33953e-09	2.26634e-08	2.31517e-24
1.62004e-09	3.3058e-09	-2.17567e-27
3.52002e-09	2.49582e-08	3.37932e-24
3.23049e-09	2.09077e-08	2.75824e-24
3.77369e-09	2.51762e-08	3.90042e-24
2.04696e-09	1.14516e-08	2.66961e-25
3.19446e-09	3.3058e-09	3.81609e-27
2.13984e-09	3.3058e-09	-2.017e-27
4.83408e-09	2.97522e-08	7.16759e-24
5.95882e-09	3.3058e-08	1.05184e-23
3.4173e-09	2.51762e-08	3.20392e-24
2.98146e-09	3.3058e-09	4.88599e-27
2.06339e-09	3.3058e-09	6.75509e-27
2.91033e-09	1.36302e-08	4.17003e-25
1.9326e-09	3.3058e-09	1.1962e-26
2.79856e-09	1.6195e-08	1.04417e-24
3.00085e-09	2.06447e-08	1.61401e-24
3.9407e-09	2.51762e-08	3.85538e-24
2.72356e-09	2.03783e-08	2.08295e-24
3.71499e-09	2.49582e-08	4.6006e-24
3.96473e-09	2.82448e-08	4.92945e-24
3.15953e-09	2.09077e-08	2.31378e-24
3.51629e-09	2.64464e-08	4.82408e-24
3.69174e-09	2.38385e-08	3.72647e-24
4.20405e-09	2.6239e-08	5.65033e-24
4.21228e-09	2.53923e-08	4.64453e-24
3.66549e-09	2.9568e-08	6.3807e-24
3.82137e-09	2.78552e-08	4.69154e-24
3.07668e-09	2.40666e-08	3.5709e-24
2.9404e-09	1.44096e-08	3.79727e-25
1.66795e-09	3.3058e-09	1.19677e-27
2.40897e-09	1.58541e-08	8.4186e-25
3.68133e-09	2.78552e-08	4.72275e-24
3.35434e-09	1.81066e-08	1.2677e-24
3.15169e-09	2.26634e-08	2.77836e-24
3.47889e-09	2.90083e-08	5.67983e-24
4.50381e-09	2.84376e-08	6.06917e-24
4.05099e-09	2.76583e-08	4.7792e-24
2.85468e-09	3.3058e-09	3.82204e-27
2.54203e-09	1.84059e-08	1.48819e-24
4.81329e-09	3.51411e-08	1.02413e-23
4.48898e-09	3.65137e-08	9.01773e-24
4.13583e-09	2.38385e-08	3.93327e-24
2.796e-09	3.3058e-09	3.34482e-27
4.19783e-09	2.53923e-08	4.46277e-24
3.65797e-09	2.42926e-08	2.67292e-24
2.64845e-09	1.87004e-08	1.739e-24
4.34513e-09	2.86291e-08	6.29775e-24
4.05725e-09	2.90083e-08	6.2051e-24
3.01197e-09	2.58191e-08	4.71796e-24
3.74736e-09	2.56066e-08	3.70029e-24
3.5302e-09	2.9196e-08	5.65731e-24
1.61054e-09	3.3058e-09	9.51422e-27
3.78069e-09	2.53923e-08	4.63659e-24
3.32471e-09	2.76583e-08	4.64079e-24
2.47032e-09	1.84059e-08	1.51342e-24
4.25162e-09	3.28923e-08	8.36956e-24
3.79751e-09	2.53923e-08	3.89993e-24
4.22773e-09	3.17081e-08	7.30754e-24
3.90368e-09	3.02981e-08	5.47168e-24
4.67135e-09	2.9568e-08	7.27717e-24
3.92573e-09	2.9196e-08	4.4944e-24
4.23561e-09	2.64464e-08	4.98442e-24
4.14854e-09	3.188e-08	7.41554e-24
5.08958e-09	3.6062e-08	1.06088e-23
3.35105e-09	1.81066e-08	1.37362e-24
2.81634e-09	2.36081e-08	2.37237e-24
3.62124e-09	2.88193e-08	5.13379e-24
2.82955e-09	1.9276e-08	1.5572e-24
3.47155e-09	3.20509e-08	6.87887e-24
3.21886e-09	1.98348e-08	2.43419e-24
3.08063e-09	1.44096e-08	8.91323e-25
3.77927e-09	2.93826e-08	5.07561e-24
4.05937e-09	2.45165e-08	4.54991e-24
4.27485e-09	2.86291e-08	6.14954e-24
2.45125e-09	1.6529e-08	6.68667e-25
4.67126e-09	3.01173e-08	5.07083e-24
4.27434e-09	3.10111e-08	7.36916e-24
3.23549e-09	2.03783e-08	2.43561e-24
2.13556e-09	1.40253e-08	7.11694e-25
3.18594e-09	2.47383e-08	3.42391e-24
3.05217e-09	2.09077e-08	1.95686e-24
3.83299e-09	2.60299e-08	5.32356e-24
3.61297e-09	1.51491e-08	8.64958e-25
3.19348e-09	2.1424e-08	3.08849e-24
4.05504e-09	2.58191e-08	4.86435e-24
3.2771e-09	2.53923e-08	4.19341e-24
3.2161e-09	2.6239e-08	4.28443e-24
2.60433e-09	1.98348e-08	1.50092e-24
3.38979e-09	1.95574e-08	7.89884e-25
2.38436e-09	1.19192e-08	4.18787e-25
2.39536e-09	4.6751e-09	7.36646e-26
3.4864e-09	2.33755e-08	2.83884e-24
3.72193e-09	2.2421e-08	1.32794e-24
2.70015e-09	1.9276e-08	2.33146e-24
2.9313e-09	2.19282e-08	2.06447e-24
2.62203e-09	2.11674e-08	1.67511e-24
3.1038e-09	2.1424e-08	2.82733e-24
3.51589e-09	2.36081e-08	1.47815e-24
2.87996e-09	2.03783e-08	2.4937e-24
3.29833e-09	2.33755e-08	4.06208e-24
2.2347e-09	1.6529e-08	1.005e-24
2.39481e-09	1.98348e-08	1.97853e-24
2.09013e-09	1.32232e-08	4.9749e-25
2.42957e-09	1.51491e-08	7.01359e-25
2.18422e-09	1.40253e-08	6.24103e-25
2.78757e-09	1.68563e-08	1.25257e-24
3.22492e-09	2.1424e-08	2.68744e-24
3.32956e-09	2.03783e-08	2.23636e-24
2.43262e-09	1.55056e-08	8.90595e-25
3.30131e-09	1.04539e-08	1.62555e-25
2.59396e-09	1.4784e-08	1.22861e-24
2.72034e-09	1.55056e-08	1.33141e-24
2.86662e-09	1.81066e-08	2.11375e-24
1.98679e-09	1.40253e-08	6.21245e-25
1.98302e-09	9.9174e-09	2.43515e-25
2.6582e-09	1.28033e-08	8.17262e-25
2.03581e-09	9.9174e-09	1.4164e-25
1.63252e-09	8.74632e-09	1.54125e-25
1.74474e-09	8.09752e-09	1.14692e-25
2.93457e-09	1.09641e-08	6.39848e-25
2.16623e-09	4.6751e-09	4.03582e-26
