#	z_max	r_eq	V_L
4.39561e-09	4.0111e-08	1.00741e-23
9.56449e-09	4.64253e-08	2.64634e-23
5.97982e-09	3.93469e-08	1.60728e-23
1.03069e-08	6.4958e-08	5.98774e-23
6.34836e-09	5.95961e-08	4.07927e-23
1.12961e-08	6.4489e-08	6.35747e-23
9.08708e-09	6.01033e-08	4.99246e-23
5.95979e-09	5.77858e-08	4.91234e-23
1.23736e-08	7.92703e-08	1.19005e-22
3.878e-09	1.45772e-08	9.2976e-25
8.99847e-09	7.09871e-08	8.07736e-23
9.74044e-09	6.5886e-08	6.76099e-23
1.86152e-08	1.00391e-07	3.0252e-22
1.46424e-08	4.64253e-08	4.28842e-23
7.46142e-09	6.06063e-08	3.92179e-23
7.82155e-09	6.7254e-08	5.98043e-23
1.55058e-08	8.5533e-08	1.49463e-22
2.92236e-09	2.40161e-08	2.92534e-24
1.08002e-08	8.30115e-08	1.2386e-22
3.03973e-09	1.74231e-08	1.04778e-24
1.02367e-08	6.3779e-08	5.39359e-23
1.34942e-08	8.05994e-08	1.11919e-22
4.73885e-09	4.83471e-08	2.12694e-23
8.99647e-09	6.25778e-08	5.97528e-23
7.3717e-09	4.80321e-08	2.54004e-23
1.89704e-08	9.2523e-08	2.25159e-22
1.14597e-08	6.7028e-08	7.21889e-23
1.03402e-08	6.47239e-08	6.57855e-23
4.25755e-09	3.11674e-08	5.16022e-24
5.15717e-09	5.45429e-08	2.78724e-23
9.67448e-09	6.92554e-08	7.08405e-23
5.78326e-09	6.33012e-08	4.88011e-23
4.08135e-09	4.98921e-08	2.35753e-23
4.80861e-09	4.54339e-08	1.8824e-23
7.09111e-09	6.3779e-08	4.90158e-23
1.38076e-08	4.54339e-08	3.24825e-23
1.2747e-08	7.01266e-08	8.55302e-23
3.08936e-09	2.96704e-08	4.94787e-24
6.83714e-09	5.13907e-08	3.0152e-23
6.11875e-09	5.77858e-08	4.20912e-23
5.49042e-09	5.45429e-08	2.44389e-23
8.74959e-09	6.3779e-08	5.15372e-23
5.01883e-09	2.80939e-08	5.56466e-24
8.56339e-09	8.11624e-08	1.11111e-22
4.62455e-09	4.15971e-08	1.20739e-23
1.19362e-08	8.96908e-08	1.38354e-22
5.6851e-09	5.19781e-08	2.78757e-23
4.82424e-09	4.73959e-08	2.10154e-23
1.35494e-08	8.51773e-08	1.34054e-22
6.53735e-09	5.37016e-08	2.97278e-23
1.09904e-08	6.68011e-08	6.68201e-23
4.50679e-09	4.0111e-08	1.35818e-23
4.08528e-09	3.97308e-08	1.20081e-23
1.13801e-08	8.48202e-08	1.25214e-22
4.59349e-09	3.89592e-08	9.8335e-24
4.90582e-09	4.44203e-08	1.59701e-23
7.87926e-09	6.4958e-08	5.40112e-23
4.08055e-09	4.04876e-08	1.00629e-23
1.44224e-08	8.44615e-08	1.31576e-22
8.42217e-09	7.47367e-08	9.46925e-23
3.92995e-09	2.64234e-08	3.53944e-24
1.16347e-08	6.88157e-08	7.40135e-23
9.55525e-09	6.88157e-08	7.43949e-23
4.19613e-09	3.81721e-08	1.05793e-23
8.44819e-09	5.98503e-08	4.42259e-23
4.55129e-09	5.56449e-08	2.48405e-23
1.39285e-08	9.44711e-08	1.69782e-22
6.92773e-09	5.10945e-08	3.13924e-23
5.06355e-09	6.28198e-08	4.43911e-23
6.58901e-09	5.90846e-08	4.32471e-23
3.93318e-09	3.16506e-08	5.49117e-24
1.07998e-08	6.96923e-08	7.30179e-23
2.90558e-09	1.9086e-08	1.48535e-24
5.67001e-09	6.25778e-08	4.45568e-23
5.8767e-09	4.92799e-08	2.39356e-23
5.71897e-09	5.22693e-08	2.82576e-23
5.98504e-09	6.77039e-08	5.93486e-23
4.04188e-09	2.20387e-08	3.69001e-24
1.60273e-08	8.62399e-08	1.51993e-22
4.86472e-09	4.98921e-08	2.35828e-23
4.02463e-09	4.23205e-08	1.01549e-23
8.07471e-09	5.53714e-08	4.75105e-23
6.93606e-09	5.48205e-08	3.80748e-23
9.07026e-09	5.53714e-08	4.55488e-23
4.51594e-09	4.30319e-08	1.49733e-23
5.06155e-09	5.37016e-08	2.73154e-23
1.1222e-08	7.75278e-08	1.04447e-22
1.06517e-08	8.5533e-08	1.32547e-22
5.14958e-09	5.80479e-08	3.71518e-23
3.93873e-09	3.69599e-08	6.4127e-24
1.06738e-08	6.7028e-08	6.83476e-23
7.72688e-09	5.56449e-08	3.78375e-23
1.68748e-08	9.85599e-08	2.29477e-22
1.01958e-08	6.4958e-08	7.20716e-23
1.14373e-08	7.94615e-08	1.15363e-22
3.88731e-09	3.3514e-08	7.73774e-24
1.73334e-08	8.98599e-08	1.92907e-22
9.51033e-09	7.03427e-08	7.09579e-23
3.4001e-09	2.58426e-08	3.67413e-24
1.27267e-08	7.33013e-08	8.35794e-23
9.55187e-09	7.79184e-08	9.74843e-23
1.51594e-08	9.30138e-08	1.76254e-22
7.76531e-09	7.43294e-08	9.04228e-23
1.32737e-08	8.6941e-08	1.37164e-22
7.01674e-09	7.51418e-08	8.10446e-23
7.78619e-09	6.01033e-08	4.9898e-23
3.45413e-09	2.06153e-08	2.32806e-24
1.06678e-08	6.54236e-08	6.17933e-23
3.79898e-09	3.25956e-08	8.53852e-24
1.35444e-08	9.44711e-08	1.72508e-22
7.5653e-09	4.15971e-08	1.92744e-23
4.77487e-09	4.77151e-08	2.18626e-23
1.72153e-08	8.98599e-08	1.95711e-22
8.3255e-09	5.5917e-08	3.56008e-23
4.57603e-09	4.44203e-08	1.24055e-23
1.088e-08	6.51912e-08	6.48951e-23
1.45109e-08	8.51773e-08	1.35522e-22
9.23684e-09	6.7028e-08	6.57994e-23
4.75732e-09	3.3058e-08	9.80929e-24
2.24726e-09	1.9086e-08	6.9123e-25
6.50786e-09	5.69924e-08	3.39035e-23
9.02701e-09	5.88271e-08	4.46211e-23
3.26898e-09	1.74231e-08	1.41406e-24
1.6387e-08	8.91817e-08	1.67905e-22
9.05214e-09	6.11051e-08	6.25126e-23
1.04304e-08	6.6116e-08	5.22132e-23
1.25655e-08	7.8113e-08	1.03102e-22
3.14133e-09	2.13388e-08	2.07804e-24
1.36994e-08	8.48202e-08	1.37332e-22
7.43747e-09	6.96923e-08	7.36774e-23
9.11467e-09	5.90846e-08	5.03674e-23
1.03984e-08	7.73318e-08	1.03856e-22
4.08639e-09	3.06765e-08	4.66874e-24
9.01769e-09	7.2886e-08	9.59301e-23
1.34906e-08	6.42532e-08	6.70658e-23
3.72623e-09	2.40161e-08	3.8179e-24
8.46668e-09	5.56449e-08	4.27815e-23
6.89292e-09	5.83088e-08	3.97332e-23
7.70439e-09	5.07966e-08	3.02906e-23
3.46928e-09	2.80939e-08	4.42853e-24
1.24538e-08	8.84983e-08	1.45361e-22
9.72102e-09	6.90359e-08	6.92754e-23
4.6164e-09	4.30319e-08	1.19723e-23
1.12843e-08	6.5886e-08	6.76043e-23
6.93066e-09	4.33831e-08	2.08299e-23
5.02144e-09	4.80321e-08	1.45631e-23
7.06608e-09	5.25588e-08	3.09984e-23
7.68058e-09	6.35405e-08	4.81539e-23
3.60986e-09	3.73684e-08	9.8181e-24
1.08921e-08	6.96923e-08	9.04908e-23
8.0037e-09	4.83471e-08	3.38956e-23
1.55708e-08	8.88407e-08	1.7045e-22
3.61982e-09	2.52485e-08	3.75559e-24
1.60814e-08	8.71154e-08	1.63228e-22
4.16346e-09	3.44078e-08	8.81808e-24
5.40084e-09	5.13907e-08	2.49982e-23
7.21524e-09	5.28468e-08	3.94317e-23
7.80584e-09	5.31333e-08	3.70921e-23
8.96774e-09	6.96923e-08	7.71706e-23
5.16039e-09	5.16852e-08	3.17579e-23
5.5199e-09	5.34182e-08	2.83548e-23
3.52579e-09	1.34959e-08	8.14308e-25
5.21725e-09	4.77151e-08	1.93034e-23
7.65732e-09	5.42639e-08	4.59769e-23
5.52472e-09	5.56449e-08	4.17315e-23
