#	z_max	r_eq	V_L
8.24709e-09	3.48462e-08	1.292e-23
8.33262e-09	2.69917e-08	2.3339e-24
8.82513e-09	4.0111e-08	2.15805e-23
8.70672e-09	4.15971e-08	2.20659e-23
8.31661e-09	3.44078e-08	1.34988e-23
6.8899e-09	3.77724e-08	1.72587e-23
7.39696e-09	3.3514e-08	1.21778e-23
8.1013e-09	4.30319e-08	2.4084e-23
7.85506e-09	3.97308e-08	1.88911e-23
7.63623e-09	4.33831e-08	2.45202e-23
7.44586e-09	3.52791e-08	1.4368e-23
8.58499e-09	3.97308e-08	1.98031e-23
7.23774e-09	3.21266e-08	1.17054e-23
6.87348e-09	3.3514e-08	1.2836e-23
8.43453e-09	4.12305e-08	2.29498e-23
6.84486e-09	2.33755e-08	6.42489e-24
8.41072e-09	3.69599e-08	1.69865e-23
8.42105e-09	3.97308e-08	2.10287e-23
7.02303e-09	3.73684e-08	1.78396e-23
7.29935e-09	3.85676e-08	1.71751e-23
6.78172e-09	2.96704e-08	1.05513e-23
7.90287e-09	2.91544e-08	9.66814e-24
8.39296e-09	3.77724e-08	1.67704e-23
8.94919e-09	4.77151e-08	3.24581e-23
7.88278e-09	3.3058e-08	1.344e-23
7.03446e-09	2.64234e-08	8.15138e-24
9.26365e-09	4.08608e-08	2.14679e-23
7.11834e-09	3.6547e-08	1.54455e-23
8.22331e-09	4.23205e-08	1.98999e-23
7.95058e-09	3.57067e-08	1.63932e-23
9.71785e-09	4.73959e-08	2.95285e-23
7.73026e-09	3.85676e-08	1.73228e-23
9.8466e-09	4.44203e-08	3.07509e-23
7.99779e-09	3.81721e-08	1.51268e-23
7.65401e-09	3.48462e-08	1.26685e-23
8.74274e-09	3.77724e-08	1.71879e-23
7.02799e-09	3.57067e-08	1.47746e-23
8.02484e-09	4.0111e-08	2.12716e-23
8.81101e-09	3.81721e-08	2.1397e-23
1.05716e-08	3.89592e-08	2.12075e-23
8.43631e-09	3.85676e-08	1.77756e-23
8.90209e-09	4.54339e-08	2.80163e-23
7.88132e-09	4.0111e-08	2.01207e-23
9.67463e-09	4.0111e-08	2.29414e-23
6.68623e-09	2.40161e-08	4.04403e-24
9.35923e-09	5.07966e-08	3.95757e-23
8.65821e-09	3.69599e-08	1.86752e-23
7.25768e-09	3.44078e-08	1.39309e-23
7.62846e-09	3.44078e-08	1.52614e-23
6.28373e-09	1.82735e-08	3.33588e-24
8.16231e-09	3.73684e-08	1.5328e-23
5.29466e-09	1.6529e-08	-3.78185e-25
7.27331e-09	3.25956e-08	1.24906e-23
7.10143e-09	3.16506e-08	1.11669e-23
7.78856e-09	4.12305e-08	2.35305e-23
7.86903e-09	2.27169e-08	3.67474e-24
8.22441e-09	4.19604e-08	2.11312e-23
6.30489e-09	2.75483e-08	8.02791e-24
9.96662e-09	4.77151e-08	3.62689e-23
6.97977e-09	1.98654e-08	4.58365e-24
9.22883e-09	3.3058e-08	1.37621e-23
8.43191e-09	3.69599e-08	1.58506e-23
7.88626e-09	3.81721e-08	1.56764e-23
6.56091e-09	3.01777e-08	1.06405e-23
7.46586e-09	3.57067e-08	1.63829e-23
7.44982e-09	3.25956e-08	1.24982e-23
7.13832e-09	3.01777e-08	4.81623e-24
7.88245e-09	3.3058e-08	1.30296e-23
7.24965e-09	3.06765e-08	4.52149e-24
1.07961e-08	4.54339e-08	3.08136e-23
8.04892e-09	3.73684e-08	1.66372e-23
7.35196e-09	4.08608e-08	2.06526e-23
8.05407e-09	2.96704e-08	1.00677e-23
7.66733e-09	3.48462e-08	1.62895e-23
8.76679e-09	3.77724e-08	1.82448e-23
6.84204e-09	1.82735e-08	3.93208e-24
7.49823e-09	4.6751e-08	2.83997e-23
1.0063e-08	5.22693e-08	4.24921e-23
9.00895e-09	4.0111e-08	1.97114e-23
7.31516e-09	2.40161e-08	6.79376e-24
9.19819e-09	4.54339e-08	2.81117e-23
7.76494e-09	3.85676e-08	1.86033e-23
8.02011e-09	4.15971e-08	2.31976e-23
8.71317e-09	4.54339e-08	2.63004e-23
8.08277e-09	4.15971e-08	2.0868e-23
6.91245e-09	3.25956e-08	1.16454e-23
7.84692e-09	4.64253e-08	2.48623e-23
8.59719e-09	4.33831e-08	2.4815e-23
8.58445e-09	3.93469e-08	1.6699e-23
1.03798e-08	4.08608e-08	2.3972e-23
7.82351e-09	3.3514e-08	1.24221e-23
7.1948e-09	2.464e-08	6.73983e-24
8.31108e-09	4.04876e-08	2.01742e-23
8.6732e-09	4.6751e-08	2.94104e-23
8.03383e-09	4.19604e-08	2.28552e-23
1.0918e-08	4.33831e-08	2.51824e-23
8.36878e-09	3.73684e-08	1.92878e-23
7.10817e-09	3.16506e-08	1.1191e-23
7.95881e-09	4.6751e-08	2.92097e-23
7.14324e-09	2.80939e-08	9.39995e-24
9.68753e-09	4.26777e-08	2.70195e-23
7.11053e-09	3.01777e-08	1.05409e-23
8.62768e-09	3.77724e-08	1.89718e-23
8.95592e-09	3.81721e-08	1.86556e-23
6.10933e-09	4.33831e-08	2.24496e-23
8.60162e-09	4.866e-08	3.251e-23
7.57697e-09	3.3514e-08	1.34012e-23
6.97752e-09	3.44078e-08	1.37635e-23
8.88137e-09	3.97308e-08	2.07484e-23
7.41253e-09	3.57067e-08	1.28778e-23
7.89063e-09	3.21266e-08	1.0932e-23
9.2513e-09	4.19604e-08	2.44857e-23
7.74379e-09	3.16506e-08	1.20701e-23
7.43626e-09	4.6751e-08	2.70916e-23
7.9878e-09	3.97308e-08	1.90619e-23
9.40615e-09	4.44203e-08	2.33837e-23
7.19402e-09	3.44078e-08	1.23071e-23
8.04535e-09	4.19604e-08	1.95479e-23
8.2969e-09	3.61293e-08	1.43207e-23
8.20761e-09	3.93469e-08	1.77638e-23
7.5697e-09	3.25956e-08	1.12151e-23
7.97514e-09	3.93469e-08	2.07413e-23
8.60826e-09	3.85676e-08	1.86715e-23
8.03279e-09	4.33831e-08	2.5072e-23
9.18363e-09	4.6751e-08	2.96685e-23
1.00169e-08	3.39638e-08	1.24518e-23
8.47692e-09	4.04876e-08	2.09707e-23
8.34944e-09	3.89592e-08	2.02116e-23
8.24251e-09	3.61293e-08	1.53855e-23
7.66792e-09	3.3514e-08	1.46028e-23
8.75662e-09	4.40773e-08	2.94616e-23
9.61908e-09	4.50985e-08	2.91327e-23
7.94197e-09	3.77724e-08	1.73288e-23
8.68143e-09	3.61293e-08	1.79859e-23
7.52567e-09	4.0111e-08	2.26589e-23
8.66942e-09	3.93469e-08	2.25068e-23
6.95265e-09	3.57067e-08	1.35993e-23
8.78914e-09	4.54339e-08	2.96775e-23
8.1958e-09	1.74231e-08	3.91919e-24
1.01154e-08	5.10945e-08	3.79565e-23
8.13847e-09	3.93469e-08	1.73209e-23
9.83603e-09	4.92799e-08	3.28981e-23
6.58003e-09	2.80939e-08	8.9059e-24
6.75627e-09	3.06765e-08	1.07134e-23
7.25576e-09	4.08608e-08	1.93895e-23
8.00342e-09	3.48462e-08	1.22993e-23
8.36615e-09	3.89592e-08	1.7697e-23
6.46839e-09	1.55837e-08	2.38719e-24
8.22792e-09	3.81721e-08	1.79569e-23
7.87538e-09	2.464e-08	2.3022e-24
7.29598e-09	3.69599e-08	1.61147e-23
8.33118e-09	4.60972e-08	2.75549e-23
9.10665e-09	3.73684e-08	1.6561e-23
7.36843e-09	3.11674e-08	1.11761e-23
6.19751e-09	2.58426e-08	7.25308e-24
6.64249e-09	3.48462e-08	1.32318e-23
8.12031e-09	3.01777e-08	1.04695e-23
7.7363e-09	2.40161e-08	2.73529e-24
8.19469e-09	3.77724e-08	1.72012e-23
6.73177e-09	2.69917e-08	7.91377e-24
7.43263e-09	3.11674e-08	9.72164e-24
8.36868e-09	3.77724e-08	1.75587e-23
7.1002e-09	3.3058e-08	1.37323e-23
6.75998e-09	2.464e-08	6.88922e-24
8.29524e-09	4.12305e-08	2.24889e-23
7.90452e-09	3.44078e-08	1.40025e-23
6.97836e-09	3.25956e-08	1.31097e-23
6.94903e-09	3.3514e-08	1.26019e-23
6.3295e-09	2.52485e-08	7.23348e-24
7.95947e-09	4.04876e-08	1.93878e-23
8.2246e-09	4.8971e-08	3.222e-23
9.1136e-09	4.15971e-08	2.07092e-23
8.22991e-09	3.93469e-08	1.96719e-23
5.86512e-09	3.89592e-08	1.76401e-23
7.09532e-09	3.73684e-08	1.42028e-23
8.03201e-09	3.97308e-08	1.95682e-23
7.34341e-09	3.3514e-08	1.423e-23
8.31996e-09	2.86291e-08	1.00623e-23
8.37431e-09	4.0111e-08	2.06508e-23
8.08776e-09	4.12305e-08	2.05561e-23
6.81131e-09	2.33755e-08	6.91978e-24
7.82234e-09	4.30319e-08	2.49188e-23
7.2691e-09	2.40161e-08	5.82485e-24
8.24086e-09	4.70746e-08	3.04392e-23
7.57303e-09	2.96704e-08	1.05048e-23
8.01894e-09	4.9587e-08	3.45513e-23
8.5018e-09	3.93469e-08	2.12621e-23
7.69051e-09	3.11674e-08	1.14023e-23
8.59048e-09	3.6547e-08	1.65341e-23
7.91462e-09	4.80321e-08	3.14245e-23
9.63403e-09	4.50985e-08	2.9062e-23
6.03976e-09	2.64234e-08	7.75343e-24
7.45725e-09	2.69917e-08	8.38837e-24
7.09426e-09	2.80939e-08	9.98676e-24
8.39624e-09	3.85676e-08	1.77828e-23
8.34872e-09	3.61293e-08	1.55737e-23
7.48277e-09	3.3514e-08	1.24183e-23
8.15296e-09	3.01777e-08	1.03371e-23
8.15504e-09	2.80939e-08	9.45883e-24
7.49556e-09	3.39638e-08	1.18359e-23
7.64475e-09	3.57067e-08	1.59196e-23
9.79205e-09	4.04876e-08	2.12426e-23
6.51317e-09	3.69599e-08	1.57367e-23
7.20786e-09	3.52791e-08	1.36718e-23
7.27025e-09	3.11674e-08	1.17119e-23
8.34972e-09	3.25956e-08	1.24173e-23
8.53947e-09	3.48462e-08	1.42805e-23
7.43753e-09	3.61293e-08	1.59316e-23
6.83252e-09	3.6547e-08	1.3003e-23
6.87668e-09	3.6547e-08	1.39062e-23
7.34403e-09	4.64253e-08	2.90168e-23
8.41102e-09	3.48462e-08	1.52011e-23
8.40381e-09	3.6547e-08	1.55145e-23
9.20451e-09	4.8971e-08	3.113e-23
7.18303e-09	2.75483e-08	8.47749e-24
8.99533e-09	3.52791e-08	1.72249e-23
7.34222e-09	2.80939e-08	9.09543e-24
7.62711e-09	2.91544e-08	8.09096e-24
6.52416e-09	2.27169e-08	5.97196e-24
8.05685e-09	4.15971e-08	2.20728e-23
7.74279e-09	2.52485e-08	7.26323e-24
8.40357e-09	3.89592e-08	1.83436e-23
8.73689e-09	3.61293e-08	1.69019e-23
8.48436e-09	4.57667e-08	2.83916e-23
1.02598e-08	4.12305e-08	2.2763e-23
8.28727e-09	3.06765e-08	1.0321e-23
6.97836e-09	3.61293e-08	1.47991e-23
7.77359e-09	3.57067e-08	1.45351e-23
8.24432e-09	3.6547e-08	1.55408e-23
8.5338e-09	3.3514e-08	1.21373e-23
1.02656e-08	3.69599e-08	1.83194e-23
9.08781e-09	3.77724e-08	1.81565e-23
8.21172e-09	3.61293e-08	1.50685e-23
7.73387e-09	2.80939e-08	6.91211e-24
7.4147e-09	2.75483e-08	6.97623e-24
1.06064e-08	4.80321e-08	3.56479e-23
8.24112e-09	3.39638e-08	1.22528e-23
9.266e-09	4.0111e-08	1.87941e-23
6.70941e-09	3.11674e-08	1.06824e-23
8.64828e-09	4.04876e-08	2.27621e-23
9.88315e-09	4.50985e-08	3.30141e-23
8.58959e-09	3.85676e-08	1.83196e-23
7.85375e-09	3.57067e-08	1.64925e-23
7.54594e-09	2.69917e-08	8.65838e-24
9.13278e-09	3.89592e-08	2.01379e-23
8.85304e-09	3.81721e-08	1.8501e-23
8.44204e-09	2.86291e-08	5.48952e-24
6.98297e-09	3.39638e-08	1.38798e-23
7.75099e-09	3.11674e-08	7.32252e-24
6.85379e-09	2.75483e-08	7.9886e-24
8.99362e-09	3.57067e-08	1.61287e-23
9.23874e-09	3.89592e-08	2.0248e-23
8.30327e-09	3.3058e-08	1.33415e-23
9.26821e-09	4.19604e-08	2.47712e-23
7.47656e-09	3.06765e-08	1.24018e-23
8.01921e-09	3.11674e-08	1.1383e-23
6.69504e-09	2.64234e-08	7.79186e-24
8.52785e-09	4.30319e-08	2.4372e-23
7.47168e-09	3.73684e-08	1.72111e-23
1.07964e-08	4.0111e-08	2.21213e-23
8.09815e-09	3.93469e-08	1.74788e-23
8.54356e-09	3.97308e-08	1.77019e-23
7.63358e-09	4.64253e-08	2.7952e-23
6.76388e-09	3.44078e-08	1.2909e-23
7.53047e-09	3.25956e-08	1.11146e-23
6.70634e-09	3.69599e-08	1.4212e-23
8.3715e-09	3.25956e-08	9.96313e-24
9.81389e-09	3.77724e-08	1.9296e-23
1.22989e-08	5.22693e-08	4.41347e-23
8.13279e-09	3.6547e-08	1.57416e-23
7.29705e-09	3.3058e-08	1.17997e-23
8.51747e-09	4.54339e-08	2.91759e-23
7.67694e-09	3.01777e-08	1.02932e-23
8.67028e-09	4.0111e-08	2.16305e-23
8.42949e-09	3.89592e-08	1.96105e-23
8.8462e-09	4.73959e-08	3.27691e-23
8.15505e-09	4.9587e-08	3.48199e-23
8.74558e-09	3.73684e-08	1.83849e-23
7.50153e-09	4.37316e-08	2.45258e-23
7.00397e-09	3.25956e-08	1.28771e-23
7.65599e-09	4.33831e-08	2.49031e-23
8.60165e-09	4.08608e-08	2.43902e-23
8.38417e-09	3.48462e-08	1.53637e-23
7.48433e-09	3.48462e-08	1.25169e-23
8.36464e-09	4.40773e-08	2.38709e-23
8.48216e-09	4.9587e-08	3.10624e-23
9.76051e-09	4.54339e-08	2.76576e-23
1.08882e-08	4.30319e-08	2.37836e-23
8.25175e-09	3.81721e-08	1.90735e-23
8.44301e-09	4.04876e-08	2.40781e-23
7.46953e-09	3.48462e-08	1.55225e-23
7.93471e-09	3.6547e-08	1.67636e-23
9.45375e-09	3.85676e-08	1.82106e-23
8.39236e-09	4.26777e-08	2.30793e-23
8.10364e-09	4.64253e-08	2.75097e-23
9.33125e-09	4.19604e-08	2.37543e-23
8.66157e-09	3.81721e-08	1.75737e-23
9.25957e-09	4.26777e-08	2.26652e-23
7.2543e-09	3.21266e-08	1.21687e-23
7.77251e-09	3.01777e-08	1.09301e-23
7.42271e-09	3.48462e-08	1.4202e-23
7.6866e-09	3.48462e-08	1.51609e-23
7.56936e-09	3.57067e-08	1.5552e-23
8.1851e-09	3.57067e-08	1.66964e-23
7.85137e-09	4.37316e-08	2.55462e-23
7.43176e-09	3.77724e-08	1.60571e-23
8.30318e-09	3.81721e-08	1.84453e-23
6.31286e-09	2.40161e-08	5.52678e-24
1.03631e-08	4.19604e-08	2.35617e-23
8.40544e-09	4.12305e-08	2.21561e-23
8.57632e-09	4.64253e-08	2.93868e-23
8.83908e-09	4.54339e-08	2.62986e-23
6.58374e-09	2.58426e-08	7.80646e-24
7.73597e-09	4.04876e-08	1.88775e-23
7.6061e-09	3.11674e-08	1.04468e-23
6.88974e-09	2.40161e-08	5.80349e-24
7.63385e-09	3.39638e-08	1.36065e-23
8.39596e-09	3.39638e-08	1.30759e-23
1.08532e-08	4.26777e-08	2.44419e-23
8.8545e-09	2.86291e-08	1.04837e-23
9.76844e-09	4.23205e-08	2.42792e-23
7.06516e-09	3.89592e-08	1.79979e-23
7.57564e-09	4.23205e-08	2.1228e-23
8.51123e-09	4.0111e-08	1.77441e-23
7.85639e-09	3.69599e-08	1.50798e-23
8.69267e-09	3.52791e-08	1.49221e-23
7.12913e-09	3.21266e-08	1.16623e-23
7.15761e-09	3.77724e-08	1.7719e-23
6.75444e-09	3.48462e-08	1.26183e-23
9.69128e-09	4.15971e-08	2.07304e-23
7.12921e-09	3.6547e-08	1.59655e-23
9.37125e-09	3.93469e-08	1.88996e-23
9.90327e-09	3.97308e-08	1.69166e-23
7.7257e-09	4.15971e-08	1.85045e-23
8.13477e-09	3.61293e-08	1.3843e-23
7.41711e-09	3.21266e-08	1.14704e-23
8.97573e-09	4.19604e-08	2.07171e-23
8.42265e-09	3.44078e-08	1.4836e-23
8.01068e-09	2.69917e-08	7.97806e-24
8.09345e-09	3.69599e-08	1.71787e-23
7.40017e-09	2.40161e-08	5.46339e-24
9.53911e-09	4.37316e-08	2.5553e-23
6.31846e-09	3.25956e-08	1.23152e-23
9.18451e-09	4.64253e-08	3.34168e-23
8.16869e-09	3.61293e-08	1.62704e-23
9.33668e-09	3.93469e-08	2.19586e-23
6.86762e-09	4.0111e-08	1.83294e-23
8.14657e-09	4.19604e-08	2.13952e-23
7.91758e-09	3.69599e-08	1.80927e-23
8.67778e-09	4.04876e-08	2.2927e-23
8.66719e-09	3.16506e-08	1.18996e-23
7.25176e-09	2.40161e-08	6.42717e-24
9.97128e-09	4.30319e-08	2.55893e-23
7.42118e-09	3.73684e-08	1.81892e-23
7.75139e-09	2.80939e-08	9.14055e-24
9.09982e-09	4.6751e-08	2.9725e-23
8.75577e-09	3.16506e-08	1.06138e-23
8.48853e-09	3.16506e-08	1.1245e-23
8.33432e-09	3.57067e-08	1.45735e-23
7.31494e-09	3.25956e-08	1.1348e-23
8.77511e-09	3.57067e-08	1.55132e-23
1.04606e-08	4.866e-08	3.42009e-23
8.83783e-09	4.19604e-08	2.19394e-23
9.38751e-09	4.44203e-08	2.52534e-23
7.87951e-09	3.6547e-08	1.49798e-23
7.86437e-09	4.12305e-08	2.16843e-23
8.85065e-09	3.97308e-08	2.10183e-23
9.24892e-09	4.44203e-08	2.57274e-23
8.12848e-09	3.21266e-08	1.10974e-23
7.14809e-09	3.25956e-08	1.31987e-23
9.12182e-09	3.97308e-08	2.12282e-23
7.82904e-09	3.57067e-08	1.43847e-23
7.65092e-09	2.80939e-08	9.83733e-24
8.32054e-09	3.97308e-08	2.09287e-23
8.64499e-09	4.47607e-08	2.59956e-23
9.73268e-09	4.08608e-08	2.26433e-23
8.62231e-09	3.3058e-08	1.4154e-23
1.05128e-08	4.98921e-08	3.70622e-23
7.29295e-09	4.15971e-08	2.17463e-23
8.53276e-09	4.37316e-08	2.44298e-23
7.2558e-09	3.81721e-08	1.57318e-23
8.45205e-09	4.19604e-08	2.21621e-23
7.29548e-09	3.81721e-08	1.76134e-23
7.85194e-09	3.93469e-08	1.90696e-23
8.46143e-09	3.61293e-08	1.48518e-23
6.9953e-09	2.80939e-08	8.60559e-24
9.74971e-09	4.8971e-08	3.26346e-23
7.52381e-09	3.21266e-08	1.15529e-23
9.21432e-09	4.23205e-08	2.43334e-23
7.41474e-09	3.57067e-08	1.49904e-23
9.05128e-09	4.866e-08	3.31698e-23
8.99533e-09	4.73959e-08	2.84838e-23
8.82979e-09	4.60972e-08	3.10515e-23
6.92645e-09	2.75483e-08	8.31066e-24
8.4806e-09	4.73959e-08	2.99375e-23
8.66637e-09	3.39638e-08	1.38178e-23
7.66499e-09	3.77724e-08	1.78186e-23
8.36819e-09	4.08608e-08	2.05815e-23
9.2483e-09	4.40773e-08	2.46434e-23
8.6348e-09	3.81721e-08	1.79248e-23
1.05259e-08	4.0111e-08	2.44677e-23
7.91871e-09	4.64253e-08	2.81949e-23
7.26135e-09	2.58426e-08	8.68209e-24
9.96613e-09	4.08608e-08	2.32019e-23
7.3304e-09	2.91544e-08	1.01051e-23
8.76661e-09	3.69599e-08	1.70529e-23
8.86152e-09	4.0111e-08	2.22307e-23
7.8343e-09	2.91544e-08	1.02961e-23
8.07484e-09	3.85676e-08	1.75416e-23
8.19978e-09	3.06765e-08	1.24441e-23
8.06928e-09	3.44078e-08	1.51643e-23
9.33162e-09	3.73684e-08	1.84644e-23
6.18422e-09	3.3058e-08	1.24123e-23
8.82536e-09	3.73684e-08	1.83146e-23
6.43436e-09	2.27169e-08	5.17238e-24
8.44802e-09	3.81721e-08	1.72681e-23
9.39535e-09	4.54339e-08	2.73922e-23
7.0286e-09	2.69917e-08	8.16264e-24
7.84701e-09	3.21266e-08	1.20263e-23
7.96028e-09	4.04876e-08	1.95689e-23
7.86251e-09	2.91544e-08	9.10371e-24
8.48242e-09	4.26777e-08	2.3403e-23
8.11387e-09	3.6547e-08	1.69712e-23
8.49925e-09	3.73684e-08	1.25138e-23
1.00074e-08	4.44203e-08	2.69807e-23
6.76492e-09	4.04876e-08	2.13218e-23
7.64412e-09	3.44078e-08	1.39433e-23
8.85717e-09	3.11674e-08	1.19411e-23
7.95541e-09	3.3514e-08	1.39975e-23
8.06525e-09	2.13388e-08	4.03457e-24
8.07074e-09	4.0111e-08	2.14824e-23
8.11663e-09	3.57067e-08	1.61284e-23
8.55371e-09	4.9587e-08	3.65344e-23
8.46222e-09	4.80321e-08	2.96107e-23
8.33545e-09	4.80321e-08	2.78241e-23
8.26289e-09	4.57667e-08	2.76918e-23
7.052e-09	3.69599e-08	1.63603e-23
5.94738e-09	2.69917e-08	7.16233e-24
9.23743e-09	3.89592e-08	1.79093e-23
9.32612e-09	4.0111e-08	2.25263e-23
7.91485e-09	3.73684e-08	1.82353e-23
9.03134e-09	4.19604e-08	2.25326e-23
8.35991e-09	3.6547e-08	1.56805e-23
7.14419e-09	2.69917e-08	5.96839e-24
8.11816e-09	3.39638e-08	1.31401e-23
8.91226e-09	3.93469e-08	1.88342e-23
6.45939e-09	3.57067e-08	1.41839e-23
8.00717e-09	3.44078e-08	1.38639e-23
7.89468e-09	3.81721e-08	1.75147e-23
7.2547e-09	3.21266e-08	1.2717e-23
6.7545e-09	3.21266e-08	1.16302e-23
7.63829e-09	3.81721e-08	1.67447e-23
7.40843e-09	2.69917e-08	6.7374e-24
8.3561e-09	3.52791e-08	1.21391e-23
9.61295e-09	3.77724e-08	1.97149e-23
9.5731e-09	3.61293e-08	1.53255e-23
8.37284e-09	4.23205e-08	2.38075e-23
8.18477e-09	3.85676e-08	1.95012e-23
1.00166e-08	4.23205e-08	2.30296e-23
7.7446e-09	3.52791e-08	1.47087e-23
9.53612e-09	4.08608e-08	2.31788e-23
7.48737e-09	3.01777e-08	1.02551e-23
6.65696e-09	2.52485e-08	6.99099e-24
7.23391e-09	3.73684e-08	1.57592e-23
8.12359e-09	3.16506e-08	1.15735e-23
7.90785e-09	3.44078e-08	1.5114e-23
7.52872e-09	3.69599e-08	1.62915e-23
7.7271e-09	3.61293e-08	1.43911e-23
8.13761e-09	4.54339e-08	2.71024e-23
7.03294e-09	3.11674e-08	1.02687e-23
9.21808e-09	3.52791e-08	1.51307e-23
7.75214e-09	2.75483e-08	8.40037e-24
8.63104e-09	4.0111e-08	2.15328e-23
8.03007e-09	3.73684e-08	1.71656e-23
9.87623e-09	3.89592e-08	2.0057e-23
8.47898e-09	3.77724e-08	1.69578e-23
8.42355e-09	4.98921e-08	3.66456e-23
7.93532e-09	4.26777e-08	2.5138e-23
7.2897e-09	3.52791e-08	1.46697e-23
8.75972e-09	3.73684e-08	1.73916e-23
7.94368e-09	2.75483e-08	8.54838e-24
6.67271e-09	2.69917e-08	8.00786e-24
7.78106e-09	3.6547e-08	1.62698e-23
6.63717e-09	3.21266e-08	1.2079e-23
7.47192e-09	4.04876e-08	1.99427e-23
8.2882e-09	3.25956e-08	1.16509e-23
1.0597e-08	4.9587e-08	3.56254e-23
7.50723e-09	3.85676e-08	1.73622e-23
7.47977e-09	3.48462e-08	1.48515e-23
7.38337e-09	3.61293e-08	1.36638e-23
7.22689e-09	3.06765e-08	1.1217e-23
9.02259e-09	4.15971e-08	2.04372e-23
8.44839e-09	3.81721e-08	1.87392e-23
7.74001e-09	3.01777e-08	1.00918e-23
7.8176e-09	3.6547e-08	1.48935e-23
6.32145e-09	1.10193e-08	4.74666e-25
7.75427e-09	3.6547e-08	1.7113e-23
7.2728e-09	3.52791e-08	1.17857e-23
9.02601e-09	4.15971e-08	2.22101e-23
9.942e-09	4.33831e-08	2.6425e-23
7.48297e-09	3.48462e-08	1.33813e-23
7.73312e-09	3.57067e-08	1.56522e-23
7.86969e-09	3.21266e-08	1.18589e-23
7.58082e-09	3.06765e-08	1.00364e-23
8.42619e-09	3.52791e-08	1.4989e-23
7.72212e-09	1.74231e-08	2.80908e-24
8.29522e-09	3.61293e-08	1.67843e-23
7.94274e-09	3.25956e-08	1.23427e-23
6.7111e-09	2.86291e-08	8.74709e-24
8.01885e-09	4.04876e-08	2.05514e-23
9.44231e-09	4.0111e-08	1.97684e-23
7.4513e-09	2.69917e-08	8.11381e-24
8.59098e-09	3.3058e-08	1.43618e-23
8.9844e-09	3.48462e-08	1.48213e-23
8.47477e-09	3.11674e-08	1.29646e-23
1.05661e-08	4.6751e-08	3.09726e-23
1.1633e-08	4.64253e-08	3.21412e-23
7.89993e-09	3.48462e-08	1.47505e-23
7.62583e-09	4.12305e-08	2.19113e-23
7.69285e-09	3.97308e-08	1.89047e-23
8.40459e-09	4.30319e-08	2.40853e-23
7.85891e-09	3.06765e-08	1.07855e-23
7.32935e-09	4.0111e-08	1.96095e-23
7.36474e-09	3.11674e-08	1.09798e-23
8.61867e-09	3.77724e-08	1.71058e-23
6.65209e-09	2.58426e-08	6.90746e-24
7.12125e-09	3.57067e-08	1.42724e-23
9.20873e-09	3.93469e-08	1.95662e-23
9.41003e-09	3.48462e-08	1.35097e-23
7.41035e-09	3.3514e-08	1.2378e-23
7.30815e-09	3.06765e-08	1.01507e-23
7.09346e-09	3.89592e-08	1.72114e-23
7.26906e-09	3.3514e-08	1.21532e-23
9.76387e-09	3.93469e-08	2.1141e-23
7.63198e-09	4.08608e-08	2.11555e-23
7.4866e-09	2.86291e-08	8.83774e-24
7.66813e-09	3.81721e-08	1.95073e-23
8.00454e-09	4.19604e-08	2.062e-23
9.8636e-09	4.12305e-08	2.38935e-23
7.65039e-09	3.73684e-08	1.80547e-23
4.45771e-09	3.11674e-08	7.5702e-24
7.09897e-09	3.16506e-08	1.178e-23
7.26085e-09	3.11674e-08	1.21248e-23
9.84987e-09	4.8971e-08	3.56337e-23
7.41836e-09	2.91544e-08	9.61452e-24
8.07841e-09	3.39638e-08	1.51653e-23
9.79258e-09	3.57067e-08	1.52687e-23
6.46952e-09	2.52485e-08	7.03623e-24
9.47964e-09	4.26777e-08	2.49529e-23
7.22112e-09	3.81721e-08	1.71322e-23
8.79201e-09	3.85676e-08	1.94189e-23
8.59546e-09	3.52791e-08	1.54409e-23
7.84583e-09	3.16506e-08	1.17709e-23
6.87448e-09	3.3514e-08	1.16282e-23
9.25182e-09	4.0111e-08	2.16359e-23
8.91222e-09	4.83471e-08	3.3952e-23
8.14557e-09	3.21266e-08	1.29751e-23
7.4812e-09	3.77724e-08	1.57815e-23
7.8025e-09	4.23205e-08	2.12845e-23
7.32885e-09	3.44078e-08	1.40393e-23
8.23639e-09	3.81721e-08	1.90349e-23
8.39745e-09	3.73684e-08	1.58656e-23
9.62553e-09	3.81721e-08	2.03326e-23
8.59286e-09	3.57067e-08	1.62532e-23
7.35789e-09	2.86291e-08	9.06986e-24
7.76015e-09	4.37316e-08	2.43839e-23
7.81107e-09	3.77724e-08	1.42035e-23
7.45604e-09	3.97308e-08	2.00575e-23
9.12532e-09	4.50985e-08	2.71285e-23
8.42622e-09	3.25956e-08	1.35037e-23
8.42811e-09	4.19604e-08	1.98353e-23
8.65278e-09	3.93469e-08	1.89402e-23
1.02568e-08	3.77724e-08	1.64809e-23
7.62569e-09	4.19604e-08	2.10458e-23
8.59096e-09	4.26777e-08	2.10342e-23
8.39587e-09	3.93469e-08	1.9896e-23
9.10351e-09	4.19604e-08	2.12348e-23
9.18153e-09	4.40773e-08	2.36606e-23
6.1078e-09	1.98654e-08	4.00722e-24
8.28233e-09	4.04876e-08	1.99278e-23
7.43587e-09	3.6547e-08	1.64506e-23
1.20982e-08	4.12305e-08	2.22537e-23
7.5263e-09	4.83471e-08	3.13345e-23
8.55216e-09	4.6751e-08	3.22212e-23
9.29609e-09	4.26777e-08	2.45212e-23
8.7802e-09	4.92799e-08	3.17313e-23
9.31314e-09	3.85676e-08	1.92212e-23
9.02584e-09	3.3058e-08	1.40926e-23
7.2392e-09	3.77724e-08	1.65492e-23
6.69093e-09	2.91544e-08	1.06454e-23
8.4396e-09	3.48462e-08	1.60575e-23
9.41261e-09	4.37316e-08	2.45462e-23
9.08708e-09	3.61293e-08	1.54887e-23
7.26307e-09	3.85676e-08	1.77317e-23
8.12563e-09	3.77724e-08	1.69541e-23
8.21747e-09	3.69599e-08	1.59378e-23
9.3299e-09	3.73684e-08	1.62437e-23
7.3949e-09	3.73684e-08	1.6791e-23
1.04578e-08	4.64253e-08	3.32292e-23
8.66099e-09	4.40773e-08	2.67736e-23
9.21507e-09	3.6547e-08	1.8514e-23
7.42317e-09	3.3514e-08	1.5025e-23
7.19531e-09	2.64234e-08	3.41088e-24
9.69186e-09	4.80321e-08	3.35735e-23
7.35593e-09	3.85676e-08	1.86662e-23
7.3294e-09	4.37316e-08	2.48135e-23
9.33291e-09	3.93469e-08	1.99048e-23
7.90508e-09	3.11674e-08	1.17199e-23
7.78224e-09	3.93469e-08	1.89399e-23
7.31656e-09	2.69917e-08	3.15024e-24
8.41816e-09	3.57067e-08	1.70376e-23
9.07792e-09	3.69599e-08	1.60007e-23
7.72822e-09	3.57067e-08	1.46964e-23
8.0789e-09	3.85676e-08	1.652e-23
7.49899e-09	4.73959e-08	2.7903e-23
1.06335e-08	5.01954e-08	3.14948e-23
8.78542e-09	4.19604e-08	1.75946e-23
8.52314e-09	4.0111e-08	2.26793e-23
8.26126e-09	3.73684e-08	1.57398e-23
7.24883e-09	3.89592e-08	1.89625e-23
9.0634e-09	4.23205e-08	2.42598e-23
7.01163e-09	1.6529e-08	2.32117e-24
7.51246e-09	4.0111e-08	2.07834e-23
6.96415e-09	3.16506e-08	1.04069e-23
6.9114e-09	3.11674e-08	1.11997e-23
7.62868e-09	4.19604e-08	2.3729e-23
8.78695e-09	4.04876e-08	2.30735e-23
8.36881e-09	4.30319e-08	2.56105e-23
7.8006e-09	4.57667e-08	2.7457e-23
6.61097e-09	3.21266e-08	1.21775e-23
7.19714e-09	4.12305e-08	2.01452e-23
6.56149e-09	3.77724e-08	1.46883e-23
6.87884e-09	2.58426e-08	7.00858e-24
9.29434e-09	4.83471e-08	3.47069e-23
8.47758e-09	4.15971e-08	2.58078e-23
8.286e-09	4.30319e-08	2.43213e-23
8.10348e-09	3.6547e-08	1.72376e-23
6.37971e-09	2.80939e-08	9.01296e-24
7.96397e-09	4.12305e-08	2.16442e-23
6.77892e-09	2.75483e-08	8.33624e-24
6.93425e-09	2.64234e-08	7.11798e-24
7.44258e-09	3.93469e-08	1.79318e-23
8.35905e-09	3.73684e-08	1.56091e-23
8.95675e-09	3.48462e-08	1.3476e-23
8.92712e-09	3.97308e-08	1.68942e-23
9.6474e-09	4.98921e-08	3.45674e-23
8.77452e-09	3.89592e-08	1.9678e-23
7.77499e-09	3.44078e-08	1.24769e-23
7.37805e-09	4.23205e-08	2.06396e-23
9.53311e-09	4.9587e-08	3.75955e-23
7.38129e-09	2.86291e-08	9.03581e-24
9.75946e-09	4.0111e-08	1.8994e-23
9.17679e-09	4.26777e-08	2.69668e-23
7.34462e-09	3.3058e-08	1.31402e-23
7.72314e-09	3.77724e-08	1.85865e-23
9.59586e-09	4.47607e-08	2.50414e-23
7.80339e-09	3.3514e-08	1.2029e-23
7.2444e-09	3.6547e-08	1.69253e-23
7.45307e-09	3.11674e-08	1.10934e-23
