#	z_max	r_eq	V_L
6.452e-09	3.69599e-08	2.06561e-23
5.75361e-09	2.58426e-08	8.29767e-24
1.68337e-08	4.37316e-08	5.45983e-23
9.77382e-09	5.10945e-08	5.93053e-23
1.2684e-08	3.61293e-08	2.89546e-23
5.63976e-09	2.52485e-08	7.74031e-24
4.7173e-09	4.19604e-08	1.27859e-23
1.29143e-08	4.77151e-08	5.84895e-23
1.91559e-08	4.40773e-08	5.96334e-23
2.09556e-08	4.64253e-08	7.07783e-23
1.31944e-08	4.04876e-08	3.76205e-23
1.02988e-08	4.37316e-08	3.95169e-23
1.45472e-08	4.23205e-08	4.50342e-23
5.66139e-09	4.12305e-08	2.19993e-23
3.47695e-09	1.10193e-08	2.73399e-25
6.63855e-09	3.52791e-08	1.68964e-23
7.613e-09	4.04876e-08	2.67374e-23
1.04275e-08	5.34182e-08	6.75856e-23
1.22738e-08	4.30319e-08	4.18711e-23
1.31715e-08	4.12305e-08	4.10556e-23
3.39434e-09	9.54302e-09	1.75175e-25
1.40929e-08	4.73959e-08	6.0104e-23
1.58073e-08	3.89592e-08	3.76944e-23
4.27666e-09	2.33755e-08	4.1679e-24
5.67385e-09	3.11674e-08	1.00336e-23
3.32211e-09	1.98654e-08	6.77271e-25
1.4753e-08	4.47607e-08	5.12911e-23
1.07655e-08	4.33831e-08	4.04493e-23
7.17541e-09	3.21266e-08	1.73423e-23
1.40913e-08	3.93469e-08	3.47419e-23
1.86899e-08	4.04876e-08	4.40085e-23
1.86066e-08	4.33831e-08	5.47663e-23
1.98848e-08	4.04876e-08	4.60374e-23
1.50065e-08	3.39638e-08	2.72518e-23
5.96505e-09	3.3058e-08	1.24993e-23
5.68424e-09	3.16506e-08	1.13531e-23
1.27469e-08	3.97308e-08	3.57574e-23
1.68105e-08	4.98921e-08	7.58499e-23
1.49153e-08	3.77724e-08	3.25384e-23
1.10396e-08	3.57067e-08	2.78962e-23
4.26063e-09	2.86291e-08	6.62921e-24
1.8488e-08	5.22693e-08	9.0039e-23
4.49495e-09	3.16506e-08	6.67468e-24
3.46842e-09	1.55837e-08	7.89068e-25
4.5863e-09	2.464e-08	3.49909e-24
1.50288e-08	4.30319e-08	4.85561e-23
8.74937e-09	4.40773e-08	3.68411e-23
1.31666e-08	3.48462e-08	2.69278e-23
2.94442e-09	5.50966e-09	1.18149e-26
1.44615e-08	4.30319e-08	4.69587e-23
1.14515e-08	3.57067e-08	2.50777e-23
2.12578e-08	4.26777e-08	5.45557e-23
1.37223e-08	3.39638e-08	2.23549e-23
7.72638e-09	4.0111e-08	2.49011e-23
9.08989e-09	3.3514e-08	1.23664e-23
1.12659e-08	3.57067e-08	2.46623e-23
9.38636e-09	4.64253e-08	4.30654e-23
9.14462e-09	3.48462e-08	1.34576e-23
7.80054e-09	3.93469e-08	2.61358e-23
4.45139e-09	2.86291e-08	6.72234e-24
9.20785e-09	3.21266e-08	1.7285e-23
3.64158e-09	9.54302e-09	2.37216e-25
1.67863e-08	3.85676e-08	3.79121e-23
6.91553e-09	3.6547e-08	1.98578e-23
1.03695e-08	3.44078e-08	2.29e-23
3.75591e-09	1.55837e-08	7.95935e-25
9.00414e-09	2.20387e-08	8.22161e-24
1.59775e-08	4.30319e-08	4.81818e-23
3.91181e-09	2.06153e-08	1.73716e-24
1.13726e-08	3.85676e-08	3.10065e-23
4.63455e-09	2.27169e-08	3.07113e-24
1.43725e-08	4.23205e-08	4.11615e-23
1.19254e-08	2.75483e-08	8.36589e-24
9.9009e-09	3.85676e-08	2.33554e-23
1.1554e-08	3.61293e-08	1.94362e-23
1.17084e-08	4.0111e-08	3.35908e-23
1.42104e-08	4.70746e-08	5.55317e-23
9.16648e-09	3.89592e-08	2.06695e-23
3.61161e-09	1.55837e-08	1.05449e-24
1.72263e-08	4.54339e-08	5.84405e-23
1.27238e-08	4.70746e-08	5.8105e-23
1.69723e-08	4.73959e-08	5.94509e-23
2.0572e-08	4.30319e-08	5.63303e-23
1.53116e-08	4.83471e-08	6.58344e-23
1.98842e-08	4.15971e-08	5.2436e-23
1.13247e-08	4.26777e-08	3.72706e-23
1.28737e-08	3.73684e-08	3.1495e-23
1.35608e-08	3.77724e-08	3.47245e-23
7.11952e-09	3.77724e-08	2.09782e-23
2.55921e-08	4.47607e-08	6.39231e-23
5.65632e-09	3.11674e-08	1.17597e-23
5.18369e-09	2.52485e-08	5.46405e-24
8.4757e-09	4.50985e-08	3.8215e-23
1.50004e-08	4.30319e-08	4.68008e-23
1.90367e-08	4.70746e-08	6.5688e-23
1.50812e-08	4.80321e-08	5.9772e-23
4.05777e-09	2.75483e-08	3.82215e-24
9.90321e-09	4.70746e-08	4.57457e-23
3.18169e-09	1.74231e-08	7.55753e-25
1.39614e-08	4.47607e-08	4.69767e-23
1.87269e-08	3.69599e-08	3.39584e-23
8.01912e-09	4.30319e-08	3.3899e-23
4.9901e-09	4.12305e-08	1.76056e-23
1.75509e-08	4.60972e-08	6.31063e-23
5.06369e-09	3.25956e-08	9.70067e-24
4.38768e-09	1.9086e-08	1.72567e-24
1.47172e-08	4.6751e-08	5.45786e-23
1.24515e-08	4.33831e-08	4.7309e-23
5.93261e-09	3.6547e-08	1.63888e-23
1.52975e-08	4.40773e-08	4.97232e-23
1.30943e-08	4.64253e-08	5.11609e-23
4.35815e-09	3.06765e-08	5.47818e-24
7.05428e-09	3.97308e-08	2.30334e-23
5.53151e-09	1.98654e-08	2.89382e-24
5.4603e-09	1.9086e-08	2.42828e-24
1.11042e-08	4.44203e-08	4.49106e-23
1.3371e-08	4.04876e-08	3.84851e-23
1.12121e-08	4.19604e-08	3.83593e-23
1.06369e-08	3.16506e-08	1.98094e-23
1.38617e-08	4.08608e-08	3.90709e-23
1.54911e-08	4.40773e-08	5.3166e-23
4.84017e-09	3.25956e-08	9.349e-24
3.90009e-09	1.9086e-08	1.71742e-24
1.95945e-08	4.57667e-08	6.72573e-23
1.81411e-08	5.34182e-08	9.26226e-23
1.71949e-08	3.3514e-08	3.37981e-23
4.4176e-09	3.57067e-08	7.67447e-24
1.33796e-08	4.37316e-08	4.3739e-23
8.64805e-09	3.97308e-08	2.5446e-23
1.0224e-08	4.64253e-08	4.48704e-23
4.54073e-09	1.9086e-08	1.74034e-24
9.14133e-09	3.81721e-08	2.56635e-23
1.03188e-08	4.33831e-08	3.6382e-23
8.18101e-09	4.8971e-08	4.1879e-23
4.56653e-09	3.6547e-08	1.13845e-23
4.95046e-09	3.44078e-08	1.08531e-23
1.34763e-08	4.54339e-08	5.07982e-23
3.7894e-09	2.06153e-08	1.76837e-24
1.58812e-08	2.96704e-08	2.33516e-23
1.44512e-08	4.15971e-08	4.16485e-23
2.01932e-08	4.12305e-08	4.58554e-23
1.50397e-08	4.19604e-08	4.47972e-23
1.97802e-08	4.15971e-08	4.9738e-23
1.12372e-08	1.34959e-08	2.5589e-24
2.11889e-08	4.8971e-08	7.93556e-23
1.46314e-08	4.08608e-08	4.41744e-23
8.54185e-09	3.81721e-08	2.50252e-23
1.33326e-08	4.19604e-08	4.17232e-23
3.23566e-09	1.55837e-08	3.05627e-25
1.76586e-08	4.30319e-08	4.96583e-23
1.09412e-08	4.04876e-08	3.27169e-23
2.36755e-08	4.80321e-08	8.45574e-23
7.93291e-09	4.04876e-08	2.56665e-23
1.54782e-08	4.83471e-08	6.71684e-23
7.12323e-09	3.48462e-08	1.79527e-23
1.29997e-08	3.52791e-08	2.90807e-23
1.51522e-08	4.40773e-08	5.15375e-23
1.30793e-08	4.77151e-08	6.26051e-23
8.23693e-09	1.34959e-08	2.3104e-24
9.10444e-09	3.21266e-08	1.05092e-23
1.17911e-09	5.50966e-09	-2.76456e-26
9.05783e-09	3.77724e-08	1.74415e-23
6.8439e-09	5.07966e-08	4.60718e-23
1.93745e-08	4.12305e-08	6.12591e-23
