#	z_max	A_0	V_L	D_min	D_max	M_min	M_max
6.452e-09	4.29153e-15	2.06561e-23	6.83594e-08	9.00346e-08	6.06018e-08	8.62082e-08
5.75361e-09	2.09808e-15	8.29767e-24	3.90625e-08	6.55098e-08	3.92632e-08	6.14554e-08
1.68337e-08	6.00815e-15	5.45983e-23	6.83594e-08	1.09183e-07	6.82838e-08	1.0584e-07
9.77382e-09	8.2016e-15	5.93053e-23	8.78906e-08	1.19205e-07	8.79153e-08	1.13522e-07
1.2684e-08	4.1008e-15	2.89546e-23	5.85937e-08	8.73464e-08	5.80412e-08	8.45011e-08
5.63976e-09	2.00272e-15	7.74031e-24	4.88281e-08	6.25305e-08	4.26773e-08	6.14554e-08
4.7173e-09	5.53131e-15	1.27859e-23	5.85937e-08	1.09183e-07	5.88947e-08	1.04133e-07
1.29143e-08	7.15256e-15	5.84895e-23	7.8125e-08	1.17998e-07	6.82838e-08	1.16082e-07
1.91559e-08	6.10352e-15	5.96334e-23	7.8125e-08	1.00543e-07	7.76728e-08	9.55973e-08
2.09556e-08	6.77109e-15	7.07783e-23	7.8125e-08	1.09183e-07	7.85263e-08	1.04986e-07
1.31944e-08	5.14984e-15	3.76205e-23	7.8125e-08	9.76562e-08	7.3405e-08	9.47437e-08
1.02988e-08	6.00815e-15	3.95169e-23	8.78906e-08	9.76562e-08	7.85263e-08	9.64508e-08
1.45472e-08	5.62668e-15	4.50342e-23	7.8125e-08	9.61803e-08	7.85263e-08	9.47437e-08
5.66139e-09	5.34058e-15	2.19993e-23	4.88281e-08	1.23526e-07	4.86522e-08	1.17789e-07
3.47695e-09	3.8147e-16	2.73399e-25	1.95312e-08	2.76214e-08	1.96316e-08	2.8167e-08
6.63855e-09	3.91006e-15	1.68964e-23	3.90625e-08	1.11345e-07	3.92632e-08	1.084e-07
7.613e-09	5.14984e-15	2.67374e-23	6.83594e-08	1.00543e-07	6.82838e-08	9.30366e-08
1.04275e-08	8.96454e-15	6.75856e-23	7.8125e-08	1.4219e-07	6.82838e-08	1.38275e-07
1.22738e-08	5.81741e-15	4.18711e-23	6.83594e-08	1.05179e-07	6.82838e-08	1.01572e-07
1.31715e-08	5.34058e-15	4.10556e-23	7.8125e-08	9.76562e-08	7.3405e-08	9.38902e-08
3.39434e-09	2.86102e-16	1.75175e-25	1.95312e-08	2.76214e-08	1.36568e-08	2.47529e-08
1.40929e-08	7.05719e-15	6.0104e-23	8.78906e-08	1.05631e-07	8.45011e-08	1.01572e-07
1.58073e-08	4.76837e-15	3.76944e-23	7.8125e-08	9.21287e-08	6.82838e-08	8.96224e-08
4.27666e-09	1.71661e-15	4.1679e-24	3.90625e-08	5.69429e-08	3.84096e-08	5.29199e-08
5.67385e-09	3.05176e-15	1.00336e-23	5.85937e-08	7.8733e-08	4.95057e-08	7.08444e-08
3.32211e-09	1.23978e-15	6.77271e-25	2.92969e-08	5.69429e-08	2.90206e-08	5.37735e-08
1.4753e-08	6.29425e-15	5.12911e-23	8.78906e-08	1.0381e-07	8.1087e-08	9.81579e-08
1.07655e-08	5.91278e-15	4.04493e-23	7.8125e-08	9.76562e-08	7.85263e-08	9.47437e-08
7.17541e-09	3.24249e-15	1.73423e-23	4.88281e-08	8.40071e-08	4.86522e-08	8.02334e-08
1.40913e-08	4.86374e-15	3.47419e-23	5.85937e-08	1.01956e-07	5.88947e-08	9.90114e-08
1.86899e-08	5.14984e-15	4.40085e-23	7.8125e-08	9.21287e-08	7.3405e-08	8.62082e-08
1.86066e-08	5.91278e-15	5.47663e-23	7.8125e-08	9.76562e-08	7.76728e-08	9.13295e-08
1.98848e-08	5.14984e-15	4.60374e-23	7.8125e-08	9.76562e-08	6.91373e-08	9.30366e-08
1.50065e-08	3.62396e-15	2.72518e-23	5.85937e-08	7.8733e-08	5.88947e-08	7.76728e-08
5.96505e-09	3.43323e-15	1.24993e-23	6.83594e-08	7.8733e-08	5.88947e-08	7.3405e-08
5.68424e-09	3.14713e-15	1.13531e-23	5.85937e-08	7.6272e-08	5.4627e-08	7.3405e-08
1.27469e-08	4.95911e-15	3.57574e-23	6.83594e-08	9.21287e-08	6.91373e-08	8.96224e-08
1.68105e-08	7.82013e-15	7.58499e-23	8.78906e-08	1.17594e-07	8.70618e-08	1.10961e-07
1.49153e-08	4.48227e-15	3.25384e-23	6.83594e-08	9.00346e-08	6.82838e-08	8.62082e-08
1.10396e-08	4.00543e-15	2.78962e-23	6.83594e-08	8.40071e-08	6.57231e-08	8.27941e-08
4.26063e-09	2.57492e-15	6.62921e-24	4.88281e-08	7.04209e-08	4.86522e-08	6.91373e-08
1.8488e-08	8.58307e-15	9.0039e-23	8.78906e-08	1.25061e-07	8.79153e-08	1.2035e-07
4.49495e-09	3.14713e-15	6.67468e-24	6.36421e-08	8.40071e-08	4.77986e-08	7.42586e-08
3.46842e-09	7.62939e-16	7.89068e-25	2.92969e-08	4.1432e-08	2.8167e-08	4.18238e-08
4.5863e-09	1.90735e-15	3.49909e-24	4.83374e-08	6.25305e-08	3.92632e-08	5.97483e-08
1.50288e-08	5.81741e-15	4.85561e-23	7.8125e-08	9.76562e-08	7.85263e-08	9.38902e-08
8.74937e-09	6.10352e-15	3.68411e-23	6.83594e-08	1.09183e-07	6.91373e-08	1.04986e-07
1.31666e-08	3.8147e-15	2.69278e-23	6.83594e-08	8.40071e-08	6.06018e-08	7.93799e-08
2.94442e-09	9.53674e-17	1.18149e-26	9.76562e-09	1.38107e-08	9.38902e-09	1.45103e-08
1.44615e-08	5.81741e-15	4.69587e-23	7.8125e-08	9.76562e-08	7.85263e-08	9.55973e-08
1.14515e-08	4.00543e-15	2.50777e-23	6.83594e-08	8.40071e-08	6.82838e-08	7.93799e-08
2.12578e-08	5.72205e-15	5.45557e-23	7.8125e-08	9.76562e-08	7.76728e-08	9.55973e-08
1.37223e-08	3.62396e-15	2.23549e-23	5.85937e-08	7.8733e-08	5.88947e-08	7.76728e-08
7.72638e-09	5.05447e-15	2.49011e-23	6.83594e-08	1.00543e-07	5.88947e-08	9.47437e-08
9.08989e-09	3.52859e-15	1.23664e-23	6.21481e-08	1.00543e-07	5.12128e-08	9.55973e-08
1.12659e-08	4.00543e-15	2.46623e-23	6.83594e-08	8.40071e-08	6.82838e-08	7.93799e-08
9.38636e-09	6.77109e-15	4.30654e-23	6.83594e-08	1.17998e-07	6.91373e-08	1.16936e-07
9.14462e-09	3.8147e-15	1.34576e-23	6.21481e-08	1.05631e-07	4.95057e-08	9.64508e-08
7.80054e-09	4.86374e-15	2.61358e-23	6.83594e-08	9.76562e-08	6.82838e-08	9.64508e-08
4.45139e-09	2.57492e-15	6.72234e-24	4.88281e-08	7.6272e-08	4.86522e-08	7.25515e-08
9.20785e-09	3.24249e-15	1.7285e-23	5.85937e-08	7.6272e-08	5.63341e-08	7.42586e-08
3.64158e-09	2.86102e-16	2.37216e-25	1.95312e-08	2.76214e-08	1.36568e-08	2.47529e-08
1.67863e-08	4.673e-15	3.79121e-23	6.83594e-08	9.26449e-08	6.31625e-08	8.96224e-08
6.91553e-09	4.19617e-15	1.98578e-23	4.88281e-08	1.00543e-07	4.95057e-08	9.73043e-08
1.03695e-08	3.71933e-15	2.29e-23	6.83594e-08	7.8733e-08	6.06018e-08	7.42586e-08
3.75591e-09	7.62939e-16	7.95935e-25	2.92969e-08	4.1432e-08	2.8167e-08	4.18238e-08
9.00414e-09	1.52588e-15	8.22161e-24	3.90625e-08	5.69429e-08	3.32883e-08	5.63341e-08
1.59775e-08	5.81741e-15	4.81818e-23	7.8125e-08	1.00543e-07	7.85263e-08	9.73043e-08
3.91181e-09	1.33514e-15	1.73716e-24	3.90625e-08	4.88281e-08	3.84096e-08	4.5238e-08
1.13726e-08	4.673e-15	3.10065e-23	6.83594e-08	9.21287e-08	6.82838e-08	9.0476e-08
4.63455e-09	1.62125e-15	3.07113e-24	4.80405e-08	5.69429e-08	3.41419e-08	5.63341e-08
1.43725e-08	5.62668e-15	4.11615e-23	7.8125e-08	1.00543e-07	7.3405e-08	9.47437e-08
1.19254e-08	2.38419e-15	8.36589e-24	4.88281e-08	7.8733e-08	3.75561e-08	7.16979e-08
9.9009e-09	4.673e-15	2.33554e-23	6.83594e-08	1.01956e-07	6.31625e-08	1.00719e-07
1.1554e-08	4.1008e-15	1.94362e-23	6.83594e-08	1.00543e-07	5.4627e-08	9.73043e-08
1.17084e-08	5.05447e-15	3.35908e-23	6.83594e-08	9.61803e-08	6.82838e-08	9.13295e-08
1.42104e-08	6.96182e-15	5.55317e-23	8.78906e-08	1.11345e-07	8.53547e-08	1.06693e-07
9.16648e-09	4.76837e-15	2.06695e-23	7.59587e-08	9.26449e-08	6.4016e-08	9.0476e-08
3.61161e-09	7.62939e-16	1.05449e-24	2.92969e-08	4.1432e-08	2.8167e-08	4.18238e-08
1.72263e-08	6.48499e-15	5.84405e-23	7.8125e-08	1.09183e-07	7.42586e-08	1.0584e-07
1.27238e-08	6.96182e-15	5.8105e-23	8.78906e-08	1.11345e-07	8.45011e-08	1.04133e-07
1.69723e-08	7.05719e-15	5.94509e-23	8.78906e-08	1.09183e-07	8.45011e-08	1.0584e-07
2.0572e-08	5.81741e-15	5.63303e-23	7.8125e-08	1.00543e-07	7.76728e-08	9.55973e-08
1.53116e-08	7.34329e-15	6.58344e-23	9.76562e-08	1.11345e-07	8.45011e-08	1.10961e-07
1.98842e-08	5.43594e-15	5.2436e-23	6.83594e-08	1.01956e-07	6.82838e-08	9.81579e-08
1.13247e-08	5.72205e-15	3.72706e-23	7.8125e-08	1.00543e-07	7.68192e-08	9.55973e-08
1.28737e-08	4.3869e-15	3.1495e-23	6.83594e-08	8.40071e-08	6.91373e-08	8.02334e-08
1.35608e-08	4.48227e-15	3.47245e-23	5.85937e-08	9.26449e-08	5.80412e-08	8.87689e-08
7.11952e-09	4.48227e-15	2.09782e-23	5.85937e-08	1.00543e-07	5.88947e-08	9.47437e-08
2.55921e-08	6.29425e-15	6.39231e-23	8.78906e-08	1.00543e-07	8.1087e-08	9.73043e-08
5.65632e-09	3.05176e-15	1.17597e-23	4.88281e-08	7.8733e-08	4.86522e-08	7.42586e-08
5.18369e-09	2.00272e-15	5.46405e-24	4.88281e-08	6.17632e-08	4.35309e-08	5.88947e-08
8.4757e-09	6.38962e-15	3.8215e-23	7.8125e-08	1.09183e-07	6.91373e-08	1.0584e-07
1.50004e-08	5.81741e-15	4.68008e-23	7.8125e-08	9.76562e-08	7.85263e-08	9.55973e-08
1.90367e-08	6.96182e-15	6.5688e-23	8.78906e-08	1.05631e-07	8.79153e-08	1.01572e-07
1.50812e-08	7.24792e-15	5.9772e-23	7.8125e-08	1.17998e-07	7.76728e-08	1.10961e-07
4.05777e-09	2.38419e-15	3.82215e-24	3.90625e-08	8.05294e-08	3.41419e-08	7.85263e-08
9.90321e-09	6.96182e-15	4.57457e-23	7.8125e-08	1.11345e-07	7.85263e-08	1.10108e-07
3.18169e-09	9.53674e-16	7.55753e-25	2.92969e-08	4.36732e-08	2.90206e-08	4.01167e-08
1.39614e-08	6.29425e-15	4.69767e-23	7.8125e-08	1.05179e-07	7.76728e-08	1.00719e-07
1.87269e-08	4.29153e-15	3.39584e-23	6.83594e-08	8.40071e-08	6.31625e-08	8.27941e-08
8.01912e-09	5.81741e-15	3.3899e-23	6.83594e-08	1.05631e-07	6.82838e-08	9.90114e-08
4.9901e-09	5.34058e-15	1.76056e-23	5.85937e-08	1.09183e-07	5.88947e-08	1.01572e-07
1.75509e-08	6.67572e-15	6.31063e-23	7.8125e-08	1.05631e-07	7.76728e-08	1.01572e-07
5.06369e-09	3.33786e-15	9.70067e-24	4.88281e-08	9.26449e-08	3.92632e-08	8.79153e-08
4.38768e-09	1.14441e-15	1.72567e-24	3.90625e-08	4.88281e-08	3.07277e-08	4.5238e-08
1.47172e-08	6.86646e-15	5.45786e-23	8.78906e-08	1.05631e-07	8.70618e-08	9.90114e-08
1.24515e-08	5.91278e-15	4.7309e-23	6.83594e-08	1.05631e-07	6.82838e-08	1.01572e-07
5.93261e-09	4.19617e-15	1.63888e-23	5.85937e-08	8.73464e-08	5.88947e-08	8.45011e-08
1.52975e-08	6.10352e-15	4.97232e-23	6.83594e-08	1.09183e-07	6.82838e-08	1.07547e-07
1.30943e-08	6.77109e-15	5.11609e-23	8.78906e-08	1.05631e-07	8.79153e-08	1.01572e-07
4.35815e-09	2.95639e-15	5.47818e-24	5.85937e-08	7.6272e-08	4.95057e-08	7.3405e-08
7.05428e-09	4.95911e-15	2.30334e-23	6.83594e-08	9.76562e-08	6.91373e-08	9.0476e-08
5.53151e-09	1.23978e-15	2.89382e-24	3.90625e-08	5.52427e-08	3.24348e-08	4.86522e-08
5.4603e-09	1.14441e-15	2.42828e-24	3.45267e-08	5.69429e-08	2.30458e-08	5.54805e-08
1.11042e-08	6.19888e-15	4.49106e-23	7.8125e-08	1.01956e-07	7.76728e-08	9.90114e-08
1.3371e-08	5.14984e-15	3.84851e-23	7.8125e-08	9.21287e-08	7.3405e-08	8.87689e-08
1.12121e-08	5.53131e-15	3.83593e-23	7.8125e-08	9.76562e-08	7.76728e-08	9.47437e-08
1.06369e-08	3.14713e-15	1.98094e-23	4.88281e-08	7.8733e-08	4.86522e-08	7.42586e-08
1.38617e-08	5.24521e-15	3.90709e-23	7.8125e-08	9.21287e-08	7.42586e-08	9.0476e-08
1.54911e-08	6.10352e-15	5.3166e-23	8.78906e-08	1.0381e-07	7.85263e-08	9.81579e-08
4.84017e-09	3.33786e-15	9.349e-24	4.88281e-08	8.34375e-08	4.86522e-08	8.1087e-08
3.90009e-09	1.14441e-15	1.71742e-24	2.92969e-08	5.25895e-08	2.73135e-08	5.03593e-08
1.95945e-08	6.58035e-15	6.72573e-23	8.78906e-08	1.05631e-07	8.02334e-08	1.01572e-07
1.81411e-08	8.96454e-15	9.26226e-23	9.76562e-08	1.25061e-07	9.73043e-08	1.19497e-07
1.71949e-08	3.52859e-15	3.37981e-23	5.85937e-08	8.28641e-08	5.88947e-08	7.59657e-08
4.4176e-09	4.00543e-15	7.67447e-24	5.85937e-08	9.61803e-08	5.88947e-08	9.13295e-08
1.33796e-08	6.00815e-15	4.3739e-23	7.8125e-08	1.01956e-07	7.42586e-08	9.81579e-08
8.64805e-09	4.95911e-15	2.5446e-23	6.83594e-08	9.76562e-08	6.82838e-08	9.0476e-08
1.0224e-08	6.77109e-15	4.48704e-23	8.78906e-08	1.05631e-07	8.02334e-08	1.01572e-07
4.54073e-09	1.14441e-15	1.74034e-24	3.90625e-08	4.97951e-08	3.32883e-08	4.95057e-08
9.14133e-09	4.57764e-15	2.56635e-23	5.85937e-08	9.61803e-08	5.88947e-08	9.55973e-08
1.03188e-08	5.91278e-15	3.6382e-23	6.83594e-08	1.09183e-07	6.82838e-08	1.07547e-07
8.18101e-09	7.53403e-15	4.1879e-23	7.8125e-08	1.20794e-07	7.85263e-08	1.18643e-07
4.56653e-09	4.19617e-15	1.13845e-23	5.85937e-08	9.26449e-08	5.29199e-08	9.13295e-08
4.95046e-09	3.71933e-15	1.08531e-23	4.88281e-08	9.00346e-08	4.86522e-08	8.79153e-08
1.34763e-08	6.48499e-15	5.07982e-23	8.78906e-08	1.05631e-07	7.85263e-08	1.00719e-07
3.7894e-09	1.33514e-15	1.76837e-24	2.92969e-08	5.69429e-08	2.90206e-08	5.63341e-08
1.58812e-08	2.76566e-15	2.33516e-23	3.90625e-08	8.34375e-08	3.92632e-08	8.02334e-08
1.44512e-08	5.43594e-15	4.16485e-23	6.83594e-08	9.76562e-08	6.91373e-08	9.64508e-08
2.01932e-08	5.34058e-15	4.58554e-23	7.8125e-08	9.21287e-08	7.76728e-08	8.96224e-08
1.50397e-08	5.53131e-15	4.47972e-23	8.64685e-08	9.66748e-08	7.08444e-08	9.64508e-08
1.97802e-08	5.43594e-15	4.9738e-23	7.8125e-08	9.76562e-08	7.85263e-08	9.64508e-08
1.12372e-08	5.72205e-16	2.5589e-24	9.76562e-09	5.9402e-08	9.38902e-09	5.88947e-08
2.11889e-08	7.53403e-15	7.93556e-23	8.78906e-08	1.19205e-07	8.45011e-08	1.12668e-07
1.46314e-08	5.24521e-15	4.41744e-23	7.8125e-08	9.76562e-08	6.82838e-08	9.21831e-08
8.54185e-09	4.57764e-15	2.50252e-23	5.85937e-08	9.26449e-08	5.88947e-08	8.87689e-08
1.33326e-08	5.53131e-15	4.17232e-23	6.83594e-08	1.00543e-07	6.82838e-08	9.73043e-08
3.23566e-09	7.62939e-16	3.05627e-25	2.92969e-08	4.1432e-08	2.8167e-08	4.18238e-08
1.76586e-08	5.81741e-15	4.96583e-23	7.8125e-08	9.76562e-08	7.85263e-08	9.13295e-08
1.09412e-08	5.14984e-15	3.27169e-23	7.8125e-08	9.66748e-08	7.42586e-08	8.96224e-08
2.36755e-08	7.24792e-15	8.45574e-23	8.78906e-08	1.13886e-07	8.02334e-08	1.11815e-07
7.93291e-09	5.14984e-15	2.56665e-23	6.83594e-08	9.76562e-08	6.82838e-08	9.13295e-08
1.54782e-08	7.34329e-15	6.71684e-23	7.8125e-08	1.17998e-07	7.85263e-08	1.11815e-07
7.12323e-09	3.8147e-15	1.79527e-23	5.85937e-08	9.00346e-08	5.80412e-08	8.62082e-08
1.29997e-08	3.91006e-15	2.90807e-23	5.85937e-08	8.40071e-08	5.88947e-08	7.93799e-08
1.51522e-08	6.10352e-15	5.15375e-23	6.83594e-08	1.05631e-07	6.82838e-08	1.01572e-07
1.30793e-08	7.15256e-15	6.26051e-23	8.78906e-08	1.17594e-07	8.79153e-08	1.10961e-07
8.23693e-09	5.72205e-16	2.3104e-24	1.95312e-08	4.02647e-08	1.96316e-08	3.84096e-08
9.10444e-09	3.24249e-15	1.05092e-23	5.52427e-08	1.0381e-07	4.18238e-08	8.87689e-08
1.17911e-09	9.53674e-17	-2.76456e-26	9.76562e-09	1.38107e-08	9.38902e-09	1.45103e-08
9.05783e-09	4.48227e-15	1.74415e-23	6.90534e-08	1.05631e-07	5.20664e-08	9.90114e-08
6.8439e-09	8.10623e-15	4.60718e-23	7.8125e-08	1.27328e-07	7.85263e-08	1.22057e-07
1.93745e-08	5.34058e-15	6.12591e-23	6.83594e-08	1.00543e-07	6.91373e-08	9.38902e-08
