#	z_max	A_0	V_L	D_min	D_max	M_min	M_max
8.57578e-09	3.8147e-16	1.43188e-24	1.95312e-08	3.08816e-08	1.96316e-08	2.98741e-08
8.69891e-09	1.14441e-15	4.8495e-24	2.92969e-08	5.25895e-08	2.73135e-08	5.03593e-08
1.07069e-08	4.19617e-15	2.95904e-23	5.85937e-08	9.21287e-08	5.80412e-08	8.87689e-08
1.29702e-08	4.00543e-15	2.9027e-23	6.83594e-08	8.40071e-08	6.57231e-08	8.27941e-08
7.20697e-09	1.33514e-15	5.53314e-24	2.92969e-08	5.9402e-08	2.90206e-08	5.29199e-08
7.8993e-09	2.19345e-15	9.94148e-24	4.88281e-08	6.90534e-08	4.43844e-08	6.91373e-08
1.21105e-08	2.28882e-15	1.55017e-23	3.90625e-08	7.43728e-08	3.92632e-08	7.08444e-08
1.15776e-08	3.62396e-15	2.29286e-23	6.83594e-08	7.8733e-08	6.06018e-08	7.42586e-08
1.03941e-08	4.86374e-15	2.87104e-23	7.8125e-08	9.21287e-08	7.3405e-08	8.79153e-08
1.05132e-08	3.71933e-15	2.16314e-23	5.85937e-08	8.34375e-08	5.88947e-08	8.1087e-08
1.4574e-08	6.58035e-15	5.12251e-23	8.78906e-08	1.05631e-07	8.1087e-08	1.01572e-07
1.30881e-08	3.8147e-15	2.00501e-23	5.85937e-08	8.73464e-08	5.12128e-08	8.45011e-08
1.12442e-08	5.62668e-15	3.57464e-23	6.83594e-08	1.05631e-07	6.82838e-08	1.01572e-07
1.0511e-08	4.1008e-15	2.14265e-23	6.83594e-08	8.40071e-08	5.88947e-08	8.02334e-08
9.44628e-09	4.3869e-15	2.39084e-23	6.83594e-08	8.40071e-08	6.91373e-08	8.02334e-08
8.06859e-09	6.10352e-15	3.13287e-23	7.8125e-08	1.01956e-07	7.85263e-08	9.90114e-08
1.13489e-08	3.62396e-15	2.11458e-23	6.83594e-08	7.8733e-08	5.88947e-08	7.85263e-08
9.70846e-09	4.48227e-15	2.20772e-23	6.83594e-08	8.73464e-08	6.82838e-08	8.27941e-08
1.0341e-08	3.52859e-15	1.8579e-23	6.83594e-08	7.8733e-08	6.06018e-08	7.42586e-08
1.02499e-08	4.1008e-15	2.38697e-23	6.83594e-08	8.40071e-08	6.82838e-08	8.02334e-08
4.34146e-09	4.76837e-16	5.55919e-25	1.95312e-08	3.52105e-08	1.96316e-08	3.32883e-08
1.37999e-08	4.19617e-15	2.59833e-23	7.41159e-08	8.73464e-08	5.88947e-08	8.45011e-08
5.63075e-09	1.04904e-15	3.35811e-24	2.92969e-08	4.88281e-08	2.98741e-08	4.69451e-08
1.04544e-08	3.43323e-15	1.7936e-23	6.83594e-08	7.8733e-08	5.63341e-08	7.51121e-08
1.42777e-08	9.44138e-15	8.20633e-23	9.66748e-08	1.40842e-07	8.79153e-08	1.35714e-07
8.21628e-09	1.52588e-15	3.44904e-24	4.1432e-08	6.90534e-08	2.98741e-08	6.31625e-08
9.42333e-09	5.24521e-15	3.08382e-23	7.8125e-08	9.61803e-08	6.74302e-08	9.47437e-08
8.90093e-09	3.52859e-15	1.97035e-23	5.85937e-08	8.40071e-08	5.20664e-08	8.02334e-08
2.89201e-08	7.53403e-15	8.36186e-23	8.78906e-08	1.14304e-07	8.1087e-08	1.10961e-07
7.68558e-09	2.09808e-15	4.93241e-24	4.1432e-08	7.6272e-08	3.32883e-08	7.3405e-08
1.05011e-08	5.14984e-15	3.10336e-23	7.8125e-08	9.21287e-08	7.3405e-08	8.87689e-08
1.10012e-08	3.52859e-15	2.01307e-23	5.85937e-08	8.34375e-08	5.03593e-08	8.02334e-08
1.14656e-08	2.57492e-15	6.93128e-24	4.83374e-08	8.40071e-08	3.75561e-08	8.36476e-08
9.65161e-09	3.91006e-15	2.27497e-23	6.83594e-08	7.8733e-08	6.82838e-08	7.42586e-08
1.19872e-08	5.43594e-15	3.53962e-23	7.8125e-08	1.05631e-07	6.74302e-08	1.01572e-07
9.9569e-09	1.71661e-15	3.88888e-24	4.1432e-08	7.04209e-08	3.41419e-08	6.65767e-08
9.61213e-09	3.14713e-15	1.91078e-23	6.55098e-08	7.6272e-08	5.20664e-08	7.25515e-08
1.59777e-08	4.57764e-15	3.14992e-23	6.83594e-08	9.26449e-08	6.23089e-08	9.13295e-08
1.00754e-08	1.71661e-15	4.61058e-24	4.1432e-08	7.04209e-08	3.41419e-08	6.65767e-08
1.23424e-08	2.00272e-15	4.60834e-24	4.83374e-08	7.6272e-08	3.75561e-08	6.48696e-08
1.02326e-08	2.67029e-15	1.2308e-23	5.52427e-08	7.10948e-08	4.69451e-08	6.91373e-08
1.63557e-08	6.19888e-15	5.61675e-23	7.8125e-08	1.05179e-07	7.51121e-08	1.01572e-07
1.11905e-08	3.91006e-15	2.33984e-23	6.79396e-08	8.73464e-08	5.29199e-08	8.27941e-08
1.15179e-08	5.14984e-15	3.17309e-23	7.8125e-08	9.76562e-08	7.3405e-08	9.64508e-08
1.0466e-08	2.67029e-15	1.42947e-23	5.85937e-08	7.04209e-08	4.69451e-08	6.82838e-08
1.08222e-08	3.33786e-15	1.5081e-23	6.83594e-08	7.6272e-08	5.63341e-08	7.3405e-08
1.26381e-08	4.86374e-15	2.86397e-23	7.8125e-08	9.00346e-08	7.16979e-08	8.62082e-08
1.13057e-08	4.29153e-15	2.50718e-23	6.83594e-08	8.73464e-08	6.74302e-08	8.02334e-08
9.16628e-09	3.24249e-15	1.74912e-23	5.85937e-08	7.43728e-08	5.88947e-08	7.08444e-08
9.98017e-09	3.8147e-15	2.05511e-23	6.83594e-08	7.8733e-08	6.14554e-08	7.42586e-08
1.19633e-08	5.34058e-15	3.19525e-23	7.8125e-08	9.61803e-08	7.42586e-08	9.47437e-08
1.04117e-08	5.72205e-15	3.60633e-23	8.78906e-08	9.61803e-08	7.85263e-08	9.55973e-08
6.60681e-09	2.19345e-15	7.56221e-24	4.88281e-08	6.55098e-08	3.75561e-08	6.31625e-08
8.13423e-09	3.33786e-15	1.70557e-23	6.83594e-08	7.8733e-08	5.4627e-08	7.3405e-08
1.12322e-08	5.05447e-15	3.28016e-23	6.83594e-08	9.61803e-08	6.82838e-08	9.0476e-08
1.08209e-08	4.48227e-15	2.52372e-23	6.83594e-08	9.26449e-08	6.82838e-08	8.87689e-08
1.17204e-08	4.1008e-15	2.22269e-23	6.83594e-08	8.34375e-08	6.31625e-08	8.1087e-08
9.09594e-09	4.673e-15	2.70017e-23	6.83594e-08	9.00346e-08	6.82838e-08	8.62082e-08
1.29509e-08	3.62396e-15	2.41376e-23	5.85937e-08	8.34375e-08	5.80412e-08	8.1087e-08
1.14672e-08	1.90735e-15	1.1301e-23	4.88281e-08	6.25305e-08	4.09703e-08	5.97483e-08
7.90261e-09	3.43323e-15	1.69532e-23	6.55098e-08	7.8733e-08	5.03593e-08	7.42586e-08
9.67351e-09	2.76566e-15	1.44248e-23	4.88281e-08	7.10948e-08	4.86522e-08	6.91373e-08
8.77331e-09	3.62396e-15	1.82192e-23	5.85937e-08	8.73464e-08	4.86522e-08	8.53547e-08
9.24589e-09	3.71933e-15	2.2955e-23	5.85937e-08	8.40071e-08	5.88947e-08	7.85263e-08
1.08896e-08	4.1008e-15	2.33826e-23	6.83594e-08	8.73464e-08	6.4016e-08	8.45011e-08
1.1318e-08	3.8147e-15	2.42953e-23	5.85937e-08	8.34375e-08	5.88947e-08	8.1087e-08
1.10966e-08	3.33786e-15	1.94182e-23	5.85937e-08	7.8733e-08	5.88947e-08	7.42586e-08
8.46872e-09	3.05176e-15	1.60558e-23	5.85937e-08	7.43728e-08	5.29199e-08	7.08444e-08
1.13375e-08	4.3869e-15	2.61986e-23	6.83594e-08	9.00346e-08	5.88947e-08	8.70618e-08
1.04364e-08	5.14984e-15	3.06694e-23	7.8125e-08	9.76562e-08	6.91373e-08	9.13295e-08
1.01339e-08	4.19617e-15	2.35768e-23	6.83594e-08	8.34375e-08	6.4016e-08	8.1087e-08
1.19159e-08	4.3869e-15	2.9415e-23	6.83594e-08	8.73464e-08	6.57231e-08	8.36476e-08
6.57415e-09	2.95639e-15	1.22847e-23	4.88281e-08	8.34375e-08	4.86522e-08	8.02334e-08
9.7908e-09	3.43323e-15	2.0586e-23	5.85937e-08	7.8733e-08	5.88947e-08	7.59657e-08
1.12194e-08	4.1008e-15	2.32472e-23	6.83594e-08	8.73464e-08	6.14554e-08	8.1087e-08
1.06342e-08	3.52859e-15	1.98124e-23	6.83594e-08	7.8733e-08	5.71876e-08	7.42586e-08
1.13417e-08	4.48227e-15	2.83395e-23	6.83594e-08	9.00346e-08	6.82838e-08	8.79153e-08
1.1366e-08	3.33786e-15	1.78217e-23	6.21481e-08	8.34375e-08	5.03593e-08	8.02334e-08
1.0363e-08	2.95639e-15	1.49298e-23	5.85937e-08	7.43728e-08	5.03593e-08	7.25515e-08
1.18551e-08	4.57764e-15	2.79608e-23	7.59587e-08	8.73464e-08	6.82838e-08	8.45011e-08
1.0684e-08	4.29153e-15	2.85387e-23	6.83594e-08	8.73464e-08	6.31625e-08	8.53547e-08
1.25535e-08	3.52859e-15	2.2429e-23	6.83594e-08	7.8733e-08	6.06018e-08	7.42586e-08
7.40871e-09	4.19617e-15	2.04813e-23	6.83594e-08	8.40071e-08	6.57231e-08	8.1087e-08
1.33023e-08	3.24249e-15	1.93668e-23	5.85937e-08	7.43728e-08	5.88947e-08	7.08444e-08
1.2654e-08	5.43594e-15	3.81578e-23	6.83594e-08	9.76562e-08	6.91373e-08	9.64508e-08
1.49309e-08	4.1008e-15	2.59419e-23	6.83594e-08	8.73464e-08	6.14554e-08	8.02334e-08
1.11887e-08	3.52859e-15	2.04185e-23	5.85937e-08	7.8733e-08	5.88947e-08	7.68192e-08
1.14674e-08	4.57764e-15	2.86505e-23	6.83594e-08	9.00346e-08	6.82838e-08	8.87689e-08
1.17492e-08	4.00543e-15	2.30798e-23	6.83594e-08	8.34375e-08	5.20664e-08	8.1087e-08
1.36551e-08	5.62668e-15	4.12854e-23	7.8125e-08	1.00543e-07	6.99908e-08	9.73043e-08
9.24383e-09	2.67029e-15	1.50016e-23	5.85937e-08	7.04209e-08	4.86522e-08	6.65767e-08
9.92988e-09	4.48227e-15	2.47898e-23	6.83594e-08	8.73464e-08	6.82838e-08	8.27941e-08
1.11636e-08	4.95911e-15	2.80772e-23	7.8125e-08	8.73464e-08	7.42586e-08	8.45011e-08
9.60251e-09	1.62125e-15	3.17068e-24	4.1432e-08	7.04209e-08	2.98741e-08	6.82838e-08
9.41199e-09	2.95639e-15	1.72913e-23	5.85937e-08	7.43728e-08	5.12128e-08	7.08444e-08
1.26908e-08	3.14713e-15	1.85646e-23	5.85937e-08	7.6272e-08	5.4627e-08	7.3405e-08
9.66532e-09	1.71661e-15	3.15923e-24	4.1432e-08	7.04209e-08	3.41419e-08	6.65767e-08
1.16823e-08	3.8147e-15	2.43204e-23	6.83594e-08	7.8733e-08	6.06018e-08	7.59657e-08
1.19167e-08	4.48227e-15	2.706e-23	6.83594e-08	9.00346e-08	6.74302e-08	8.87689e-08
1.01214e-08	4.3869e-15	2.42327e-23	6.83594e-08	9.26449e-08	5.88947e-08	8.87689e-08
1.17092e-08	3.71933e-15	2.11447e-23	5.85937e-08	8.34375e-08	5.63341e-08	8.1087e-08
1.11331e-08	5.05447e-15	3.34967e-23	7.8125e-08	9.21287e-08	7.08444e-08	9.0476e-08
1.00548e-08	4.76837e-15	3.01621e-23	7.8125e-08	9.00346e-08	6.99908e-08	8.62082e-08
1.22008e-08	4.29153e-15	2.90643e-23	6.83594e-08	9.00346e-08	6.74302e-08	8.53547e-08
1.21048e-08	5.72205e-15	4.1636e-23	7.8125e-08	9.76562e-08	7.76728e-08	9.30366e-08
8.31268e-09	2.86102e-15	1.34562e-23	5.85937e-08	7.10948e-08	5.29199e-08	7.08444e-08
9.97261e-09	2.09808e-15	1.15263e-23	4.88281e-08	6.55098e-08	4.09703e-08	6.14554e-08
9.66478e-09	3.71933e-15	1.99652e-23	5.85937e-08	8.34375e-08	5.88947e-08	8.1087e-08
1.64028e-08	6.77109e-15	6.23424e-23	8.78906e-08	1.09183e-07	7.85263e-08	1.0584e-07
1.02076e-08	4.3869e-15	2.56468e-23	6.83594e-08	8.73464e-08	6.74302e-08	8.45011e-08
1.04134e-08	3.52859e-15	1.74385e-23	5.85937e-08	8.34375e-08	5.80412e-08	8.02334e-08
7.88679e-09	2.47955e-15	1.41112e-23	4.88281e-08	6.55098e-08	4.86522e-08	6.4016e-08
9.53085e-09	4.3869e-15	2.46398e-23	7.59587e-08	9.00346e-08	6.57231e-08	8.62082e-08
1.0673e-08	3.14713e-15	1.88162e-23	5.85937e-08	7.6272e-08	5.54805e-08	6.99908e-08
1.95054e-08	5.81741e-15	5.60727e-23	7.8125e-08	9.76562e-08	7.85263e-08	9.55973e-08
1.26456e-08	4.19617e-15	2.55558e-23	5.85937e-08	8.73464e-08	5.88947e-08	8.45011e-08
1.03326e-08	5.24521e-15	3.17714e-23	7.8125e-08	9.61803e-08	6.82838e-08	9.0476e-08
1.05078e-08	1.81198e-15	1.03617e-23	4.88281e-08	5.69429e-08	4.09703e-08	5.4627e-08
1.11646e-08	4.48227e-15	2.8212e-23	6.83594e-08	9.00346e-08	6.4016e-08	8.62082e-08
1.00052e-08	2.47955e-15	1.30517e-23	4.88281e-08	6.90534e-08	4.86522e-08	6.31625e-08
8.82385e-09	2.09808e-15	9.05324e-24	4.88281e-08	6.55098e-08	4.5238e-08	6.14554e-08
9.56151e-09	4.00543e-15	2.37093e-23	6.83594e-08	8.40071e-08	5.88947e-08	8.02334e-08
1.18676e-08	3.14713e-15	1.87312e-23	5.85937e-08	7.43728e-08	5.4627e-08	7.08444e-08
1.26858e-08	1.90735e-15	1.11166e-23	3.90625e-08	6.17632e-08	3.84096e-08	6.06018e-08
1.09237e-08	4.673e-15	2.76706e-23	6.83594e-08	9.21287e-08	6.4016e-08	9.0476e-08
8.58598e-09	3.71933e-15	2.12496e-23	5.85937e-08	8.40071e-08	5.88947e-08	7.85263e-08
1.20156e-08	3.71933e-15	2.05391e-23	6.83594e-08	7.8733e-08	6.14554e-08	7.3405e-08
1.21178e-08	4.29153e-15	2.8076e-23	6.83594e-08	8.73464e-08	6.74302e-08	8.27941e-08
8.02434e-09	3.24249e-15	1.75499e-23	5.85937e-08	8.28641e-08	5.54805e-08	8.27941e-08
1.12432e-08	1.81198e-15	3.90071e-24	4.1432e-08	7.6272e-08	3.07277e-08	6.82838e-08
9.21647e-09	3.91006e-15	1.99199e-23	6.83594e-08	8.40071e-08	6.06018e-08	7.93799e-08
1.11683e-08	4.673e-15	2.61833e-23	6.83594e-08	9.26449e-08	6.82838e-08	9.0476e-08
1.16184e-08	1.81198e-15	2.4816e-24	4.1432e-08	7.6272e-08	3.07277e-08	6.82838e-08
1.05079e-08	4.48227e-15	2.41791e-23	6.83594e-08	8.73464e-08	6.82838e-08	8.1087e-08
1.09983e-08	3.43323e-15	1.968e-23	5.85937e-08	7.6272e-08	5.88947e-08	7.42586e-08
1.23448e-08	4.76837e-15	2.8055e-23	6.83594e-08	9.26449e-08	6.74302e-08	9.0476e-08
9.95022e-09	4.57764e-15	2.39141e-23	7.8125e-08	8.73464e-08	6.4016e-08	8.45011e-08
1.24658e-08	4.57764e-15	2.59185e-23	6.83594e-08	8.73464e-08	6.82838e-08	8.45011e-08
1.76518e-08	1.01089e-14	1.14983e-22	9.76562e-08	1.40842e-07	9.73043e-08	1.35714e-07
1.11537e-08	4.673e-15	2.78869e-23	5.85937e-08	9.95902e-08	5.88947e-08	9.81579e-08
1.18235e-08	3.14713e-15	1.79963e-23	5.85937e-08	7.6272e-08	5.12128e-08	7.42586e-08
1.10852e-08	3.24249e-15	1.94004e-23	5.85937e-08	7.43728e-08	5.88947e-08	7.08444e-08
9.24078e-09	3.52859e-15	2.09312e-23	5.85937e-08	8.40071e-08	5.88947e-08	7.85263e-08
1.1772e-08	5.53131e-15	3.69717e-23	7.8125e-08	9.76562e-08	7.68192e-08	9.30366e-08
8.13417e-09	3.24249e-15	1.54539e-23	5.85937e-08	7.8733e-08	5.29199e-08	7.3405e-08
1.13754e-08	3.62396e-15	1.85674e-23	5.85937e-08	7.8733e-08	5.88947e-08	7.76728e-08
1.38185e-08	4.48227e-15	3.15543e-23	6.83594e-08	8.73464e-08	6.74302e-08	8.27941e-08
1.15784e-08	4.76837e-15	3.14212e-23	7.8125e-08	8.73464e-08	7.3405e-08	8.45011e-08
1.04495e-08	4.95911e-15	2.9299e-23	7.8125e-08	9.00346e-08	7.42586e-08	8.45011e-08
1.05881e-08	3.71933e-15	2.04018e-23	5.85937e-08	8.40071e-08	5.4627e-08	8.27941e-08
1.10636e-08	4.29153e-15	2.47042e-23	7.42444e-08	8.73464e-08	6.31625e-08	8.45011e-08
1.148e-08	3.91006e-15	2.22617e-23	6.83594e-08	8.34375e-08	6.31625e-08	8.1087e-08
1.15216e-08	4.19617e-15	2.68009e-23	5.85937e-08	8.73464e-08	5.88947e-08	8.45011e-08
1.35489e-08	5.91278e-15	4.28144e-23	7.8125e-08	1.01956e-07	7.42586e-08	9.90114e-08
1.24218e-08	4.00543e-15	2.69898e-23	6.83594e-08	8.40071e-08	6.82838e-08	7.93799e-08
1.19733e-08	4.00543e-15	2.42932e-23	6.83594e-08	8.40071e-08	6.14554e-08	7.85263e-08
7.09043e-09	2.00272e-15	8.90888e-24	4.88281e-08	5.69429e-08	4.18238e-08	5.71876e-08
1.2441e-08	4.86374e-15	3.26066e-23	6.83594e-08	9.21287e-08	6.82838e-08	9.0476e-08
1.40759e-08	6.67572e-15	5.61633e-23	8.78906e-08	1.01956e-07	8.79153e-08	9.81579e-08
1.0066e-08	3.71933e-15	1.89494e-23	6.83594e-08	7.8733e-08	6.14554e-08	7.3405e-08
9.24885e-09	5.62668e-15	3.47543e-23	7.8125e-08	9.76562e-08	7.85263e-08	9.64508e-08
1.27247e-08	4.76837e-15	2.97591e-23	6.83594e-08	9.21287e-08	6.82838e-08	9.0476e-08
8.2567e-09	4.29153e-15	2.37392e-23	6.83594e-08	8.73464e-08	6.74302e-08	8.1087e-08
1.00053e-08	4.57764e-15	2.67004e-23	7.8125e-08	8.73464e-08	6.82838e-08	8.36476e-08
8.15294e-09	2.38419e-15	1.17053e-23	4.88281e-08	6.55098e-08	4.86522e-08	6.4016e-08
2.84081e-08	6.67572e-15	7.0367e-23	8.78906e-08	1.05631e-07	8.62082e-08	1.01572e-07
9.86979e-09	3.8147e-15	2.31587e-23	5.85937e-08	8.34375e-08	5.88947e-08	7.85263e-08
1.01618e-08	3.24249e-15	1.7686e-23	4.88281e-08	8.34375e-08	4.86522e-08	8.1087e-08
1.1408e-08	3.8147e-15	2.28288e-23	5.85937e-08	8.34375e-08	5.88947e-08	8.1087e-08
7.39778e-09	3.8147e-15	1.55601e-23	5.85937e-08	9.26449e-08	4.86522e-08	9.13295e-08
1.14126e-08	5.05447e-15	2.99136e-23	6.83594e-08	9.61803e-08	6.82838e-08	9.13295e-08
7.69766e-09	2.28882e-15	9.80439e-24	4.88281e-08	6.25305e-08	4.86522e-08	6.14554e-08
1.05019e-08	2.47955e-15	1.27727e-23	4.88281e-08	7.04209e-08	4.86522e-08	6.31625e-08
1.18661e-08	3.33786e-15	2.00058e-23	6.83594e-08	7.6272e-08	5.71876e-08	7.08444e-08
1.12818e-08	3.33786e-15	1.71567e-23	6.70969e-08	7.8733e-08	5.4627e-08	7.68192e-08
1.14893e-08	3.14713e-15	1.70789e-23	5.85937e-08	7.43728e-08	5.63341e-08	7.08444e-08
1.40921e-08	4.95911e-15	3.6312e-23	7.8125e-08	9.21287e-08	6.91373e-08	8.70618e-08
8.91486e-09	1.71661e-15	7.92243e-24	3.90625e-08	5.69429e-08	3.84096e-08	5.20664e-08
7.07788e-09	3.62396e-15	1.2232e-23	5.85937e-08	9.00346e-08	5.63341e-08	8.87689e-08
9.64484e-09	4.86374e-15	2.76442e-23	6.83594e-08	1.05179e-07	5.88947e-08	1.02426e-07
1.10008e-08	4.673e-15	2.74968e-23	7.8125e-08	8.73464e-08	7.08444e-08	8.45011e-08
8.72558e-09	4.29153e-15	2.67353e-23	7.57924e-08	8.73464e-08	5.88947e-08	8.53547e-08
9.66414e-09	2.09808e-15	1.33104e-23	4.88281e-08	6.25305e-08	4.18238e-08	5.71876e-08
1.15389e-08	3.33786e-15	1.81543e-23	5.85937e-08	7.8733e-08	5.12128e-08	7.68192e-08
1.06495e-08	5.43594e-15	3.58206e-23	7.8125e-08	9.76562e-08	6.91373e-08	9.13295e-08
1.15578e-08	5.91278e-15	3.63936e-23	7.8125e-08	9.95902e-08	7.85263e-08	9.81579e-08
1.13182e-08	3.43323e-15	1.98162e-23	5.85937e-08	7.8733e-08	5.80412e-08	7.59657e-08
1.23248e-08	4.00543e-15	2.18222e-23	6.83594e-08	8.34375e-08	6.23089e-08	8.02334e-08
1.21978e-08	4.95911e-15	3.54148e-23	6.83594e-08	9.21287e-08	6.91373e-08	8.96224e-08
1.09311e-08	2.57492e-15	1.44914e-23	4.88281e-08	7.04209e-08	4.86522e-08	6.4016e-08
9.33445e-09	5.05447e-15	2.93477e-23	7.8125e-08	9.76562e-08	6.82838e-08	9.47437e-08
1.53286e-08	3.62396e-15	2.51285e-23	5.85937e-08	8.34375e-08	5.80412e-08	8.1087e-08
1.31631e-08	4.00543e-15	2.4789e-23	6.83594e-08	8.34375e-08	5.20664e-08	8.1087e-08
1.13314e-08	3.52859e-15	2.48983e-23	5.85937e-08	7.8733e-08	5.88947e-08	7.42586e-08
1.07104e-08	4.76837e-15	3.08277e-23	5.85937e-08	9.61803e-08	5.88947e-08	9.47437e-08
1.08652e-08	4.1008e-15	2.63367e-23	5.85937e-08	8.73464e-08	5.80412e-08	8.53547e-08
9.86323e-09	3.05176e-15	1.45163e-23	5.85937e-08	7.04209e-08	5.54805e-08	6.74302e-08
9.93941e-09	2.57492e-15	1.38133e-23	4.88281e-08	7.10948e-08	4.95057e-08	6.91373e-08
1.12652e-08	5.05447e-15	3.31048e-23	7.8125e-08	9.26449e-08	6.82838e-08	9.0476e-08
1.26214e-08	3.43323e-15	2.33149e-23	5.85937e-08	7.8733e-08	5.88947e-08	7.59657e-08
1.37004e-08	5.14984e-15	3.72097e-23	7.8125e-08	9.76562e-08	6.91373e-08	9.13295e-08
1.09e-08	5.34058e-15	3.61589e-23	7.8125e-08	9.61803e-08	7.08444e-08	9.13295e-08
1.01567e-08	3.14713e-15	1.84127e-23	5.85937e-08	7.6272e-08	5.4627e-08	7.25515e-08
1.11246e-08	4.00543e-15	2.38888e-23	6.83594e-08	8.40071e-08	6.82838e-08	7.93799e-08
2.02294e-08	3.8147e-15	2.88429e-23	6.83594e-08	7.8733e-08	6.14554e-08	7.42586e-08
1.21728e-08	4.3869e-15	2.7109e-23	6.83594e-08	8.73464e-08	6.57231e-08	8.36476e-08
9.49044e-09	3.43323e-15	2.32567e-23	5.85937e-08	7.8733e-08	5.88947e-08	7.59657e-08
1.22748e-08	4.1008e-15	2.5399e-23	5.85937e-08	9.26449e-08	5.88947e-08	8.87689e-08
1.02237e-08	4.19617e-15	2.62208e-23	6.83594e-08	8.34375e-08	6.4016e-08	8.1087e-08
1.26318e-08	5.14984e-15	3.35825e-23	6.83594e-08	9.61803e-08	6.82838e-08	9.13295e-08
1.33017e-08	5.05447e-15	3.5577e-23	7.8125e-08	9.21287e-08	7.3405e-08	8.79153e-08
1.27091e-08	4.19617e-15	2.66043e-23	6.83594e-08	8.73464e-08	6.31625e-08	8.45011e-08
1.11361e-08	3.8147e-15	2.11101e-23	6.83594e-08	8.34375e-08	5.29199e-08	8.1087e-08
9.37732e-09	2.76566e-15	1.45079e-23	4.88281e-08	7.43728e-08	4.86522e-08	7.16979e-08
1.23506e-08	4.19617e-15	2.43274e-23	5.85937e-08	8.73464e-08	5.88947e-08	8.45011e-08
1.60938e-08	7.24792e-15	6.25918e-23	7.8125e-08	1.14304e-07	7.85263e-08	1.10961e-07
1.0143e-08	4.95911e-15	2.72133e-23	7.8125e-08	9.21287e-08	7.3405e-08	8.87689e-08
1.33338e-08	5.24521e-15	3.80538e-23	6.83594e-08	1.00543e-07	6.91373e-08	9.81579e-08
1.14226e-08	4.95911e-15	3.11504e-23	6.83594e-08	9.21287e-08	6.91373e-08	8.96224e-08
1.35648e-08	4.76837e-15	2.71881e-23	6.83594e-08	9.26449e-08	6.82838e-08	9.0476e-08
1.12424e-08	3.91006e-15	2.30125e-23	5.85937e-08	8.73464e-08	5.88947e-08	8.1087e-08
9.6779e-09	3.33786e-15	1.8483e-23	4.88281e-08	8.34375e-08	4.86522e-08	8.1087e-08
1.96016e-08	8.67844e-15	8.68083e-23	1.0358e-07	1.25061e-07	9.13295e-08	1.23764e-07
1.21506e-08	2.95639e-15	1.74974e-23	5.85937e-08	7.43728e-08	4.86522e-08	7.3405e-08
1.0977e-08	2.38419e-15	1.23167e-23	4.88281e-08	6.55098e-08	4.95057e-08	6.31625e-08
1.21815e-08	4.19617e-15	2.59889e-23	6.83594e-08	8.73464e-08	6.31625e-08	8.1087e-08
1.03698e-08	4.3869e-15	2.57553e-23	5.85937e-08	9.26449e-08	5.88947e-08	8.87689e-08
1.04599e-08	4.1008e-15	2.41655e-23	6.83594e-08	8.40071e-08	6.06018e-08	8.1087e-08
1.04143e-08	3.52859e-15	2.00643e-23	6.79396e-08	8.05294e-08	5.20664e-08	7.85263e-08
1.18948e-08	2.95639e-15	1.77121e-23	6.21481e-08	7.10948e-08	5.03593e-08	6.91373e-08
1.10565e-08	2.28882e-15	1.31599e-23	4.88281e-08	6.55098e-08	4.86522e-08	6.4016e-08
9.55523e-09	4.1008e-15	2.34577e-23	6.83594e-08	8.40071e-08	6.4016e-08	8.02334e-08
1.0193e-08	3.91006e-15	2.09327e-23	5.85937e-08	8.73464e-08	5.88947e-08	8.45011e-08
9.47833e-09	2.76566e-15	1.41581e-23	4.88281e-08	7.43728e-08	4.86522e-08	7.16979e-08
1.10441e-08	4.29153e-15	2.58401e-23	6.83594e-08	8.73464e-08	6.31625e-08	8.45011e-08
1.04978e-08	5.24521e-15	3.18447e-23	8.73464e-08	9.21287e-08	7.42586e-08	8.87689e-08
1.26813e-08	2.47955e-15	1.52063e-23	4.88281e-08	6.55098e-08	4.86522e-08	6.4016e-08
1.0819e-08	3.43323e-15	1.94442e-23	6.83594e-08	7.8733e-08	6.06018e-08	7.59657e-08
1.27684e-08	4.1008e-15	2.81492e-23	6.83594e-08	8.73464e-08	5.88947e-08	8.45011e-08
8.56308e-09	4.00543e-15	2.16819e-23	6.83594e-08	8.40071e-08	6.82838e-08	7.93799e-08
1.18598e-08	3.14713e-15	2.1076e-23	5.85937e-08	7.43728e-08	5.54805e-08	6.99908e-08
1.21039e-08	4.3869e-15	2.84113e-23	6.83594e-08	8.73464e-08	6.57231e-08	8.1087e-08
1.29503e-08	4.3869e-15	2.75013e-23	6.83594e-08	8.73464e-08	6.57231e-08	8.1087e-08
1.13613e-08	4.76837e-15	2.90396e-23	6.83594e-08	9.21287e-08	6.82838e-08	9.0476e-08
9.15469e-09	3.91006e-15	1.97779e-23	6.83594e-08	8.40071e-08	6.31625e-08	7.85263e-08
1.24398e-08	3.62396e-15	2.28233e-23	5.85937e-08	7.8733e-08	5.88947e-08	7.76728e-08
1.20733e-08	3.05176e-15	1.54711e-23	5.85937e-08	7.6272e-08	5.29199e-08	7.3405e-08
7.57894e-09	3.14713e-15	1.27895e-23	5.85937e-08	8.05294e-08	5.4627e-08	7.85263e-08
1.46427e-08	6.29425e-15	4.67242e-23	8.78906e-08	1.05631e-07	7.76728e-08	1.01572e-07
1.06676e-08	3.91006e-15	2.14836e-23	6.83594e-08	8.40071e-08	5.88947e-08	7.93799e-08
1.00859e-08	3.24249e-15	1.28415e-23	5.85937e-08	8.73464e-08	5.20664e-08	8.45011e-08
1.04112e-08	4.76837e-15	2.66287e-23	7.8125e-08	9.00346e-08	6.91373e-08	8.62082e-08
1.32621e-08	4.673e-15	3.1014e-23	5.85937e-08	9.95902e-08	5.80412e-08	9.81579e-08
1.37929e-08	5.34058e-15	3.63825e-23	7.8125e-08	9.61803e-08	7.25515e-08	9.13295e-08
1.06402e-08	4.57764e-15	3.0738e-23	7.8125e-08	8.40071e-08	6.91373e-08	8.27941e-08
1.29831e-08	4.86374e-15	3.19242e-23	6.83594e-08	9.26449e-08	6.82838e-08	8.96224e-08
1.293e-08	7.24792e-15	5.61402e-23	8.78906e-08	1.13886e-07	8.1087e-08	1.06693e-07
1.15941e-08	5.62668e-15	3.61099e-23	7.8125e-08	1.00543e-07	7.3405e-08	9.47437e-08
1.13067e-08	2.28882e-15	1.00618e-23	4.88281e-08	6.55098e-08	4.86522e-08	6.4016e-08
1.21225e-08	4.1008e-15	2.5564e-23	6.83594e-08	8.73464e-08	5.80412e-08	8.02334e-08
1.22569e-08	5.81741e-15	4.10468e-23	7.8125e-08	1.00543e-07	7.76728e-08	9.55973e-08
1.14226e-08	3.91006e-15	2.01628e-23	6.83594e-08	8.40071e-08	5.80412e-08	8.02334e-08
1.06754e-08	5.62668e-15	3.67671e-23	8.64685e-08	9.76562e-08	7.42586e-08	9.13295e-08
1.05443e-08	3.62396e-15	2.15042e-23	5.85937e-08	7.8733e-08	5.88947e-08	7.76728e-08
1.21564e-08	3.43323e-15	2.18845e-23	4.88281e-08	8.34375e-08	4.86522e-08	8.1087e-08
1.09291e-08	3.62396e-15	2.27336e-23	6.21481e-08	8.34375e-08	4.95057e-08	8.1087e-08
1.20798e-08	3.52859e-15	2.28784e-23	6.83594e-08	7.8733e-08	6.06018e-08	7.42586e-08
9.97986e-09	4.76837e-15	2.82571e-23	6.83594e-08	9.21287e-08	6.82838e-08	9.0476e-08
1.36116e-08	5.34058e-15	3.89169e-23	7.8125e-08	9.76562e-08	7.3405e-08	9.55973e-08
1.17546e-08	4.00543e-15	2.40469e-23	5.85937e-08	8.40071e-08	5.88947e-08	8.27941e-08
1.64537e-08	6.10352e-15	4.45157e-23	7.8125e-08	1.00543e-07	7.85263e-08	9.81579e-08
9.55299e-09	2.76566e-15	1.46826e-23	5.85937e-08	7.10948e-08	5.03593e-08	7.08444e-08
1.06099e-08	2.28882e-15	1.13467e-23	4.88281e-08	6.55098e-08	4.86522e-08	6.4016e-08
1.77909e-08	3.43323e-15	2.59823e-23	6.83594e-08	7.8733e-08	5.97483e-08	7.3405e-08
1.52216e-08	4.76837e-15	3.67604e-23	6.83594e-08	9.61803e-08	6.82838e-08	9.0476e-08
8.1416e-09	2.00272e-15	8.733e-24	5.52427e-08	6.17632e-08	4.18238e-08	5.88947e-08
1.15113e-08	4.57764e-15	2.65399e-23	7.42444e-08	9.21287e-08	6.4016e-08	8.96224e-08
5.72368e-09	1.33514e-15	3.69903e-24	3.90625e-08	4.88281e-08	3.84096e-08	4.5238e-08
1.13653e-08	4.76837e-15	2.71095e-23	7.8125e-08	8.73464e-08	7.3405e-08	8.45011e-08
9.37861e-09	4.19617e-15	2.20886e-23	6.83594e-08	8.34375e-08	6.4016e-08	8.1087e-08
1.09697e-08	2.86102e-15	1.59311e-23	5.85937e-08	7.04209e-08	5.54805e-08	6.82838e-08
9.29718e-09	4.57764e-15	2.41652e-23	7.8125e-08	8.73464e-08	6.31625e-08	8.45011e-08
1.37599e-08	4.00543e-15	2.6235e-23	6.83594e-08	8.34375e-08	6.31625e-08	8.1087e-08
1.23564e-08	3.14713e-15	1.74672e-23	5.85937e-08	7.43728e-08	5.63341e-08	7.08444e-08
1.15881e-08	5.05447e-15	2.86958e-23	7.8125e-08	9.21287e-08	7.42586e-08	8.70618e-08
1.22829e-08	4.00543e-15	2.39144e-23	6.83594e-08	8.40071e-08	6.82838e-08	7.93799e-08
1.17861e-08	4.19617e-15	2.36156e-23	6.83594e-08	8.73464e-08	6.4016e-08	8.45011e-08
1.03604e-08	4.00543e-15	2.20489e-23	6.83594e-08	8.34375e-08	6.31625e-08	8.1087e-08
1.08454e-08	4.29153e-15	2.50641e-23	6.83594e-08	8.73464e-08	6.74302e-08	8.45011e-08
1.22719e-08	4.86374e-15	2.83079e-23	7.8125e-08	9.21287e-08	7.3405e-08	8.79153e-08
1.4178e-08	4.57764e-15	3.37198e-23	6.83594e-08	9.21287e-08	6.57231e-08	9.0476e-08
7.90498e-09	2.76566e-15	1.28568e-23	5.85937e-08	7.04209e-08	5.12128e-08	6.91373e-08
1.10875e-08	4.29153e-15	2.57953e-23	6.83594e-08	8.73464e-08	6.06018e-08	8.02334e-08
9.25155e-09	2.28882e-15	1.19598e-23	4.88281e-08	7.04209e-08	4.09703e-08	6.31625e-08
1.0718e-08	4.1008e-15	2.69588e-23	6.83594e-08	8.40071e-08	6.82838e-08	8.02334e-08
1.17037e-08	4.1008e-15	2.51228e-23	6.83594e-08	8.40071e-08	6.82838e-08	8.02334e-08
1.11684e-08	3.52859e-15	2.03053e-23	6.83594e-08	7.8733e-08	5.80412e-08	7.42586e-08
1.27558e-08	3.05176e-15	1.79438e-23	5.85937e-08	7.04209e-08	5.54805e-08	6.74302e-08
1.20321e-08	3.71933e-15	1.99181e-23	5.85937e-08	9.00346e-08	5.71876e-08	8.87689e-08
1.14342e-08	3.05176e-15	1.83126e-23	5.85937e-08	7.6272e-08	5.29199e-08	7.42586e-08
8.93211e-09	4.76837e-16	2.20434e-24	1.95312e-08	4.02647e-08	1.36568e-08	4.01167e-08
1.079e-08	5.34058e-15	3.66196e-23	7.8125e-08	9.61803e-08	7.08444e-08	9.30366e-08
1.20358e-08	4.19617e-15	2.56294e-23	6.83594e-08	8.40071e-08	6.31625e-08	8.27941e-08
1.49036e-08	6.86646e-15	4.66542e-23	7.8125e-08	1.14304e-07	7.85263e-08	1.10961e-07
1.12488e-08	4.57764e-15	2.51614e-23	6.83594e-08	8.73464e-08	6.82838e-08	8.45011e-08
1.02047e-08	2.95639e-15	1.52437e-23	5.85937e-08	7.04209e-08	5.54805e-08	6.82838e-08
1.00911e-08	4.29153e-15	2.49346e-23	5.85937e-08	9.26449e-08	5.80412e-08	8.87689e-08
1.54616e-08	4.673e-15	3.4828e-23	6.83594e-08	9.00346e-08	6.82838e-08	8.62082e-08
1.16487e-08	3.52859e-15	2.18739e-23	5.85937e-08	8.34375e-08	5.4627e-08	8.1087e-08
7.50868e-09	2.57492e-15	1.25836e-23	4.88281e-08	7.04209e-08	4.86522e-08	6.4016e-08
1.09562e-08	4.19617e-15	2.72864e-23	6.83594e-08	9.00346e-08	6.14554e-08	8.87689e-08
8.44518e-09	3.43323e-15	2.26805e-23	4.88281e-08	8.73464e-08	4.86522e-08	8.45011e-08
1.33629e-08	4.48227e-15	2.93997e-23	7.8125e-08	8.40071e-08	6.91373e-08	8.02334e-08
1.21879e-08	2.38419e-15	1.10625e-23	5.52427e-08	7.04209e-08	4.26773e-08	6.74302e-08
1.17443e-08	6.19888e-15	4.14902e-23	8.78906e-08	1.00543e-07	7.59657e-08	9.81579e-08
1.18826e-08	6.67572e-15	4.35032e-23	7.8125e-08	1.05631e-07	7.76728e-08	1.01572e-07
9.17686e-09	3.71933e-15	2.08783e-23	6.83594e-08	8.34375e-08	6.14554e-08	8.1087e-08
1.16687e-08	4.76837e-15	3.01131e-23	7.8125e-08	9.00346e-08	6.74302e-08	8.62082e-08
1.10621e-08	3.71933e-15	2.04219e-23	5.85937e-08	8.34375e-08	5.63341e-08	8.1087e-08
1.00743e-08	2.95639e-15	1.78495e-23	4.88281e-08	8.05294e-08	4.86522e-08	7.93799e-08
1.7613e-08	4.95911e-15	3.7818e-23	7.8125e-08	8.73464e-08	7.42586e-08	8.45011e-08
1.16144e-08	3.14713e-15	1.74357e-23	5.85937e-08	7.8733e-08	5.03593e-08	7.42586e-08
1.32483e-08	4.57764e-15	2.52741e-23	6.83594e-08	9.26449e-08	6.14554e-08	8.96224e-08
8.52987e-09	3.91006e-15	2.05387e-23	5.85937e-08	8.73464e-08	5.80412e-08	8.45011e-08
1.2739e-08	4.19617e-15	2.70641e-23	6.83594e-08	8.40071e-08	6.82838e-08	7.93799e-08
9.78865e-09	5.24521e-15	3.29286e-23	6.83594e-08	1.00543e-07	6.91373e-08	9.81579e-08
1.14244e-08	3.43323e-15	2.23989e-23	5.85937e-08	7.8733e-08	5.88947e-08	7.59657e-08
1.03819e-08	4.95911e-15	2.94286e-23	7.8125e-08	9.26449e-08	7.3405e-08	8.87689e-08
1.99549e-08	3.33786e-15	1.16561e-23	5.52427e-08	9.76562e-08	4.18238e-08	9.13295e-08
1.09523e-08	3.52859e-15	1.90202e-23	6.83594e-08	7.6272e-08	6.06018e-08	7.3405e-08
1.3396e-08	4.57764e-15	3.1115e-23	7.59587e-08	9.26449e-08	6.4016e-08	9.0476e-08
9.50385e-09	3.91006e-15	2.24835e-23	6.83594e-08	7.8733e-08	6.82838e-08	7.42586e-08
1.98385e-08	3.71933e-15	1.35557e-23	6.21481e-08	1.0381e-07	5.12128e-08	9.55973e-08
1.16933e-08	3.8147e-15	2.44172e-23	5.85937e-08	8.34375e-08	5.88947e-08	7.85263e-08
1.23044e-08	4.29153e-15	2.7343e-23	5.85937e-08	9.26449e-08	5.80412e-08	8.87689e-08
1.29128e-08	5.53131e-15	3.90865e-23	6.83594e-08	1.01956e-07	6.82838e-08	9.81579e-08
1.26767e-08	4.48227e-15	2.78107e-23	5.85937e-08	9.61803e-08	5.80412e-08	9.47437e-08
9.91194e-09	4.673e-15	2.66535e-23	7.8125e-08	8.73464e-08	7.08444e-08	8.45011e-08
8.80035e-09	3.33786e-15	1.58231e-23	6.83594e-08	7.43728e-08	5.4627e-08	7.08444e-08
1.20593e-08	5.81741e-15	4.05297e-23	8.64685e-08	1.00543e-07	7.08444e-08	9.81579e-08
1.38872e-08	5.62668e-15	4.13626e-23	7.8125e-08	9.95902e-08	6.91373e-08	9.81579e-08
1.13237e-08	4.19617e-15	2.34466e-23	6.83594e-08	8.73464e-08	6.31625e-08	8.45011e-08
1.13918e-08	5.72205e-15	3.68375e-23	7.8125e-08	9.95902e-08	7.42586e-08	9.81579e-08
1.29407e-08	4.29153e-15	2.74066e-23	6.83594e-08	8.73464e-08	6.31625e-08	8.45011e-08
1.16878e-08	4.1008e-15	2.35252e-23	5.85937e-08	9.00346e-08	5.80412e-08	8.87689e-08
1.04142e-08	3.8147e-15	1.97147e-23	6.83594e-08	8.73464e-08	5.88947e-08	8.45011e-08
1.04424e-08	1.81198e-15	9.25823e-24	4.63224e-08	6.55098e-08	3.15812e-08	5.97483e-08
1.25261e-08	4.19617e-15	2.78297e-23	5.85937e-08	9.00346e-08	5.80412e-08	8.87689e-08
1.05406e-08	5.43594e-15	3.61521e-23	7.8125e-08	9.61803e-08	7.08444e-08	9.47437e-08
1.62818e-08	5.24521e-15	4.10621e-23	6.83594e-08	1.00543e-07	6.91373e-08	9.73043e-08
9.48327e-09	3.24249e-15	1.95884e-23	5.85937e-08	7.43728e-08	5.88947e-08	7.08444e-08
1.21026e-08	4.00543e-15	2.58479e-23	5.85937e-08	9.00346e-08	5.88947e-08	8.79153e-08
1.25312e-08	5.05447e-15	3.38945e-23	7.8125e-08	9.61803e-08	6.82838e-08	9.38902e-08
1.32657e-08	3.62396e-15	2.37781e-23	5.85937e-08	7.8733e-08	5.88947e-08	7.76728e-08
9.28819e-09	2.28882e-15	1.1595e-23	4.88281e-08	6.55098e-08	4.86522e-08	6.4016e-08
1.22824e-08	5.24521e-15	3.82758e-23	7.8125e-08	9.66748e-08	6.91373e-08	9.64508e-08
2.14835e-08	5.34058e-15	4.79601e-23	7.8125e-08	9.76562e-08	7.25515e-08	9.64508e-08
1.03449e-08	4.673e-15	2.72911e-23	7.8125e-08	8.73464e-08	7.08444e-08	8.45011e-08
9.92058e-09	2.67029e-15	1.67552e-23	4.88281e-08	7.10948e-08	4.86522e-08	6.91373e-08
1.96255e-08	9.15527e-15	1.04265e-22	1.07422e-07	1.22363e-07	9.47437e-08	1.16082e-07
1.19422e-08	4.29153e-15	2.83488e-23	6.83594e-08	8.73464e-08	6.4016e-08	8.19405e-08
1.0414e-08	5.53131e-15	3.33682e-23	7.8125e-08	9.76562e-08	7.3405e-08	9.55973e-08
9.9474e-09	3.91006e-15	2.19771e-23	6.83594e-08	8.40071e-08	6.06018e-08	7.93799e-08
9.91086e-09	4.19617e-15	2.41801e-23	7.42444e-08	8.40071e-08	6.23089e-08	8.02334e-08
1.35389e-08	2.67029e-15	1.56234e-23	5.85937e-08	7.04209e-08	4.5238e-08	6.74302e-08
9.03452e-09	4.3869e-15	2.39924e-23	6.83594e-08	8.40071e-08	6.91373e-08	8.02334e-08
1.11184e-08	4.3869e-15	2.3981e-23	6.83594e-08	9.00346e-08	6.4016e-08	8.79153e-08
1.52633e-08	5.43594e-15	3.92961e-23	6.83594e-08	1.01956e-07	6.82838e-08	1.01572e-07
1.13011e-08	5.14984e-15	3.49762e-23	7.8125e-08	9.21287e-08	7.42586e-08	9.0476e-08
1.16644e-08	4.00543e-15	2.53991e-23	6.83594e-08	8.40071e-08	5.88947e-08	8.02334e-08
9.26238e-09	4.76837e-15	2.59336e-23	7.8125e-08	8.73464e-08	7.3405e-08	8.45011e-08
1.31308e-08	4.95911e-15	3.38779e-23	6.83594e-08	9.61803e-08	6.74302e-08	9.13295e-08
1.0864e-08	3.43323e-15	2.12011e-23	5.85937e-08	7.8733e-08	5.88947e-08	7.59657e-08
1.15327e-08	5.53131e-15	3.49207e-23	7.8125e-08	9.76562e-08	7.08444e-08	9.73043e-08
9.42015e-09	3.05176e-15	1.49288e-23	5.85937e-08	7.43728e-08	5.29199e-08	7.08444e-08
9.84073e-09	3.05176e-15	1.6065e-23	5.85937e-08	7.43728e-08	5.29199e-08	7.08444e-08
1.33025e-08	5.72205e-15	3.85001e-23	8.78906e-08	9.76562e-08	7.85263e-08	9.64508e-08
1.06999e-08	2.38419e-15	1.12909e-23	5.24078e-08	7.04209e-08	4.09703e-08	6.74302e-08
1.08206e-08	3.8147e-15	1.91391e-23	6.83594e-08	7.8733e-08	6.31625e-08	7.59657e-08
1.14782e-08	4.19617e-15	2.35506e-23	6.83594e-08	8.73464e-08	6.4016e-08	8.45011e-08
1.01957e-08	4.1008e-15	2.29109e-23	6.83594e-08	8.40071e-08	6.82838e-08	8.02334e-08
9.2305e-09	3.71933e-15	1.92901e-23	5.85937e-08	8.34375e-08	5.88947e-08	7.85263e-08
1.12483e-08	3.71933e-15	2.16241e-23	6.83594e-08	8.05294e-08	6.06018e-08	7.93799e-08
9.21609e-09	3.8147e-15	1.89511e-23	6.83594e-08	7.8733e-08	6.31625e-08	7.59657e-08
1.10188e-08	3.14713e-15	1.77861e-23	5.85937e-08	7.43728e-08	5.4627e-08	7.08444e-08
2.70735e-08	6.58035e-15	6.57528e-23	7.8125e-08	1.09183e-07	7.85263e-08	1.0584e-07
1.06124e-08	3.52859e-15	2.26525e-23	5.85937e-08	8.73464e-08	5.03593e-08	8.27941e-08
8.59191e-09	5.62668e-15	3.0161e-23	7.8125e-08	9.61803e-08	7.85263e-08	9.55973e-08
1.13394e-08	4.57764e-15	3.0351e-23	6.83594e-08	8.73464e-08	6.91373e-08	8.1087e-08
1.58716e-08	9.44138e-15	8.24921e-23	9.57598e-08	1.39822e-07	8.79153e-08	1.37421e-07
9.58136e-09	5.72205e-15	3.61516e-23	7.8125e-08	9.61803e-08	7.76728e-08	9.47437e-08
1.14939e-08	3.62396e-15	2.25787e-23	5.85937e-08	8.05294e-08	5.88947e-08	7.85263e-08
7.40936e-09	1.23978e-15	5.22437e-24	3.90625e-08	4.88281e-08	3.15812e-08	4.5238e-08
8.50445e-09	2.76566e-15	1.44117e-23	5.85937e-08	7.43728e-08	4.5238e-08	6.91373e-08
1.05803e-08	4.19617e-15	2.65234e-23	6.83594e-08	8.34375e-08	6.4016e-08	8.1087e-08
9.31422e-09	3.05176e-15	1.86262e-23	5.85937e-08	7.04209e-08	5.54805e-08	6.74302e-08
6.22702e-09	3.33786e-15	1.34305e-23	5.85937e-08	7.8733e-08	5.03593e-08	7.76728e-08
1.10178e-08	5.34058e-15	3.99967e-23	7.8125e-08	1.00543e-07	6.82838e-08	9.73043e-08
1.19567e-08	4.86374e-15	3.39974e-23	7.7204e-08	9.76562e-08	6.82838e-08	9.21831e-08
1.07807e-08	2.95639e-15	2.04563e-23	4.88281e-08	7.8733e-08	4.95057e-08	7.42586e-08
1.05687e-08	3.8147e-15	2.30759e-23	5.85937e-08	8.73464e-08	5.80412e-08	8.02334e-08
1.43283e-08	3.62396e-15	2.48607e-23	5.85937e-08	8.40071e-08	5.80412e-08	7.93799e-08
8.41236e-09	1.04904e-15	3.02127e-24	3.45267e-08	4.88281e-08	2.47529e-08	4.60915e-08
1.23348e-08	3.43323e-15	1.98935e-23	6.83594e-08	7.8733e-08	6.06018e-08	7.59657e-08
8.51031e-09	6.67572e-16	2.8426e-25	2.0716e-08	5.52427e-08	1.36568e-08	4.86522e-08
1.04261e-08	3.24249e-15	1.52548e-23	6.21481e-08	7.43728e-08	5.54805e-08	7.08444e-08
9.83532e-09	3.33786e-15	1.72004e-23	6.83594e-08	7.8733e-08	5.71876e-08	7.3405e-08
1.65628e-08	4.00543e-15	2.65998e-23	6.83594e-08	8.73464e-08	5.63341e-08	8.36476e-08
1.2279e-08	4.48227e-15	2.71848e-23	6.83594e-08	9.00346e-08	6.74302e-08	8.62082e-08
1.09171e-08	3.33786e-15	1.66362e-23	6.83594e-08	7.43728e-08	6.06018e-08	7.16979e-08
1.02937e-08	3.8147e-15	2.19088e-23	6.83594e-08	8.40071e-08	6.14554e-08	8.27941e-08
8.76782e-09	3.52859e-15	1.78463e-23	6.83594e-08	7.8733e-08	5.63341e-08	7.42586e-08
1.11883e-08	4.76837e-15	2.86138e-23	7.8125e-08	8.73464e-08	7.3405e-08	8.45011e-08
1.12472e-08	4.57764e-15	2.73875e-23	6.83594e-08	8.73464e-08	6.91373e-08	8.1087e-08
1.07778e-08	3.05176e-15	1.62334e-23	5.85937e-08	7.6272e-08	4.95057e-08	7.08444e-08
1.13729e-08	5.14984e-15	3.04045e-23	7.8125e-08	9.26449e-08	6.99908e-08	8.87689e-08
9.04355e-09	3.91006e-15	1.98979e-23	5.85937e-08	8.40071e-08	5.88947e-08	8.02334e-08
1.07299e-08	3.24249e-15	1.61761e-23	5.85937e-08	7.8733e-08	4.86522e-08	7.59657e-08
1.05669e-08	3.71933e-15	1.89218e-23	6.83594e-08	8.40071e-08	5.63341e-08	8.27941e-08
2.44875e-08	8.67844e-15	9.47015e-23	9.76562e-08	1.19205e-07	9.55973e-08	1.16082e-07
9.94471e-09	2.95639e-15	1.81774e-23	4.88281e-08	7.6272e-08	4.86522e-08	7.08444e-08
1.24978e-08	4.57764e-15	3.25406e-23	5.85937e-08	9.61803e-08	5.88947e-08	9.55973e-08
1.29733e-08	3.91006e-15	2.389e-23	6.83594e-08	7.8733e-08	6.82838e-08	7.42586e-08
1.14799e-08	3.24249e-15	1.75198e-23	5.85937e-08	7.43728e-08	5.88947e-08	7.08444e-08
1.09655e-08	3.91006e-15	2.21085e-23	6.83594e-08	8.40071e-08	6.06018e-08	7.93799e-08
8.85313e-09	2.38419e-15	1.4026e-23	4.88281e-08	7.10948e-08	4.01167e-08	6.91373e-08
1.02514e-08	2.86102e-15	1.66542e-23	4.88281e-08	7.43728e-08	4.86522e-08	7.08444e-08
1.37076e-08	5.34058e-15	3.77479e-23	7.8125e-08	9.76562e-08	7.08444e-08	9.64508e-08
1.09696e-08	7.05719e-15	4.46212e-23	8.78906e-08	1.11345e-07	8.62082e-08	1.07547e-07
1.09602e-08	4.29153e-15	2.56053e-23	6.83594e-08	8.73464e-08	6.4016e-08	8.45011e-08
1.12516e-08	3.91006e-15	2.26989e-23	6.83594e-08	8.40071e-08	6.06018e-08	8.02334e-08
1.28838e-08	4.1008e-15	2.56232e-23	6.83594e-08	8.40071e-08	6.82838e-08	8.02334e-08
1.11384e-08	3.91006e-15	2.47463e-23	6.79396e-08	8.73464e-08	5.4627e-08	8.1087e-08
9.37127e-09	3.52859e-15	1.8697e-23	6.83594e-08	7.6272e-08	6.06018e-08	7.3405e-08
1.0904e-08	3.8147e-15	2.15373e-23	6.83594e-08	7.8733e-08	6.14554e-08	7.42586e-08
1.19324e-08	5.72205e-15	3.90223e-23	7.8125e-08	1.01956e-07	6.82838e-08	9.90114e-08
1.21749e-08	4.19617e-15	2.71546e-23	5.85937e-08	8.73464e-08	5.88947e-08	8.45011e-08
1.17664e-08	2.67029e-15	2.20509e-23	4.88281e-08	7.04209e-08	4.86522e-08	6.65767e-08
1.0628e-08	3.62396e-15	2.15247e-23	6.83594e-08	7.8733e-08	5.88947e-08	7.42586e-08
1.0331e-08	2.95639e-15	1.86515e-23	5.85937e-08	7.6272e-08	5.4627e-08	7.25515e-08
1.11796e-08	3.62396e-15	2.30262e-23	5.85937e-08	7.8733e-08	5.88947e-08	7.76728e-08
1.15716e-08	5.24521e-15	3.62523e-23	7.8125e-08	9.26449e-08	7.3405e-08	8.87689e-08
1.19216e-08	4.57764e-15	2.97819e-23	6.83594e-08	9.00346e-08	6.82838e-08	8.62082e-08
1.14705e-08	5.14984e-15	3.13489e-23	7.8125e-08	9.26449e-08	7.3405e-08	8.87689e-08
1.34265e-08	4.48227e-15	2.66091e-23	6.83594e-08	9.21287e-08	6.31625e-08	8.70618e-08
1.06378e-08	5.72205e-15	3.38514e-23	8.78906e-08	9.76562e-08	7.85263e-08	9.47437e-08
1.00574e-08	4.00543e-15	2.47186e-23	6.83594e-08	8.40071e-08	6.14554e-08	8.02334e-08
1.22525e-08	4.19617e-15	2.56649e-23	5.85937e-08	8.73464e-08	5.88947e-08	8.45011e-08
1.08624e-08	4.29153e-15	2.24457e-23	6.83594e-08	8.73464e-08	6.74302e-08	8.45011e-08
1.12849e-08	3.91006e-15	2.58335e-23	6.83594e-08	8.34375e-08	6.06018e-08	8.02334e-08
1.08036e-08	3.62396e-15	1.93047e-23	6.83594e-08	7.8733e-08	5.88947e-08	7.42586e-08
7.30724e-09	2.67029e-15	1.13932e-23	4.88281e-08	7.04209e-08	4.86522e-08	6.4016e-08
1.10793e-08	4.1008e-15	2.3194e-23	6.83594e-08	8.73464e-08	5.88947e-08	8.45011e-08
6.87608e-09	2.67029e-15	1.01495e-23	5.55869e-08	7.43728e-08	4.5238e-08	7.08444e-08
1.06166e-08	4.86374e-15	3.03129e-23	7.59587e-08	9.26449e-08	6.48696e-08	9.13295e-08
1.26586e-08	3.71933e-15	2.21788e-23	5.85937e-08	8.34375e-08	5.88947e-08	8.1087e-08
1.32397e-08	3.24249e-15	2.21149e-23	6.55098e-08	7.43728e-08	5.03593e-08	7.3405e-08
1.3867e-08	6.10352e-15	4.60305e-23	8.73464e-08	1.05631e-07	7.85263e-08	1.01572e-07
1.22087e-08	6.67572e-15	5.05587e-23	8.78906e-08	1.01956e-07	8.27941e-08	9.90114e-08
1.0457e-08	3.33786e-15	1.74734e-23	5.85937e-08	7.8733e-08	5.54805e-08	7.76728e-08
1.20928e-08	4.76837e-15	2.847e-23	7.8125e-08	8.73464e-08	7.3405e-08	8.45011e-08
9.82465e-09	1.81198e-15	1.13627e-23	3.90625e-08	6.25305e-08	3.84096e-08	6.14554e-08
1.23107e-08	4.00543e-15	2.60299e-23	6.83594e-08	8.34375e-08	6.57231e-08	7.85263e-08
1.01795e-08	4.00543e-15	2.24043e-23	6.83594e-08	8.73464e-08	6.14554e-08	8.02334e-08
1.06766e-08	4.3869e-15	2.43384e-23	6.83594e-08	9.00346e-08	6.14554e-08	8.70618e-08
1.17501e-08	4.673e-15	2.83587e-23	7.8125e-08	9.21287e-08	6.31625e-08	8.70618e-08
8.42501e-09	1.23978e-15	5.58727e-24	3.90625e-08	4.88281e-08	3.15812e-08	4.5238e-08
1.1988e-08	4.19617e-15	2.67896e-23	6.83594e-08	8.40071e-08	6.74302e-08	8.1087e-08
1.15492e-08	2.38419e-15	1.52213e-23	3.90625e-08	8.05294e-08	3.84096e-08	7.42586e-08
1.18183e-08	4.19617e-15	2.57865e-23	6.83594e-08	9.00346e-08	6.14554e-08	8.79153e-08
1.28138e-08	4.19617e-15	2.53251e-23	6.83594e-08	8.34375e-08	6.4016e-08	8.1087e-08
1.29719e-08	4.1008e-15	2.61449e-23	5.85937e-08	9.26449e-08	5.80412e-08	8.87689e-08
1.17671e-08	3.8147e-15	2.20506e-23	6.83594e-08	7.8733e-08	6.31625e-08	7.59657e-08
1.16245e-08	3.05176e-15	1.68566e-23	5.85937e-08	7.8733e-08	5.03593e-08	7.59657e-08
9.19616e-09	4.48227e-15	2.45319e-23	6.83594e-08	8.73464e-08	6.74302e-08	8.45011e-08
9.33205e-09	5.24521e-15	2.99275e-23	7.8125e-08	9.21287e-08	7.3405e-08	8.79153e-08
1.21132e-08	3.62396e-15	2.30293e-23	5.85937e-08	7.8733e-08	5.88947e-08	7.76728e-08
1.16544e-08	4.29153e-15	2.49043e-23	6.83594e-08	8.40071e-08	6.74302e-08	8.02334e-08
1.21874e-08	4.19617e-15	2.66947e-23	6.83594e-08	8.40071e-08	6.82838e-08	7.93799e-08
1.29943e-08	3.91006e-15	2.13459e-23	6.83594e-08	8.05294e-08	6.14554e-08	7.85263e-08
1.01724e-08	4.48227e-15	2.59509e-23	7.59587e-08	8.73464e-08	6.74302e-08	8.53547e-08
1.24317e-08	4.3869e-15	2.69218e-23	6.83594e-08	9.00346e-08	6.4016e-08	8.1087e-08
9.99477e-09	6.86646e-15	4.31045e-23	7.8125e-08	1.17998e-07	7.85263e-08	1.11815e-07
1.32145e-08	4.19617e-15	2.65982e-23	6.83594e-08	8.40071e-08	6.82838e-08	8.02334e-08
1.21006e-08	3.43323e-15	2.12226e-23	5.85937e-08	7.8733e-08	5.88947e-08	7.59657e-08
9.19368e-09	3.43323e-15	1.85014e-23	6.83594e-08	7.6272e-08	5.63341e-08	7.16979e-08
1.19391e-08	3.8147e-15	2.1962e-23	5.85937e-08	8.34375e-08	5.88947e-08	8.1087e-08
1.02918e-08	5.62668e-15	3.48038e-23	8.33804e-08	1.0381e-07	7.08444e-08	9.81579e-08
1.19526e-08	2.57492e-15	1.15537e-23	5.52427e-08	7.43728e-08	4.5238e-08	7.08444e-08
1.15614e-08	4.76837e-15	3.01474e-23	7.8125e-08	9.26449e-08	6.74302e-08	9.0476e-08
1.09938e-08	3.52859e-15	2.18255e-23	5.85937e-08	7.8733e-08	5.80412e-08	7.76728e-08
1.17277e-08	5.24521e-15	3.65222e-23	7.59587e-08	1.00543e-07	6.74302e-08	9.47437e-08
9.91757e-09	6.00815e-15	3.32682e-23	8.78906e-08	9.76562e-08	7.85263e-08	9.64508e-08
1.17708e-08	5.14984e-15	3.19199e-23	6.83594e-08	1.00543e-07	6.82838e-08	9.81579e-08
1.15394e-08	4.76837e-15	2.87631e-23	7.8125e-08	9.00346e-08	6.99908e-08	8.62082e-08
6.13389e-09	2.57492e-15	1.00539e-23	4.88281e-08	7.04209e-08	4.95057e-08	6.91373e-08
1.07327e-08	2.57492e-15	1.51881e-23	4.88281e-08	7.10948e-08	4.95057e-08	6.91373e-08
9.04386e-09	2.09808e-15	1.04505e-23	4.88281e-08	6.25305e-08	4.18238e-08	5.71876e-08
1.0042e-08	4.1008e-15	2.59863e-23	6.83594e-08	8.40071e-08	5.88947e-08	8.27941e-08
9.8813e-09	3.33786e-15	1.88528e-23	5.85937e-08	7.6272e-08	5.88947e-08	7.3405e-08
1.05328e-08	3.62396e-15	1.82112e-23	5.85937e-08	8.34375e-08	5.80412e-08	8.1087e-08
1.03865e-08	3.62396e-15	1.78025e-23	6.83594e-08	8.28641e-08	5.88947e-08	7.42586e-08
1.05066e-08	2.38419e-15	6.18819e-24	4.83374e-08	8.28641e-08	4.18238e-08	7.25515e-08
1.10606e-08	5.81741e-15	3.86066e-23	8.64685e-08	1.05179e-07	7.08444e-08	1.01572e-07
8.87527e-09	3.91006e-15	2.06671e-23	6.83594e-08	8.34375e-08	5.88947e-08	8.1087e-08
1.02513e-08	4.3869e-15	1.88641e-23	6.83594e-08	1.01956e-07	5.88947e-08	9.81579e-08
1.04982e-08	2.57492e-15	6.63106e-24	4.83374e-08	9.00346e-08	3.75561e-08	8.02334e-08
1.03201e-08	3.52859e-15	1.80598e-23	6.83594e-08	7.8733e-08	6.06018e-08	7.42586e-08
1.23099e-08	4.95911e-15	2.69745e-23	6.83594e-08	9.61803e-08	6.82838e-08	9.13295e-08
1.25187e-08	4.29153e-15	2.5546e-23	6.83594e-08	8.73464e-08	6.31625e-08	8.45011e-08
1.21411e-08	4.19617e-15	2.60128e-23	5.85937e-08	9.26449e-08	5.88947e-08	8.79153e-08
8.82405e-09	3.52859e-15	1.77495e-23	4.88281e-08	8.73464e-08	4.86522e-08	8.27941e-08
1.67439e-08	2.19345e-15	4.72638e-24	4.83374e-08	7.6272e-08	3.41419e-08	7.3405e-08
1.20188e-08	3.71933e-15	2.27964e-23	6.83594e-08	7.8733e-08	6.06018e-08	7.42586e-08
1.34996e-08	2.67029e-15	1.68397e-23	4.88281e-08	7.43728e-08	4.86522e-08	6.91373e-08
1.62539e-08	2.57492e-15	3.85031e-24	4.83374e-08	8.40071e-08	3.84096e-08	8.02334e-08
1.07013e-08	3.8147e-15	2.19282e-23	6.83594e-08	7.8733e-08	6.06018e-08	7.59657e-08
1.26732e-08	4.3869e-15	2.81425e-23	5.85937e-08	9.61803e-08	5.88947e-08	9.47437e-08
7.43882e-09	3.8147e-15	1.64408e-23	6.83594e-08	8.34375e-08	5.63341e-08	8.1087e-08
1.10709e-08	6.48499e-15	4.14997e-23	8.78906e-08	1.00543e-07	8.62082e-08	9.81579e-08
1.42799e-08	5.43594e-15	3.7584e-23	7.8125e-08	1.00543e-07	6.74302e-08	9.55973e-08
1.40634e-08	6.19888e-15	4.45584e-23	6.83594e-08	1.14304e-07	6.82838e-08	1.11815e-07
1.07504e-08	3.24249e-15	2.09145e-23	5.85937e-08	7.8733e-08	5.29199e-08	7.42586e-08
1.27593e-08	4.57764e-15	2.87641e-23	6.83594e-08	9.26449e-08	6.82838e-08	9.13295e-08
1.02381e-08	3.52859e-15	2.09607e-23	5.85937e-08	8.40071e-08	5.88947e-08	7.85263e-08
1.17308e-08	3.62396e-15	1.83351e-23	5.85937e-08	8.34375e-08	5.80412e-08	8.1087e-08
1.15644e-08	3.71933e-15	2.06081e-23	5.85937e-08	8.73464e-08	5.80412e-08	8.1087e-08
9.93054e-09	3.24249e-15	1.58959e-23	5.85937e-08	7.8733e-08	5.29199e-08	7.3405e-08
7.67542e-09	2.95639e-15	1.32577e-23	4.88281e-08	7.43728e-08	4.86522e-08	7.42586e-08
1.22154e-08	3.14713e-15	1.75843e-23	5.85937e-08	7.6272e-08	5.29199e-08	7.08444e-08
1.12608e-08	3.43323e-15	1.79735e-23	5.85937e-08	7.8733e-08	5.88947e-08	7.59657e-08
1.16857e-08	4.673e-15	2.96257e-23	6.83594e-08	9.00346e-08	6.82838e-08	8.62082e-08
1.05605e-08	4.57764e-15	2.6724e-23	5.85937e-08	9.61803e-08	5.88947e-08	9.55973e-08
1.36312e-08	3.52859e-15	2.05763e-23	5.85937e-08	7.8733e-08	5.88947e-08	7.42586e-08
1.06893e-08	3.43323e-15	1.98774e-23	4.88281e-08	8.34375e-08	4.86522e-08	8.1087e-08
1.18496e-08	2.95639e-15	1.86696e-23	5.85937e-08	7.10948e-08	5.29199e-08	7.08444e-08
6.93815e-09	2.67029e-15	9.90796e-24	4.88281e-08	7.10948e-08	4.86522e-08	6.91373e-08
1.07025e-08	3.33786e-15	1.72828e-23	5.85937e-08	7.8733e-08	5.88947e-08	7.42586e-08
1.30209e-08	3.43323e-15	2.00874e-23	5.85937e-08	7.8733e-08	5.88947e-08	7.76728e-08
1.20557e-08	4.00543e-15	2.90385e-23	6.83594e-08	8.40071e-08	6.06018e-08	7.85263e-08
1.99265e-08	6.29425e-15	4.25885e-23	8.78906e-08	1.05179e-07	8.02334e-08	1.01572e-07
1.08811e-08	3.24249e-15	1.96759e-23	5.85937e-08	7.43728e-08	5.88947e-08	7.08444e-08
1.21814e-08	3.91006e-15	2.48071e-23	5.85937e-08	8.40071e-08	5.88947e-08	8.02334e-08
1.02242e-08	3.91006e-15	2.28824e-23	6.83594e-08	8.40071e-08	6.06018e-08	7.93799e-08
1.10723e-08	4.19617e-15	2.34318e-23	6.83594e-08	8.73464e-08	6.4016e-08	8.45011e-08
1.4743e-08	6.96182e-15	5.81476e-23	8.78906e-08	1.11345e-07	7.85263e-08	1.084e-07
1.14138e-08	4.00543e-15	2.60666e-23	6.83594e-08	8.40071e-08	6.82838e-08	7.93799e-08
1.04881e-08	4.48227e-15	2.86343e-23	7.8125e-08	8.73464e-08	6.4016e-08	8.45011e-08
1.10807e-08	4.673e-15	2.75604e-23	6.83594e-08	9.00346e-08	6.82838e-08	8.62082e-08
4.7496e-09	9.53674e-16	1.56488e-24	2.92969e-08	4.36732e-08	2.98741e-08	4.09703e-08
9.01037e-09	5.72205e-15	3.25665e-23	6.83594e-08	1.11345e-07	5.88947e-08	1.084e-07
1.0315e-08	3.24249e-15	1.80852e-23	5.85937e-08	7.43728e-08	5.88947e-08	7.08444e-08
1.15994e-08	5.24521e-15	3.15695e-23	7.8125e-08	9.66748e-08	7.42586e-08	8.96224e-08
1.38687e-08	3.14713e-15	1.59836e-23	5.85937e-08	7.43728e-08	5.63341e-08	7.08444e-08
1.31969e-08	4.1008e-15	2.48923e-23	7.42444e-08	8.40071e-08	6.06018e-08	7.85263e-08
1.1382e-08	3.33786e-15	1.93356e-23	6.83594e-08	7.43728e-08	5.71876e-08	7.25515e-08
4.44976e-09	5.72205e-16	7.521e-25	1.95312e-08	3.52105e-08	1.96316e-08	3.32883e-08
1.28559e-08	3.91006e-15	2.41672e-23	5.85937e-08	8.73464e-08	5.80412e-08	8.45011e-08
1.26524e-08	4.673e-15	2.87543e-23	6.83594e-08	9.26449e-08	6.82838e-08	9.0476e-08
1.14213e-08	3.24249e-15	1.95253e-23	5.85937e-08	7.8733e-08	5.29199e-08	7.42586e-08
1.16307e-08	4.57764e-15	2.74915e-23	6.83594e-08	8.73464e-08	6.82838e-08	8.45011e-08
1.05407e-08	2.00272e-15	1.19274e-23	4.88281e-08	6.17632e-08	4.09703e-08	5.97483e-08
1.03872e-08	3.52859e-15	2.28094e-23	5.85937e-08	8.05294e-08	5.71876e-08	7.85263e-08
1.18794e-08	4.48227e-15	2.50198e-23	6.83594e-08	9.21287e-08	5.97483e-08	8.79153e-08
1.07416e-08	4.86374e-15	3.04703e-23	7.8125e-08	9.00346e-08	6.82838e-08	8.62082e-08
1.17065e-08	4.00543e-15	2.46933e-23	5.85937e-08	8.40071e-08	5.88947e-08	8.27941e-08
1.0554e-08	4.29153e-15	2.58934e-23	7.42444e-08	8.40071e-08	6.06018e-08	8.1087e-08
1.21536e-08	5.34058e-15	3.32736e-23	6.83594e-08	1.00543e-07	6.82838e-08	9.64508e-08
6.82824e-09	3.91006e-15	1.57395e-23	5.85937e-08	8.73464e-08	5.80412e-08	8.45011e-08
1.13656e-08	4.76837e-15	3.07177e-23	7.8125e-08	8.73464e-08	6.91373e-08	8.36476e-08
1.35437e-08	4.86374e-15	3.29356e-23	6.83594e-08	9.26449e-08	6.91373e-08	9.13295e-08
1.28334e-08	5.24521e-15	3.44665e-23	7.8125e-08	9.26449e-08	7.42586e-08	8.96224e-08
1.27304e-08	6.58035e-15	4.87683e-23	8.78906e-08	1.11345e-07	8.02334e-08	1.07547e-07
1.17917e-08	2.76566e-15	1.53491e-23	5.85937e-08	7.04209e-08	5.4627e-08	6.74302e-08
1.04154e-08	4.57764e-15	2.48214e-23	7.7204e-08	9.00346e-08	6.74302e-08	8.45011e-08
1.10878e-08	5.14984e-15	3.43129e-23	7.8125e-08	9.61803e-08	6.82838e-08	9.0476e-08
1.18536e-08	3.24249e-15	1.68083e-23	5.85937e-08	7.6272e-08	5.88947e-08	7.16979e-08
1.20347e-08	3.62396e-15	2.33269e-23	5.85937e-08	7.8733e-08	5.88947e-08	7.76728e-08
9.43873e-09	2.47955e-15	9.06561e-24	5.52427e-08	7.6272e-08	4.43844e-08	6.91373e-08
1.22615e-08	2.57492e-15	6.8836e-24	4.83374e-08	8.40071e-08	3.75561e-08	7.42586e-08
1.11318e-08	4.76837e-15	3.22873e-23	6.83594e-08	9.21287e-08	6.82838e-08	9.0476e-08
9.77255e-09	3.14713e-15	1.63608e-23	5.85937e-08	7.6272e-08	5.4627e-08	7.3405e-08
8.85278e-09	3.33786e-15	1.2533e-23	6.21481e-08	8.40071e-08	4.86522e-08	7.85263e-08
1.05086e-08	4.19617e-15	2.32299e-23	6.83594e-08	8.73464e-08	6.31625e-08	8.1087e-08
1.25064e-08	2.95639e-15	8.67567e-24	5.52427e-08	8.73464e-08	4.35309e-08	8.45011e-08
1.24503e-08	3.05176e-15	1.81684e-23	5.85937e-08	7.6272e-08	5.63341e-08	7.08444e-08
7.11473e-09	2.09808e-15	8.0533e-24	4.88281e-08	6.25305e-08	4.26773e-08	5.97483e-08
1.00876e-08	4.48227e-15	2.74601e-23	7.8125e-08	8.40071e-08	6.91373e-08	8.02334e-08
9.82445e-09	4.29153e-15	2.40185e-23	6.83594e-08	8.40071e-08	6.82838e-08	8.02334e-08
9.62262e-09	2.47955e-15	1.41329e-23	4.88281e-08	6.55098e-08	4.86522e-08	6.4016e-08
1.10053e-08	4.00543e-15	2.43137e-23	6.83594e-08	8.40071e-08	6.82838e-08	7.93799e-08
1.00995e-08	4.3869e-15	2.70987e-23	6.83594e-08	8.40071e-08	6.74302e-08	8.1087e-08
2.78741e-08	7.43866e-15	8.46979e-23	9.76562e-08	1.11345e-07	8.62082e-08	1.07547e-07
9.82802e-09	2.67029e-15	1.48734e-23	4.88281e-08	7.10948e-08	4.86522e-08	6.91373e-08
1.32065e-08	3.62396e-15	1.98153e-23	5.85937e-08	8.40071e-08	5.88947e-08	7.85263e-08
1.02077e-08	3.91006e-15	2.35108e-23	6.83594e-08	8.34375e-08	6.31625e-08	8.1087e-08
1.0065e-08	3.8147e-15	2.24978e-23	6.83594e-08	7.8733e-08	6.14554e-08	7.42586e-08
1.21835e-08	4.00543e-15	2.25567e-23	6.83594e-08	8.73464e-08	5.63341e-08	8.36476e-08
1.10558e-08	3.43323e-15	2.16724e-23	5.85937e-08	7.8733e-08	5.88947e-08	7.85263e-08
1.0794e-08	4.57764e-15	3.29018e-23	6.83594e-08	8.73464e-08	6.82838e-08	8.45011e-08
1.22582e-08	5.14984e-15	2.98587e-23	6.83594e-08	9.95902e-08	6.74302e-08	9.73043e-08
1.15178e-08	2.67029e-15	1.61153e-23	5.85937e-08	6.55098e-08	5.29199e-08	6.31625e-08
1.13212e-08	3.43323e-15	1.9663e-23	6.83594e-08	7.6272e-08	6.06018e-08	7.42586e-08
1.27964e-08	3.33786e-15	1.94016e-23	5.85937e-08	7.8733e-08	5.03593e-08	7.76728e-08
1.04223e-08	2.67029e-15	1.3214e-23	5.85937e-08	7.04209e-08	4.86522e-08	6.65767e-08
1.25141e-08	4.76837e-15	2.92994e-23	6.83594e-08	9.21287e-08	6.82838e-08	9.0476e-08
1.45108e-08	4.00543e-15	2.29755e-23	6.83594e-08	8.73464e-08	5.63341e-08	8.45011e-08
3.4951e-09	2.86102e-16	1.23664e-25	9.76562e-09	3.08816e-08	9.38902e-09	2.98741e-08
1.13607e-08	3.05176e-15	1.51668e-23	5.85937e-08	7.04209e-08	5.54805e-08	6.74302e-08
9.05974e-09	4.1008e-15	2.14912e-23	6.83594e-08	8.34375e-08	6.31625e-08	8.1087e-08
1.14708e-08	3.52859e-15	2.02415e-23	5.85937e-08	7.8733e-08	5.88947e-08	7.68192e-08
9.32724e-09	4.3869e-15	2.33777e-23	6.83594e-08	8.73464e-08	6.74302e-08	8.45011e-08
1.15177e-08	3.8147e-15	2.21655e-23	6.83594e-08	8.40071e-08	5.88947e-08	8.27941e-08
9.32571e-09	2.47955e-15	1.34099e-23	4.88281e-08	6.55098e-08	4.86522e-08	6.4016e-08
1.03861e-08	2.67029e-15	1.02058e-23	4.88281e-08	7.43728e-08	4.86522e-08	7.08444e-08
1.15499e-08	4.29153e-15	2.76473e-23	6.83594e-08	8.73464e-08	5.88947e-08	8.45011e-08
9.34556e-09	5.05447e-15	2.7878e-23	7.8125e-08	9.21287e-08	6.82838e-08	9.0476e-08
1.33006e-08	5.43594e-15	3.45366e-23	7.8125e-08	9.61803e-08	7.85263e-08	9.38902e-08
1.0164e-08	4.95911e-15	2.83939e-23	7.8125e-08	9.21287e-08	7.3405e-08	8.87689e-08
1.00911e-08	4.3869e-15	2.58139e-23	6.83594e-08	8.73464e-08	6.4016e-08	8.36476e-08
9.42391e-09	4.57764e-15	2.85433e-23	6.83594e-08	9.00346e-08	6.82838e-08	8.62082e-08
2.62119e-08	5.24521e-15	3.38555e-23	8.28641e-08	1.09183e-07	6.91373e-08	1.01572e-07
1.06924e-08	2.95639e-15	1.83154e-23	4.88281e-08	7.43728e-08	4.86522e-08	7.42586e-08
8.47223e-09	3.71933e-15	1.98785e-23	5.85937e-08	8.40071e-08	5.88947e-08	7.85263e-08
1.31911e-08	3.52859e-15	2.17141e-23	6.83594e-08	7.8733e-08	5.88947e-08	7.42586e-08
5.95427e-09	3.05176e-15	1.02522e-23	5.85937e-08	7.43728e-08	5.29199e-08	7.08444e-08
8.72258e-09	2.86102e-16	1.46602e-24	9.76562e-09	3.08816e-08	9.38902e-09	2.98741e-08
1.28976e-08	4.29153e-15	2.48848e-23	6.83594e-08	8.40071e-08	6.74302e-08	8.27941e-08
1.17434e-08	1.81198e-15	4.40687e-24	4.1432e-08	7.6272e-08	3.07277e-08	6.82838e-08
1.24593e-08	5.72205e-15	3.92238e-23	7.8125e-08	9.76562e-08	7.76728e-08	9.30366e-08
1.01041e-08	3.33786e-15	1.92826e-23	5.85937e-08	7.8733e-08	5.4627e-08	7.25515e-08
8.27445e-09	2.47955e-15	1.18903e-23	4.88281e-08	7.10948e-08	4.5238e-08	6.91373e-08
1.06982e-08	3.71933e-15	2.33022e-23	6.83594e-08	7.8733e-08	6.14554e-08	7.3405e-08
8.11568e-09	3.91006e-15	2.0287e-23	5.85937e-08	8.40071e-08	5.88947e-08	8.02334e-08
1.13993e-08	1.81198e-15	4.29265e-24	4.1432e-08	7.6272e-08	3.07277e-08	6.82838e-08
2.60906e-08	3.91006e-15	1.90503e-23	6.21481e-08	9.76562e-08	5.12128e-08	9.0476e-08
1.13144e-08	4.00543e-15	2.25231e-23	6.83594e-08	8.40071e-08	5.88947e-08	8.27941e-08
1.24666e-08	4.29153e-15	2.68115e-23	6.83594e-08	8.40071e-08	6.91373e-08	7.93799e-08
1.1771e-08	3.91006e-15	2.45474e-23	6.83594e-08	8.34375e-08	6.31625e-08	8.1087e-08
9.33902e-09	4.57764e-15	2.89157e-23	6.83594e-08	8.73464e-08	6.82838e-08	8.45011e-08
9.74499e-09	3.62396e-15	2.10421e-23	6.83594e-08	7.8733e-08	6.23089e-08	7.42586e-08
1.08097e-08	4.00543e-15	2.6246e-23	6.83594e-08	8.40071e-08	6.4016e-08	8.02334e-08
1.11956e-08	4.19617e-15	2.56899e-23	5.85937e-08	9.26449e-08	5.88947e-08	8.87689e-08
1.38471e-08	3.71933e-15	2.59344e-23	5.85937e-08	8.34375e-08	5.63341e-08	8.1087e-08
1.13709e-08	2.76566e-15	1.4205e-23	5.85937e-08	7.43728e-08	5.03593e-08	7.42586e-08
1.14254e-08	4.1008e-15	2.59342e-23	6.83594e-08	8.40071e-08	6.82838e-08	8.02334e-08
1.05649e-08	3.62396e-15	2.16891e-23	5.85937e-08	7.8733e-08	5.88947e-08	7.76728e-08
1.19997e-08	4.86374e-15	3.00253e-23	6.83594e-08	9.26449e-08	6.91373e-08	9.13295e-08
1.07281e-08	3.62396e-15	1.94719e-23	6.83594e-08	7.8733e-08	5.80412e-08	7.59657e-08
1.25946e-08	5.43594e-15	3.49511e-23	7.8125e-08	9.26449e-08	7.59657e-08	9.0476e-08
8.50033e-09	3.24249e-15	1.4715e-23	5.85937e-08	8.40071e-08	4.69451e-08	8.27941e-08
9.99222e-09	5.72205e-15	3.43277e-23	8.78906e-08	9.66748e-08	7.85263e-08	9.64508e-08
8.30862e-09	1.52588e-15	6.85707e-24	2.92969e-08	6.17632e-08	2.90206e-08	5.88947e-08
1.05355e-08	4.57764e-15	2.74378e-23	6.83594e-08	8.73464e-08	6.91373e-08	8.1087e-08
1.08297e-08	3.33786e-15	1.91536e-23	6.21481e-08	7.8733e-08	5.4627e-08	7.3405e-08
1.07327e-08	3.62396e-15	2.16331e-23	6.83594e-08	7.8733e-08	6.14554e-08	7.42586e-08
1.30882e-08	5.14984e-15	3.13669e-23	6.83594e-08	1.00543e-07	6.74302e-08	9.55973e-08
1.05386e-08	3.43323e-15	2.19586e-23	5.85937e-08	8.28641e-08	5.80412e-08	8.27941e-08
1.22797e-08	4.57764e-15	2.81206e-23	6.83594e-08	9.21287e-08	6.4016e-08	8.96224e-08
1.28148e-08	4.76837e-15	3.04628e-23	6.83594e-08	9.61803e-08	6.14554e-08	9.47437e-08
1.13801e-08	3.62396e-15	2.14201e-23	5.85937e-08	7.8733e-08	5.88947e-08	7.76728e-08
9.95712e-09	1.81198e-15	1.07905e-23	3.90625e-08	6.17632e-08	3.92632e-08	6.06018e-08
9.79954e-09	1.71661e-15	5.16173e-24	4.1432e-08	7.04209e-08	3.41419e-08	6.65767e-08
1.16845e-08	3.62396e-15	2.11277e-23	5.85937e-08	7.8733e-08	5.88947e-08	7.76728e-08
1.07946e-08	3.62396e-15	1.96058e-23	5.85937e-08	8.40071e-08	5.88947e-08	7.93799e-08
1.19839e-08	3.91006e-15	2.41524e-23	6.83594e-08	8.40071e-08	5.88947e-08	7.93799e-08
1.10153e-08	1.81198e-15	3.52811e-24	4.1432e-08	7.6272e-08	3.07277e-08	6.82838e-08
1.15857e-08	3.14713e-15	1.79956e-23	5.85937e-08	7.43728e-08	5.63341e-08	7.08444e-08
1.77975e-08	4.86374e-15	3.51046e-23	7.8125e-08	8.73464e-08	7.3405e-08	8.45011e-08
1.28739e-08	2.86102e-15	1.43884e-23	5.85937e-08	7.43728e-08	5.03593e-08	7.08444e-08
9.98326e-09	4.1008e-15	2.36353e-23	6.83594e-08	8.40071e-08	6.14554e-08	8.02334e-08
2.55736e-08	5.72205e-15	5.13441e-23	7.8125e-08	9.61803e-08	7.76728e-08	9.47437e-08
1.30138e-08	3.91006e-15	2.27048e-23	5.85937e-08	8.40071e-08	5.80412e-08	8.27941e-08
1.36799e-08	3.91006e-15	2.50359e-23	5.85937e-08	8.40071e-08	5.88947e-08	8.02334e-08
1.0887e-08	5.05447e-15	3.21959e-23	6.83594e-08	9.26449e-08	6.91373e-08	9.0476e-08
7.12705e-09	2.38419e-15	1.18244e-23	3.90625e-08	8.05294e-08	3.84096e-08	7.85263e-08
1.11589e-08	3.91006e-15	2.4366e-23	5.85937e-08	8.73464e-08	5.63341e-08	8.45011e-08
6.9338e-09	3.43323e-15	1.52502e-23	5.85937e-08	7.8733e-08	5.88947e-08	7.59657e-08
1.05078e-08	3.33786e-15	1.67745e-23	5.85937e-08	8.05294e-08	5.54805e-08	7.85263e-08
1.25714e-08	3.8147e-15	2.21671e-23	6.83594e-08	7.8733e-08	6.14554e-08	7.42586e-08
1.30011e-08	4.19617e-15	2.61272e-23	6.83594e-08	8.73464e-08	6.14554e-08	8.1087e-08
1.11878e-08	1.90735e-15	9.98005e-24	4.80405e-08	6.55098e-08	3.92632e-08	6.31625e-08
1.18258e-08	2.76566e-15	1.64864e-23	4.88281e-08	7.6272e-08	4.86522e-08	7.42586e-08
1.08636e-08	3.8147e-15	1.98391e-23	6.83594e-08	8.05294e-08	6.14554e-08	7.93799e-08
1.16759e-08	5.14984e-15	3.10861e-23	7.8125e-08	9.61803e-08	7.08444e-08	9.0476e-08
1.20309e-08	5.05447e-15	3.11222e-23	7.8125e-08	9.26449e-08	7.16979e-08	8.87689e-08
1.16856e-08	4.95911e-15	3.03402e-23	6.83594e-08	9.61803e-08	6.57231e-08	9.13295e-08
1.86983e-08	3.8147e-15	2.3796e-23	6.83594e-08	8.34375e-08	5.29199e-08	8.1087e-08
1.04677e-08	3.43323e-15	2.04518e-23	5.85937e-08	7.8733e-08	5.88947e-08	7.59657e-08
1.1015e-08	4.00543e-15	2.3944e-23	6.83594e-08	8.40071e-08	6.14554e-08	8.02334e-08
1.16411e-08	5.24521e-15	3.1799e-23	7.8125e-08	9.21287e-08	7.59657e-08	8.96224e-08
1.20341e-08	4.3869e-15	2.42626e-23	6.83594e-08	8.73464e-08	6.57231e-08	8.45011e-08
1.33242e-08	4.86374e-15	3.29445e-23	6.83594e-08	9.21287e-08	6.82838e-08	9.0476e-08
1.1814e-08	4.1008e-15	2.34818e-23	6.83594e-08	8.40071e-08	6.82838e-08	8.02334e-08
1.16152e-08	3.8147e-15	2.30011e-23	6.83594e-08	7.8733e-08	6.31625e-08	7.59657e-08
1.12016e-08	5.05447e-15	3.07092e-23	7.8125e-08	9.21287e-08	7.42586e-08	8.62082e-08
1.2887e-08	3.91006e-15	2.41149e-23	5.85937e-08	8.73464e-08	5.88947e-08	8.45011e-08
1.39787e-08	5.14984e-15	2.99088e-23	7.8125e-08	9.26449e-08	6.74302e-08	8.87689e-08
1.15801e-08	5.24521e-15	3.29993e-23	7.8125e-08	9.21287e-08	7.3405e-08	8.79153e-08
1.25048e-08	3.91006e-15	2.47508e-23	5.85937e-08	9.00346e-08	5.80412e-08	8.87689e-08
9.18818e-09	4.00543e-15	2.24296e-23	6.83594e-08	8.40071e-08	6.82838e-08	7.93799e-08
1.17349e-08	5.72205e-15	3.94311e-23	6.83594e-08	1.05179e-07	6.82838e-08	1.00719e-07
1.15232e-08	3.8147e-15	2.20464e-23	6.83594e-08	7.8733e-08	6.06018e-08	7.59657e-08
1.16129e-08	4.29153e-15	2.67126e-23	6.83594e-08	8.73464e-08	6.74302e-08	8.1087e-08
9.1672e-09	3.52859e-15	2.03646e-23	5.85937e-08	8.28641e-08	5.88947e-08	7.93799e-08
1.03574e-08	3.8147e-15	2.09989e-23	6.83594e-08	8.40071e-08	5.88947e-08	7.93799e-08
1.29328e-08	3.8147e-15	2.31312e-23	5.85937e-08	8.34375e-08	5.88947e-08	7.85263e-08
1.03009e-08	5.05447e-15	3.21077e-23	7.8125e-08	9.21287e-08	7.42586e-08	8.70618e-08
1.09838e-08	4.29153e-15	2.61436e-23	6.83594e-08	8.73464e-08	6.74302e-08	8.27941e-08
1.03827e-08	2.57492e-15	1.44434e-23	4.88281e-08	7.10948e-08	4.95057e-08	6.91373e-08
1.21711e-08	2.95639e-15	1.89854e-23	4.88281e-08	7.43728e-08	4.86522e-08	7.42586e-08
1.16861e-08	4.00543e-15	2.53129e-23	6.83594e-08	8.40071e-08	6.14554e-08	7.93799e-08
1.00161e-08	3.8147e-15	2.2765e-23	6.83594e-08	8.34375e-08	5.71876e-08	8.02334e-08
1.01726e-08	3.62396e-15	2.25406e-23	5.85937e-08	8.73464e-08	4.95057e-08	8.45011e-08
1.1565e-08	4.95911e-15	3.14998e-23	6.83594e-08	9.26449e-08	6.74302e-08	9.0476e-08
1.20723e-08	2.19345e-15	1.11933e-23	4.88281e-08	7.43728e-08	4.43844e-08	6.74302e-08
1.19333e-08	3.91006e-15	2.36815e-23	6.83594e-08	8.34375e-08	5.88947e-08	8.02334e-08
1.09404e-08	3.14713e-15	1.69119e-23	6.55098e-08	7.8733e-08	5.29199e-08	7.76728e-08
1.04803e-08	3.33786e-15	2.02037e-23	6.83594e-08	7.43728e-08	5.4627e-08	7.08444e-08
7.87544e-09	4.29153e-15	2.08463e-23	6.83594e-08	8.73464e-08	6.4016e-08	8.45011e-08
9.71494e-09	2.95639e-15	1.75167e-23	5.85937e-08	7.04209e-08	5.54805e-08	6.82838e-08
1.15497e-08	3.8147e-15	2.26484e-23	6.83594e-08	7.8733e-08	6.14554e-08	7.42586e-08
1.13283e-08	4.19617e-15	2.23559e-23	6.83594e-08	8.73464e-08	6.14554e-08	8.1087e-08
1.14422e-08	3.24249e-15	1.55319e-23	5.85937e-08	8.34375e-08	5.29199e-08	8.02334e-08
9.48975e-09	5.91278e-15	3.37174e-23	7.8125e-08	1.00543e-07	7.85263e-08	9.73043e-08
1.08049e-08	4.48227e-15	3.11371e-23	6.83594e-08	8.73464e-08	6.82838e-08	8.1087e-08
1.04991e-08	3.24249e-15	1.87445e-23	5.85937e-08	7.43728e-08	5.88947e-08	7.08444e-08
1.01335e-08	3.71933e-15	2.08615e-23	6.83594e-08	7.8733e-08	6.14554e-08	7.42586e-08
1.01974e-08	2.57492e-15	1.30295e-23	4.88281e-08	7.04209e-08	4.86522e-08	6.4016e-08
1.32752e-08	4.19617e-15	2.65438e-23	6.83594e-08	9.26449e-08	5.88947e-08	8.87689e-08
1.05187e-08	4.57764e-15	2.76443e-23	7.8125e-08	9.00346e-08	6.82838e-08	8.62082e-08
1.11204e-08	4.1008e-15	2.48094e-23	6.83594e-08	8.40071e-08	6.4016e-08	8.02334e-08
1.04294e-08	3.91006e-15	2.21659e-23	6.83594e-08	8.40071e-08	6.14554e-08	8.02334e-08
1.18834e-08	2.67029e-15	1.52874e-23	5.85937e-08	7.04209e-08	4.69451e-08	6.82838e-08
8.81465e-09	3.05176e-15	1.60165e-23	5.85937e-08	7.43728e-08	5.63341e-08	7.08444e-08
1.29487e-08	4.00543e-15	2.59328e-23	6.83594e-08	8.40071e-08	6.82838e-08	7.93799e-08
9.58188e-09	2.38419e-15	1.17112e-23	4.88281e-08	6.55098e-08	4.95057e-08	6.31625e-08
1.03645e-08	1.62125e-15	8.64882e-24	3.90625e-08	5.69429e-08	3.92632e-08	5.29199e-08
1.10449e-08	3.14713e-15	1.92501e-23	5.85937e-08	7.43728e-08	5.63341e-08	7.08444e-08
1.06772e-08	3.24249e-15	1.7996e-23	5.85937e-08	7.43728e-08	5.88947e-08	7.08444e-08
1.10823e-08	4.1008e-15	2.28654e-23	6.83594e-08	8.40071e-08	6.82838e-08	7.93799e-08
1.1924e-08	4.19617e-15	2.68175e-23	5.85937e-08	8.73464e-08	5.88947e-08	8.45011e-08
1.11409e-08	4.29153e-15	2.54856e-23	7.59587e-08	8.40071e-08	6.74302e-08	8.1087e-08
1.38145e-08	5.53131e-15	4.01037e-23	7.8125e-08	9.61803e-08	7.85263e-08	9.47437e-08
1.1865e-08	4.57764e-15	2.7142e-23	6.83594e-08	9.26449e-08	6.82838e-08	9.0476e-08
1.1716e-08	4.3869e-15	2.96492e-23	6.83594e-08	8.40071e-08	6.91373e-08	8.02334e-08
7.91053e-09	1.90735e-15	8.94833e-24	4.88281e-08	6.25305e-08	3.92632e-08	5.97483e-08
8.67859e-09	1.62125e-15	8.14877e-24	3.90625e-08	5.69429e-08	3.75561e-08	5.4627e-08
1.05532e-08	4.1008e-15	2.50759e-23	6.83594e-08	8.40071e-08	6.06018e-08	8.27941e-08
1.08438e-08	2.47955e-15	1.24102e-23	4.88281e-08	7.04209e-08	4.86522e-08	6.57231e-08
1.09341e-08	5.05447e-15	2.72571e-23	6.83594e-08	9.61803e-08	6.82838e-08	9.0476e-08
9.71433e-09	2.57492e-15	1.3533e-23	4.88281e-08	7.10948e-08	4.86522e-08	6.91373e-08
1.02475e-08	3.91006e-15	2.19287e-23	6.83594e-08	8.28641e-08	6.74302e-08	7.59657e-08
1.35041e-08	5.34058e-15	3.56695e-23	7.8125e-08	9.21287e-08	7.76728e-08	8.96224e-08
1.06769e-08	3.8147e-15	1.9825e-23	6.83594e-08	8.05294e-08	6.31625e-08	7.93799e-08
1.37601e-08	3.91006e-15	2.56428e-23	6.83594e-08	8.40071e-08	6.06018e-08	7.93799e-08
9.55535e-09	4.19617e-15	2.45362e-23	6.83594e-08	8.40071e-08	6.4016e-08	8.1087e-08
1.10281e-08	3.33786e-15	1.7855e-23	5.85937e-08	7.8733e-08	5.63341e-08	7.85263e-08
1.14222e-08	3.14713e-15	1.7815e-23	6.21481e-08	7.43728e-08	5.4627e-08	7.08444e-08
1.21243e-08	4.19617e-15	2.62702e-23	6.83594e-08	8.40071e-08	6.82838e-08	7.93799e-08
1.06009e-08	3.91006e-15	2.19624e-23	5.85937e-08	8.40071e-08	5.80412e-08	8.27941e-08
1.25654e-08	2.76566e-15	1.6094e-23	5.85937e-08	7.04209e-08	5.4627e-08	6.74302e-08
1.20929e-08	4.76837e-15	2.8832e-23	7.8125e-08	8.73464e-08	7.3405e-08	8.45011e-08
1.51263e-08	5.53131e-15	4.35814e-23	8.73464e-08	9.61803e-08	7.42586e-08	9.13295e-08
6.77878e-09	5.72205e-16	1.66662e-24	1.95312e-08	4.02647e-08	1.96316e-08	3.84096e-08
1.13718e-08	4.48227e-15	2.61465e-23	7.8125e-08	8.40071e-08	6.31625e-08	8.27941e-08
1.36286e-08	3.05176e-15	1.74889e-23	5.85937e-08	7.04209e-08	5.54805e-08	6.74302e-08
1.04198e-08	3.8147e-15	2.28107e-23	6.83594e-08	8.40071e-08	5.88947e-08	7.93799e-08
1.13316e-08	4.48227e-15	2.85315e-23	6.83594e-08	8.73464e-08	6.82838e-08	8.1087e-08
1.14919e-08	3.8147e-15	2.15907e-23	5.85937e-08	8.40071e-08	5.80412e-08	8.1087e-08
1.02284e-08	4.29153e-15	2.92925e-23	6.83594e-08	8.40071e-08	6.4016e-08	8.02334e-08
7.63586e-09	3.33786e-15	1.40055e-23	6.83594e-08	7.6272e-08	5.71876e-08	7.08444e-08
1.0117e-08	3.91006e-15	2.24181e-23	6.83594e-08	7.8733e-08	6.82838e-08	7.42586e-08
9.73791e-09	4.29153e-15	2.26502e-23	6.83594e-08	8.40071e-08	6.82838e-08	8.02334e-08
1.04684e-08	4.76837e-15	2.94317e-23	5.85937e-08	9.61803e-08	5.88947e-08	9.47437e-08
1.12221e-08	3.71933e-15	2.33336e-23	6.83594e-08	8.28641e-08	6.31625e-08	7.59657e-08
1.173e-08	3.33786e-15	1.847e-23	5.85937e-08	7.6272e-08	5.88947e-08	7.3405e-08
1.2648e-08	3.14713e-15	1.74164e-23	5.85937e-08	7.6272e-08	5.03593e-08	7.3405e-08
1.04077e-08	2.86102e-15	1.68325e-23	5.85937e-08	7.04209e-08	5.54805e-08	6.82838e-08
5.78843e-09	5.24521e-15	2.06022e-23	7.8125e-08	9.21287e-08	7.59657e-08	8.96224e-08
1.24244e-08	4.76837e-15	3.89577e-23	6.83594e-08	9.21287e-08	6.82838e-08	8.62082e-08
7.86173e-09	3.05176e-15	1.38302e-23	5.85937e-08	7.8733e-08	4.43844e-08	7.3405e-08
1.16886e-08	2.95639e-15	1.51428e-23	5.85937e-08	7.43728e-08	5.12128e-08	7.42586e-08
1.93847e-08	3.62396e-15	2.96541e-23	5.85937e-08	8.73464e-08	5.29199e-08	8.36476e-08
1.13562e-08	3.43323e-15	2.39728e-23	5.85937e-08	7.8733e-08	5.88947e-08	7.42586e-08
9.74817e-09	1.43051e-15	9.56022e-24	2.92969e-08	6.17632e-08	2.90206e-08	5.88947e-08
9.2659e-09	1.81198e-15	1.03466e-23	2.92969e-08	7.10948e-08	2.90206e-08	6.91373e-08
1.04794e-08	1.81198e-15	1.18422e-23	2.92969e-08	7.10948e-08	2.90206e-08	6.91373e-08
1.01976e-08	9.53674e-16	4.41995e-24	1.95312e-08	5.25895e-08	1.96316e-08	5.03593e-08
1.03875e-08	7.62939e-16	3.9524e-24	1.95312e-08	4.97951e-08	1.96316e-08	4.86522e-08
8.24476e-09	3.8147e-16	1.6392e-24	1.95312e-08	3.08816e-08	1.96316e-08	2.98741e-08
