#Acq. time (s)=	15
#Accumulations=	1
#Range (cm-¹)=	10...600
#Windows=	1
#Auto scanning=	Off
#Autofocus=	Off
#SWIFT=	Off
#Macrospot=	Off
#AutoExposure=	Off
#Spike filter=	Off
#Delay time (s)=	0
#Binning=	1
#Readout mode=	Signal
#DeNoise=	Off
#ICS correction=	Off
#Dark correction=	Off
#Inst. Process=	Off
#Detector Gain=	Best Dynamic Range
#Detector ADC=	45 kHz       
#Detector temperature (°C)=	-60.1
#Instrument=	LabRAM Soleil
#Detector=	Syncerity
#Objective=	100x BD
#Grating=	1800 (500nm)
#ND Filter=	10% (6.0mW)
#Laser=	532nm_Edge
#Hole (µm)=	50 
#Laser mode=	Low frequency
#E-Cal_Neon=	0
#StageXY=	75x50mm Scan+
#StageZ=	Marzhauser
#X (µm)=	-12.55
#Y (µm)=	14.5
#Z (µm)=	-0.2
#Spectral res.(cm-¹)=	2.7
#Full time(mm:ss)=	1:21
#AC=	Calibrated 2026-06-13 10:52
#Project=	Raman_Soleil-MBE2-260612B-EW
#Sample=	
#Site=	
#Title=	_11_27_39_2026_06_13_1_15 s_532nm_Edge_1800 (500nm)_100x BD_50 µm_10% (6_0mW)_
#Remark=	
#Date=	13.06.2026 11:27
#Acquired=	13.06.2026 11:27:55
#AxisType[0]=Intens
#AxisUnit[0]=Cnt
#AxisType[1]=Spectr
#AxisUnit[1]=1/cm
#AxisType[2]=Points
#AxisUnit[2]=
	11.7768	13.0146	14.25	15.4853	16.7205	17.9554	19.1902	20.4249	21.6593	22.8937	24.1278	25.3596	26.5935	27.8271	29.0606	30.294	31.525	32.758	33.9909	35.2214	36.454	37.6863	38.9164	40.1485	41.3782	42.6099	43.8393	45.0707	46.2998	47.5288	48.7597	49.9883	51.2167	52.4472	53.6753	54.9033	56.1311	57.3587	58.5883	59.8157	61.0428	62.2698	63.4967	64.7233	65.9499	67.1762	68.4024	69.6263	70.8522	72.0779	73.3035	74.5289	75.752	76.977	78.2019	79.4267	80.6491	81.8736	83.0957	84.3198	85.5416	86.7654	87.9869	89.2104	90.4316	91.6547	92.8756	94.0963	95.319	96.5394	97.7596	98.9796	100.202	101.421	102.641	103.86	105.08	106.299	107.518	108.737	109.955	111.174	112.392	113.61	114.828	116.046	117.261	118.479	119.696	120.914	122.128	123.345	124.562	125.777	126.993	128.207	129.423	130.637	131.853	133.066	134.282	135.495	136.708	137.923	139.136	140.348	141.563	142.775	143.987	145.199	146.411	147.622	148.834	150.045	151.256	152.467	153.678	154.888	156.099	157.309	158.519	159.73	160.939	162.147	163.357	164.566	165.773	166.982	168.191	169.398	170.606	171.813	173.021	174.227	175.435	176.641	177.848	179.054	180.259	181.466	182.671	183.876	185.081	186.285	187.491	188.696	189.9	191.103	192.307	193.511	194.714	195.917	197.12	198.323	199.526	200.729	201.929	203.131	204.333	205.535	206.735	207.937	209.138	210.337	211.539	212.738	213.938	215.137	216.338	217.536	218.736	219.934	221.132	222.332	223.529	224.727	225.926	227.123	228.32	229.517	230.714	231.91	233.106	234.302	235.498	236.694	237.89	239.086	240.281	241.476	242.671	243.866	245.059	246.253	247.448	248.64	249.834	251.028	252.22	253.414	254.605	255.799	256.99	258.183	259.374	260.566	261.757	262.947	264.14	265.33	266.52	267.709	268.899	270.09	271.28	272.469	273.658	274.847	276.035	277.224	278.412	279.601	280.789	281.974	283.162	284.35	285.537	286.725	287.91	289.097	290.284	291.468	292.655	293.839	295.025	296.209	297.395	298.579	299.765	300.948	302.131	303.316	304.499	305.682	306.865	308.049	309.232	310.414	311.596	312.778	313.96	315.141	316.323	317.504	318.685	319.866	321.047	322.228	323.406	324.586	325.767	326.947	328.125	329.304	330.484	331.661	332.841	334.018	335.197	336.374	337.552	338.729	339.907	341.083	342.259	343.437	344.613	345.789	346.964	348.14	349.317	350.492	351.667	352.841	354.016	355.19	356.364	357.539	358.713	359.884	361.058	362.231	363.405	364.578	365.749	366.922	368.095	369.265	370.438	371.608	372.78	373.95	375.122	376.291	377.463	378.632	379.801	380.973	382.141	383.31	384.479	385.649	386.818	387.986	389.154	390.322	391.489	392.657	393.824	394.992	396.159	397.326	398.493	399.659	400.824	401.99	403.156	404.322	405.486	406.652	407.816	408.981	410.146	411.31	412.475	413.637	414.8	415.965	417.127	418.289	419.454	420.615	421.777	422.939	424.103	425.264	426.425	427.586	428.747	429.908	431.069	432.229	433.389	434.55	435.71	436.867	438.027	439.187	440.346	441.504	442.663	443.822	444.979	446.137	447.294	448.452	449.608	450.767	451.923	453.08	454.236	455.392	456.549	457.704	458.859	460.014	461.169	462.326	463.48	464.634	465.789	466.943	468.097	469.25	470.404	471.555	472.709	473.862	475.015	476.168	477.319	478.471	479.624	480.774	481.926	483.076	484.228	485.378	486.529	487.679	488.83	489.979	491.128	492.279	493.427	494.576	495.726	496.875	498.023	499.171	500.319	501.466	502.614	503.761	504.908	506.055	507.202	508.349	509.496	510.64	511.787	512.933	514.079	515.223	516.369	517.512	518.658	519.803	520.946	522.089	523.234	524.377	525.522	526.664	527.807	528.951	530.093	531.235	532.376	533.518	534.662	535.803	536.944	538.085	539.226	540.367	541.507	542.646	543.786	544.926	546.066	547.206	548.344	549.484	550.623	551.76	552.9	554.039	555.176	556.314	557.451	558.587	559.726	560.862	562	563.136	564.271	565.407	566.545	567.68	568.815	569.95	571.085	572.22	573.354	574.489	575.623	576.757	577.891	579.025	580.157	581.291	582.424	583.557	584.689	585.822	586.955	588.085	589.218	590.348	591.481	592.611	593.743	594.873	596.003	597.134	598.264	599.393
1	150	140	126	96	98	88	98	134	212	354	564	686	914	1040	1132	1152	1130	918	682	516	502	472	498	500	502	542	580	612	618	632	622	646	692	698	720	726	788	828	918	950	1030	1104	1154	1238	1404	1476	1668	1734	1556	1332	1152	992	856	794	790	774	758	746	754	768	792	796	804	868	848	858	920	896	908	878	904	878	892	878	834	848	836	806	796	788	778	766	762	744	686	698	684	686	676	646	628	606	582	586	552	512	496	492	492	448	428	424	412	372	362	382	338	356	346	344	334	316	334	332	344	390	404	438	418	424	410	366	376	318	340	352	320	316	298	312	322	308	304	290	336	300	322	326	340	378	402	390	400	396	404	374	358	346	324	314	276	270	260	266	260	238	258	234	232	228	220	230	220	218	238	214	208	210	208	222	220	220	200	204	214	216	212	212	208	200	202	214	220	204	186	204	196	198	206	192	196	184	196	190	180	202	196	190	186	190	184	194	174	186	190	182	180	172	170	178	170	178	170	162	142	156	158	154	166	150	152	144	156	152	140	160	152	136	146	152	144	148	148	130	142	152	146	128	136	146	144	140	144	136	140	140	128	148	108	122	146	140	132	132	148	120	136	142	132	138	144	126	136	124	122	120	110	116	132	130	126	128	130	138	124	130	122	130	116	122	128	112	130	112	124	116	114	122	112	124	122	130	112	122	112	128	112	122	122	106	124	128	116	126	132	140	156	154	132	114	124	136	116	112	106	116	122	102	112	116	106	120	98	108	108	102	106	116	96	106	112	108	112	114	128	126	144	168	266	452	488	308	202	150	122	120	116	118	110	118	108	92	112	112	106	102	104	106	112	94	116	94	104	98	102	112	102	104	112	108	102	110	100	108	94	90	94	98	108	96	102	96	94	98	104	102	88	102	110	96	114	100	102	96	104	94	102	102	98	106	106	98	96	108	112	90	104	96	100	106	88	92	102	104	90	96	92	94	92	96	98	94	102	80	88	102	92	90	94	98	86	94	100	94	90	90	98	90	98	92	90	92	106	86	90	94	94	102	108	92	100	82	92	98	110	84	84	106	92	90	90	86	98	94	86	88	90	96	86	102	104	80	98	104	98	100	90	106	98	92	100	96	88	100	96	106	96	92	100	98	90	84	86	98	98	90	102	98
2	196	196	148	118	112	130	108	154	226	418	604	850	1102	1246	1282	1354	1468	1174	864	674	622	598	608	612	610	670	700	778	752	760	794	818	782	834	906	952	1004	1070	1132	1232	1282	1370	1392	1510	1656	1828	1996	2092	1916	1666	1416	1132	1022	970	904	888	866	878	854	914	970	954	978	1000	990	1030	1040	1062	1076	1146	1142	1082	1148	1068	1032	1046	1000	982	938	920	936	908	890	854	872	894	886	830	820	818	782	756	742	696	644	648	616	604	588	552	500	486	472	472	470	448	432	394	410	400	382	410	448	420	444	442	480	486	500	494	458	478	448	428	374	392	376	380	380	358	362	388	384	368	364	394	402	410	386	420	446	454	466	516	488	450	400	394	372	346	336	320	296	324	296	284	282	288	292	272	276	258	262	274	268	280	254	254	248	236	238	252	254	228	240	244	232	242	246	208	244	230	234	244	234	248	256	226	222	230	224	214	214	240	220	240	210	226	224	214	208	212	216	204	216	226	202	206	194	196	196	214	192	192	186	178	178	166	168	164	164	182	176	178	174	162	174	154	170	172	164	174	160	174	170	162	164	148	154	150	166	158	146	158	160	160	160	164	168	154	162	146	156	152	166	140	158	152	152	148	144	136	140	144	144	150	148	158	148	154	148	142	136	138	134	138	150	138	140	146	138	136	140	152	150	152	134	134	136	154	146	128	140	126	126	130	130	128	126	126	120	134	134	130	148	152	162	158	148	142	128	130	126	130	122	134	120	124	130	120	130	118	120	118	118	126	122	122	134	120	114	124	120	128	142	148	164	198	302	518	544	396	230	154	140	124	128	126	120	122	136	128	126	124	116	128	122	116	114	108	114	102	106	112	106	106	120	124	110	106	114	102	112	110	106	98	110	112	120	116	114	108	110	102	114	110	112	94	108	122	100	96	100	112	126	106	102	104	110	110	108	98	104	102	100	100	108	124	110	126	106	104	110	98	100	110	102	108	118	102	108	122	98	94	108	108	96	110	102	102	104	102	98	104	106	110	104	108	118	106	122	96	114	98	114	96	108	102	114	110	122	96	94	110	102	96	100	104	98	104	102	106	98	122	114	100	116	104	104	112	110	112	108	100	100	96	104	108	112	114	112	100	100	102	110	102	96	94	98	92	100	100	96	112	104	102	104	100
3	206	212	184	138	142	138	130	170	256	494	684	948	1116	1260	1320	1548	1550	1306	940	720	678	670	682	678	714	778	828	830	892	892	892	932	924	986	1038	1104	1172	1212	1272	1366	1528	1558	1658	1820	1978	2164	2340	2402	2160	1892	1540	1324	1148	1116	1066	1046	1024	1018	1012	1092	1076	1112	1192	1192	1130	1184	1256	1232	1302	1300	1258	1268	1222	1258	1168	1136	1116	1076	1080	1086	1068	1066	998	964	938	966	908	982	924	892	858	866	788	752	790	726	692	688	634	568	560	542	522	522	474	494	472	438	450	426	432	430	474	450	490	504	544	568	560	576	528	538	508	468	450	404	452	422	398	400	388	406	398	412	410	414	462	432	458	466	468	490	518	530	526	496	460	444	416	390	378	350	308	346	298	322	308	334	318	304	284	298	296	294	282	268	276	280	260	270	268	258	266	264	272	266	262	262	252	250	242	252	274	254	252	248	244	264	234	264	232	254	226	236	252	250	232	224	232	258	230	234	244	232	226	224	234	226	202	192	216	220	218	204	196	214	190	196	204	190	184	194	188	190	188	184	176	190	170	178	164	186	188	170	172	176	164	182	182	172	166	166	164	166	170	168	152	168	170	158	186	154	164	154	176	158	168	160	160	178	136	168	154	156	150	130	168	160	142	154	152	152	144	144	142	134	144	144	152	130	138	148	148	156	122	144	142	160	132	142	150	140	130	128	132	140	140	128	136	134	142	128	124	120	142	166	166	196	170	144	128	132	138	128	126	118	130	130	130	132	116	118	134	128	128	132	134	140	122	138	118	116	114	132	140	140	170	188	308	512	548	370	220	168	142	138	130	136	132	134	140	128	104	134	116	126	116	116	122	116	110	100	128	116	118	110	108	118	126	104	102	116	100	116	122	112	118	118	118	120	122	128	118	108	110	116	118	128	108	108	116	106	110	98	104	100	106	114	108	108	112	114	112	100	120	110	106	104	110	122	108	114	104	114	112	100	106	108	116	110	112	110	102	110	104	92	116	104	110	96	102	92	98	112	110	106	100	90	116	112	108	104	104	108	96	112	104	114	110	112	110	114	114	108	98	116	108	100	94	104	102	98	116	100	104	110	104	106	116	110	100	104	102	110	94	102	108	124	118	110	110	102	118	116	106	116	102	108	96	112	106	104	104	108	100	106	102	100
4	252	268	212	166	140	124	148	188	270	510	716	1008	1260	1310	1364	1622	1746	1462	1098	776	700	696	712	742	754	762	824	892	942	926	914	932	950	980	1046	1122	1196	1244	1324	1386	1448	1570	1676	1782	1960	2188	2368	2416	2342	2030	1596	1328	1168	1134	1030	1080	1056	1050	970	1060	1082	1082	1102	1106	1166	1150	1220	1258	1280	1274	1316	1302	1288	1270	1288	1160	1186	1188	1106	1112	1120	1058	1072	998	976	998	982	984	980	976	966	924	900	888	830	744	718	696	674	650	620	560	510	580	524	486	500	496	474	468	454	456	478	474	496	556	570	568	576	560	570	542	516	462	438	488	450	432	434	432	398	392	430	450	424	460	436	482	474	508	502	540	540	542	540	546	502	436	434	422	382	354	380	348	330	356	342	312	342	300	304	334	296	288	300	300	316	296	300	284	276	276	286	302	256	274	260	282	276	274	288	256	260	272	278	274	264	274	264	248	252	252	262	258	240	264	264	258	260	250	260	248	250	250	234	230	248	250	224	218	226	226	204	224	204	220	194	180	200	204	200	180	200	210	192	190	180	190	186	188	178	170	188	188	188	166	192	180	176	198	176	166	180	172	176	172	182	172	174	168	190	164	164	170	178	170	156	166	162	154	162	166	170	156	168	154	156	158	164	156	154	148	168	168	176	144	164	152	160	150	168	144	154	160	150	154	146	154	144	136	146	158	146	158	130	156	152	166	140	148	146	150	134	154	150	166	180	186	162	148	142	140	128	132	134	138	128	138	140	142	140	126	136	122	126	146	128	132	122	124	120	134	138	124	140	148	156	212	298	526	544	376	212	162	146	126	150	116	144	132	136	134	124	120	124	134	134	128	112	130	128	122	120	126	136	114	124	116	124	116	120	124	116	116	118	120	120	134	118	116	112	114	118	106	118	128	124	118	124	120	116	122	102	118	122	110	128	114	122	114	120	118	108	126	120	106	116	116	126	106	116	124	120	114	106	116	110	120	116	122	124	110	108	114	106	112	106	94	116	112	126	120	116	114	114	118	120	120	112	114	112	112	104	112	104	110	116	112	110	112	122	116	122	104	124	114	118	114	112	98	110	112	112	100	108	106	112	102	96	112	112	112	122	118	134	106	110	112	102	110	108	114	110	120	118	106	112	114	108	114	106	116	98	114	114	116	112	108
5	244	244	194	164	138	140	134	168	268	506	696	910	1190	1334	1436	1604	1680	1586	1136	834	720	688	710	730	730	792	834	898	872	912	922	902	946	1016	1038	1078	1174	1206	1312	1356	1472	1568	1638	1768	1952	2106	2318	2432	2310	2040	1710	1354	1200	1132	1074	1010	1028	1004	998	1042	1052	1082	1076	1110	1196	1138	1244	1216	1270	1276	1320	1302	1282	1300	1282	1306	1182	1192	1168	1152	1080	1110	1092	1050	1044	996	1036	1016	1004	1012	940	908	940	858	798	812	762	712	664	624	602	602	586	562	528	518	486	500	466	480	458	432	460	494	504	526	570	598	554	570	538	530	486	466	480	418	440	470	442	412	422	438	412	432	440	438	484	472	482	496	522	530	524	552	562	532	492	440	428	390	402	386	358	346	338	350	354	338	292	314	308	300	310	296	302	298	298	298	288	292	282	316	270	292	258	276	282	294	262	278	276	266	268	252	262	268	278	266	242	262	246	278	266	278	278	266	268	270	272	272	266	248	256	244	252	266	234	252	228	224	234	234	220	222	206	228	210	204	200	200	196	202	212	198	194	200	196	190	212	200	194	192	200	190	190	198	194	184	188	182	192	202	184	194	182	174	176	156	160	178	160	172	186	184	168	170	170	188	162	188	158	172	168	168	156	144	164	162	160	168	154	162	154	150	174	136	176	160	158	142	162	150	158	164	160	158	152	168	164	150	152	160	138	152	124	154	154	146	154	150	158	144	154	160	142	154	172	188	166	158	156	148	130	144	134	140	144	132	134	140	146	148	140	142	132	154	140	138	144	140	142	128	134	138	134	152	170	206	312	502	570	380	230	180	140	132	130	148	144	134	146	144	142	136	128	124	122	136	130	122	130	120	126	128	120	140	130	122	124	132	118	130	124	120	122	124	128	138	118	118	124	118	118	116	104	118	122	122	136	136	116	120	128	128	122	118	116	122	128	124	130	126	110	130	112	118	120	120	108	120	110	132	128	130	128	120	118	106	114	112	126	122	120	110	102	112	140	112	110	124	116	124	112	122	128	114	114	124	124	108	120	116	130	114	106	120	114	118	118	110	116	118	118	118	114	114	108	106	100	114	106	126	104	112	116	110	102	118	126	112	112	108	124	104	116	120	112	118	118	116	116	112	106	114	108	110	130	120	108	118	104	116	116	116	110	118	118	110
