#Acq. time (s)=	15
#Accumulations=	2
#Range (cm-¹)=	10...600
#Windows=	1
#Auto scanning=	Off
#Autofocus=	Off
#SWIFT=	Off
#Macrospot=	Off
#AutoExposure=	Off
#Spike filter=	Multiple accum.
#Delay time (s)=	0
#Binning=	1
#Readout mode=	Signal
#DeNoise=	Off
#ICS correction=	Off
#Dark correction=	Off
#Inst. Process=	Off
#Detector Gain=	Best Dynamic Range
#Detector ADC=	45 kHz       
#Detector temperature (°C)=	-60.1
#Instrument=	LabRAM Soleil
#Detector=	Syncerity
#Objective=	100x BD
#Grating=	1800 (500nm)
#ND Filter=	10% (6.0mW)
#Laser=	532nm_Edge
#Hole (µm)=	50 
#Laser mode=	Low frequency
#E-Cal_Neon=	0
#StageXY=	75x50mm Scan+
#StageZ=	Marzhauser
#X (µm)=	-12.55
#Y (µm)=	14.85
#Z (µm)=	-0.1
#Spectral res.(cm-¹)=	2.7
#Full time(mm:ss)=	2:36
#AC=	Calibrated 2026-06-13 10:52
#Project=	Raman_Soleil-MBE2-260612C-EW
#Sample=	edge2
#Site=	
#Title=	_11_16_01_2026_06_13_2_15 s_532nm_Edge_1800 (500nm)_100x BD_50 µm_10% (6_0mW)_
#Remark=	
#Date=	13.06.2026 11:16
#Acquired=	13.06.2026 11:16:16
#AxisType[0]=Intens
#AxisUnit[0]=Cnt
#AxisType[1]=Spectr
#AxisUnit[1]=1/cm
#AxisType[2]=Points
#AxisUnit[2]=
	11.7768	13.0146	14.25	15.4853	16.7205	17.9554	19.1902	20.4249	21.6593	22.8937	24.1278	25.3596	26.5935	27.8271	29.0606	30.294	31.525	32.758	33.9909	35.2214	36.454	37.6863	38.9164	40.1485	41.3782	42.6099	43.8393	45.0707	46.2998	47.5288	48.7597	49.9883	51.2167	52.4472	53.6753	54.9033	56.1311	57.3587	58.5883	59.8157	61.0428	62.2698	63.4967	64.7233	65.9499	67.1762	68.4024	69.6263	70.8522	72.0779	73.3035	74.5289	75.752	76.977	78.2019	79.4267	80.6491	81.8736	83.0957	84.3198	85.5416	86.7654	87.9869	89.2104	90.4316	91.6547	92.8756	94.0963	95.319	96.5394	97.7596	98.9796	100.202	101.421	102.641	103.86	105.08	106.299	107.518	108.737	109.955	111.174	112.392	113.61	114.828	116.046	117.261	118.479	119.696	120.914	122.128	123.345	124.562	125.777	126.993	128.207	129.423	130.637	131.853	133.066	134.282	135.495	136.708	137.923	139.136	140.348	141.563	142.775	143.987	145.199	146.411	147.622	148.834	150.045	151.256	152.467	153.678	154.888	156.099	157.309	158.519	159.73	160.939	162.147	163.357	164.566	165.773	166.982	168.191	169.398	170.606	171.813	173.021	174.227	175.435	176.641	177.848	179.054	180.259	181.466	182.671	183.876	185.081	186.285	187.491	188.696	189.9	191.103	192.307	193.511	194.714	195.917	197.12	198.323	199.526	200.729	201.929	203.131	204.333	205.535	206.735	207.937	209.138	210.337	211.539	212.738	213.938	215.137	216.338	217.536	218.736	219.934	221.132	222.332	223.529	224.727	225.926	227.123	228.32	229.517	230.714	231.91	233.106	234.302	235.498	236.694	237.89	239.086	240.281	241.476	242.671	243.866	245.059	246.253	247.448	248.64	249.834	251.028	252.22	253.414	254.605	255.799	256.99	258.183	259.374	260.566	261.757	262.947	264.14	265.33	266.52	267.709	268.899	270.09	271.28	272.469	273.658	274.847	276.035	277.224	278.412	279.601	280.789	281.974	283.162	284.35	285.537	286.725	287.91	289.097	290.284	291.468	292.655	293.839	295.025	296.209	297.395	298.579	299.765	300.948	302.131	303.316	304.499	305.682	306.865	308.049	309.232	310.414	311.596	312.778	313.96	315.141	316.323	317.504	318.685	319.866	321.047	322.228	323.406	324.586	325.767	326.947	328.125	329.304	330.484	331.661	332.841	334.018	335.197	336.374	337.552	338.729	339.907	341.083	342.259	343.437	344.613	345.789	346.964	348.14	349.317	350.492	351.667	352.841	354.016	355.19	356.364	357.539	358.713	359.884	361.058	362.231	363.405	364.578	365.749	366.922	368.095	369.265	370.438	371.608	372.78	373.95	375.122	376.291	377.463	378.632	379.801	380.973	382.141	383.31	384.479	385.649	386.818	387.986	389.154	390.322	391.489	392.657	393.824	394.992	396.159	397.326	398.493	399.659	400.824	401.99	403.156	404.322	405.486	406.652	407.816	408.981	410.146	411.31	412.475	413.637	414.8	415.965	417.127	418.289	419.454	420.615	421.777	422.939	424.103	425.264	426.425	427.586	428.747	429.908	431.069	432.229	433.389	434.55	435.71	436.867	438.027	439.187	440.346	441.504	442.663	443.822	444.979	446.137	447.294	448.452	449.608	450.767	451.923	453.08	454.236	455.392	456.549	457.704	458.859	460.014	461.169	462.326	463.48	464.634	465.789	466.943	468.097	469.25	470.404	471.555	472.709	473.862	475.015	476.168	477.319	478.471	479.624	480.774	481.926	483.076	484.228	485.378	486.529	487.679	488.83	489.979	491.128	492.279	493.427	494.576	495.726	496.875	498.023	499.171	500.319	501.466	502.614	503.761	504.908	506.055	507.202	508.349	509.496	510.64	511.787	512.933	514.079	515.223	516.369	517.512	518.658	519.803	520.946	522.089	523.234	524.377	525.522	526.664	527.807	528.951	530.093	531.235	532.376	533.518	534.662	535.803	536.944	538.085	539.226	540.367	541.507	542.646	543.786	544.926	546.066	547.206	548.344	549.484	550.623	551.76	552.9	554.039	555.176	556.314	557.451	558.587	559.726	560.862	562	563.136	564.271	565.407	566.545	567.68	568.815	569.95	571.085	572.22	573.354	574.489	575.623	576.757	577.891	579.025	580.157	581.291	582.424	583.557	584.689	585.822	586.955	588.085	589.218	590.348	591.481	592.611	593.743	594.873	596.003	597.134	598.264	599.393
1	70	66	56	58	52	54	46	60	58	64	86	92	106	108	116	134	162	228	254	174	102	94	94	88	90	80	92	100	90	86	96	90	100	104	112	100	96	108	118	112	138	142	128	124	150	166	178	206	246	254	222	142	118	140	128	106	108	98	110	106	128	116	116	126	126	136	142	134	160	172	168	182	160	162	168	160	174	148	158	178	158	140	142	132	134	120	142	136	142	136	146	144	130	134	128	134	132	118	110	108	104	94	92	84	92	92	74	80	76	64	74	78	78	78	88	86	94	88	100	88	82	82	74	68	80	70	74	70	64	70	72	68	64	70	66	72	72	66	76	68	66	66	66	68	74	64	64	70	64	68	76	66	62	66	60	60	58	56	56	68	64	66	56	58	60	62	54	64	64	56	60	66	54	60	60	60	56	66	58	52	54	60	56	64	64	60	56	58	50	60	56	60	60	60	58	60	60	60	58	60	58	62	62	56	54	52	58	52	60	56	48	56	62	56	60	62	56	62	50	50	64	50	44	54	52	54	56	56	56	56	56	58	48	58	62	54	54	56	58	56	54	56	48	44	52	64	62	56	52	54	56	50	54	52	54	56	50	60	56	56	58	58	54	52	56	58	56	58	56	60	46	52	54	60	58	48	50	52	58	58	54	56	54	56	52	50	50	54	54	54	56	60	62	48	54	56	56	54	44	50	50	48	56	60	64	74	86	106	80	70	58	44	56	56	52	58	58	52	48	60	54	56	54	50	54	50	54	54	58	58	52	62	52	54	48	66	64	74	114	200	210	146	82	68	62	64	60	58	60	68	72	74	64	66	60	54	52	50	56	50	60	50	56	50	50	56	64	62	60	56	58	58	58	54	52	50	48	58	50	52	56	48	48	52	48	56	58	52	56	58	50	58	60	50	52	48	58	58	48	48	58	50	48	58	60	48	52	48	54	52	52	56	50	54	56	54	54	46	56	54	50	54	56	56	52	50	52	52	58	50	58	48	60	56	52	60	50	56	56	54	52	60	48	52	54	52	52	50	48	50	56	50	56	56	54	54	58	48	52	50	50	50	54	50	50	60	64	44	56	58	50	56	48	62	56	54	56	62	62	76	62	72	58	60	50	56	54	50	54	54	58	48	58	44	52	50	48	56
2	72	66	64	50	50	48	48	52	64	80	92	110	118	136	144	180	240	320	358	232	124	106	106	104	100	94	102	116	116	108	94	118	108	120	118	124	122	124	138	146	158	170	170	174	174	198	246	300	346	376	278	206	170	160	148	130	112	128	130	150	154	160	152	156	156	180	192	192	198	196	202	218	216	208	214	224	190	220	208	208	194	188	178	168	160	164	168	162	186	164	156	174	170	158	158	160	148	142	144	138	128	116	112	112	100	98	94	86	80	94	78	90	100	88	110	108	116	112	106	108	102	90	86	82	80	78	84	76	76	82	78	84	80	84	82	74	78	78	76	80	78	82	74	74	70	76	74	76	80	76	74	68	72	74	56	70	72	70	70	70	62	64	66	58	68	70	68	68	74	66	70	72	68	62	60	60	64	64	60	64	58	64	60	62	60	62	56	58	66	62	66	62	64	66	58	62	66	58	50	58	62	68	56	58	68	62	70	58	60	64	60	60	60	60	60	60	52	60	70	58	64	56	58	56	58	62	58	62	62	66	66	66	58	60	62	62	50	60	54	60	52	68	54	54	62	60	60	56	64	58	60	54	60	54	58	58	56	58	60	58	70	56	56	62	58	62	62	62	56	60	52	62	56	58	60	56	58	58	56	58	56	64	58	58	56	60	52	58	64	60	58	56	54	54	56	58	58	56	62	54	58	60	60	64	64	76	96	94	88	74	58	60	58	58	56	66	50	58	56	54	60	54	58	58	52	58	54	64	58	52	52	60	54	58	64	54	66	78	120	202	226	152	104	76	66	62	58	58	62	68	76	70	74	70	58	58	54	50	56	58	54	48	54	56	54	60	64	66	58	58	56	60	58	54	48	54	54	58	52	60	50	60	54	50	54	60	54	52	54	54	58	46	56	58	56	52	62	54	52	58	54	48	52	56	54	48	54	58	52	56	58	48	52	56	54	52	56	46	52	56	56	62	56	56	54	48	54	58	62	50	54	48	58	56	40	50	56	52	60	52	52	56	52	56	64	52	58	56	56	60	50	44	58	54	44	56	56	58	54	60	52	52	52	54	62	60	52	50	58	56	50	50	56	52	52	54	62	66	68	72	72	62	68	54	62	58	62	60	58	56	60	62	58	58	52	60	54	52
3	60	66	58	50	54	50	52	44	52	70	88	86	98	104	120	134	180	226	234	150	98	90	98	82	84	82	90	100	100	86	98	102	90	96	96	106	102	94	110	122	132	148	126	124	122	146	184	208	240	230	208	148	120	122	116	114	98	104	108	114	130	124	122	114	120	134	144	158	154	170	160	162	172	174	174	178	162	150	168	168	148	140	128	132	118	126	148	142	138	140	130	128	140	128	126	126	122	116	118	92	100	98	92	84	82	82	86	80	74	76	74	68	72	82	80	92	100	86	90	90	86	78	82	72	74	70	70	70	60	68	62	72	66	68	60	72	70	72	56	64	74	68	66	62	60	68	68	64	72	66	66	66	66	66	62	68	60	56	62	64	64	64	62	60	56	64	58	58	56	68	60	54	64	56	62	60	58	62	60	62	60	64	60	54	60	66	54	62	56	64	64	54	54	66	54	56	64	54	60	58	64	58	64	60	62	54	64	64	60	58	66	52	52	58	62	58	58	52	64	50	60	54	66	54	64	56	56	58	54	50	62	52	60	54	50	58	60	52	56	60	58	58	52	48	52	58	64	56	56	56	56	58	58	48	56	56	60	56	50	64	56	56	58	54	58	56	54	56	52	62	48	54	60	54	58	56	56	60	52	46	60	54	54	50	62	54	54	52	56	54	54	58	58	54	54	58	58	52	62	56	54	62	56	66	74	78	102	102	82	72	60	54	56	60	56	70	54	56	60	58	56	54	58	56	56	58	56	60	52	56	58	52	54	62	66	56	68	80	126	206	242	160	96	68	62	66	58	64	54	72	76	78	74	64	64	56	64	52	50	62	52	60	60	58	60	52	70	64	56	48	50	56	56	54	54	54	58	50	62	58	60	54	48	54	56	56	52	52	54	50	54	56	60	58	52	50	48	56	52	56	54	52	48	54	56	52	62	54	54	52	54	52	54	58	54	56	54	56	54	56	50	52	56	52	50	54	56	50	52	52	54	52	52	52	58	54	50	54	60	56	54	52	50	58	52	60	56	54	58	60	54	52	48	54	52	52	50	46	54	56	54	48	58	56	50	58	54	58	56	58	56	52	56	54	52	52	58	68	78	78	74	68	62	56	58	54	54	52	50	58	52	52	56	52	52	52	54	58
4	68	62	50	48	52	52	48	54	60	72	82	92	112	110	134	152	184	230	252	188	106	106	102	94	94	86	104	112	108	108	104	106	106	108	116	108	114	118	124	114	158	164	144	144	152	178	188	220	262	266	234	168	138	146	126	118	128	118	122	148	136	142	128	134	132	148	160	170	170	180	182	174	194	202	180	194	192	172	188	186	170	156	132	158	136	150	136	144	140	136	146	140	142	142	146	146	130	132	126	118	112	106	88	88	86	84	96	84	80	84	72	84	88	74	96	98	104	98	96	90	86	84	78	78	76	80	78	80	74	76	68	70	70	76	64	70	68	68	76	72	80	70	80	74	74	78	68	68	72	72	62	66	74	72	56	72	62	60	68	76	64	64	64	60	70	58	66	72	68	60	66	64	60	62	54	64	54	56	60	58	64	58	60	66	58	68	70	64	60	58	64	62	66	56	68	66	60	60	62	62	58	56	60	60	60	62	62	64	58	68	54	54	56	54	64	62	50	64	64	68	58	54	64	56	52	56	56	64	64	62	60	58	62	56	60	52	62	58	50	58	56	54	62	50	56	60	52	58	60	60	66	52	64	60	60	56	54	56	62	54	58	56	50	60	58	60	58	56	58	52	54	54	50	56	52	56	54	62	52	60	52	56	56	56	60	58	50	64	56	60	56	64	58	58	58	56	58	60	56	58	50	50	62	58	64	68	92	104	76	70	58	68	54	52	62	60	52	56	52	54	60	56	54	56	56	62	58	56	48	54	56	56	58	60	52	62	66	82	126	212	208	160	98	72	66	64	58	58	66	64	76	78	82	62	62	60	58	62	50	58	60	54	56	62	52	60	72	68	54	58	60	60	56	62	50	60	52	54	50	60	52	54	56	54	52	64	56	56	52	58	62	58	54	52	56	54	52	52	54	54	60	58	54	56	52	52	52	60	54	48	58	54	52	56	50	58	52	54	58	60	48	54	54	50	60	54	56	50	56	54	58	52	60	58	52	62	56	60	58	50	60	56	52	52	52	56	48	60	66	58	56	56	46	50	52	58	56	54	54	50	50	48	54	52	50	66	58	46	58	56	58	48	54	58	62	62	60	64	74	84	66	66	60	56	62	58	58	60	64	52	54	54	58	56	58	54	58	52
5	60	66	52	46	48	44	48	46	60	68	90	92	106	118	128	144	212	294	306	192	122	108	94	102	78	88	96	94	102	98	94	96	102	100	112	112	114	102	106	130	158	150	146	144	138	172	198	268	308	316	264	184	142	144	124	112	120	106	126	138	132	138	130	134	134	144	156	168	182	156	162	186	164	184	192	184	188	174	176	192	178	162	156	154	144	142	168	174	166	160	156	162	162	154	128	156	132	130	142	130	116	98	96	92	94	92	94	88	84	68	76	82	84	82	98	104	104	98	98	86	86	88	80	66	64	72	64	60	64	64	66	68	70	64	82	80	74	70	68	78	66	70	72	76	80	74	74	68	68	70	72	66	66	60	70	62	62	56	62	64	64	64	66	58	64	62	68	66	70	64	62	54	60	74	60	58	62	66	66	66	64	56	54	66	66	58	52	66	66	50	62	62	60	66	58	64	56	64	62	56	62	62	56	60	64	46	58	62	56	58	56	62	64	60	56	58	58	56	58	56	50	52	60	56	54	60	54	60	54	56	62	60	62	56	58	60	58	60	56	56	56	50	56	58	56	56	54	60	54	56	62	60	60	64	56	56	52	58	60	48	52	62	50	56	56	62	58	54	54	62	54	50	62	54	56	54	64	58	54	52	54	60	54	54	62	56	60	58	60	58	60	58	60	56	50	66	54	62	54	56	54	52	62	60	68	72	92	104	86	70	56	56	58	54	54	66	52	58	60	60	54	52	60	58	56	52	58	52	64	56	56	58	56	60	58	64	66	96	124	198	226	158	96	84	62	58	62	58	68	74	72	76	70	62	66	54	56	58	50	62	58	58	52	52	50	56	66	68	62	60	52	52	56	56	52	58	52	50	54	60	60	54	48	54	48	64	56	54	58	52	60	50	54	52	54	52	58	50	58	54	56	56	54	54	54	48	54	56	52	52	56	54	54	56	62	56	56	64	60	56	48	56	52	58	58	54	56	56	52	58	56	58	50	58	52	58	56	52	46	54	48	46	48	48	60	50	56	56	56	50	58	58	58	48	52	52	54	58	52	46	54	48	52	52	62	54	50	48	58	56	54	54	60	56	56	60	66	70	72	74	70	56	62	56	56	56	52	52	58	48	56	52	56	54	52	52	46	52
