#	z_max	r_eq	V_L
2.93675e-09	1.6529e-08	1.08102e-24
6.37714e-09	4.30319e-08	2.1087e-23
4.59223e-09	2.86291e-08	6.01009e-24
7.17645e-09	3.11674e-08	7.91419e-24
5.61379e-09	5.10945e-08	3.20588e-23
6.98017e-09	5.45429e-08	3.24606e-23
6.41914e-09	5.42639e-08	3.50073e-23
3.26768e-09	1.6529e-08	1.18287e-24
5.40296e-09	4.98921e-08	2.2516e-23
5.72546e-09	5.42639e-08	3.10332e-23
9.09124e-09	6.42532e-08	5.43516e-23
2.73445e-09	2.64234e-08	2.44169e-24
6.49774e-09	3.44078e-08	6.34902e-24
5.77439e-09	3.61293e-08	6.54264e-24
6.10351e-09	5.80479e-08	3.78261e-23
2.80022e-09	2.06153e-08	1.20428e-24
4.68242e-09	4.98921e-08	3.06624e-23
3.06501e-09	2.464e-08	2.60769e-24
6.27903e-09	4.64253e-08	2.14578e-23
4.7265e-09	5.5917e-08	3.05051e-23
4.1343e-09	3.97308e-08	1.06577e-23
5.46294e-09	5.01954e-08	2.66302e-23
8.7226e-09	6.28198e-08	5.24544e-23
5.87398e-09	5.13907e-08	3.2798e-23
2.73651e-09	1.55837e-08	6.33115e-25
6.28053e-09	5.34182e-08	3.10637e-23
4.9714e-09	4.70746e-08	1.80957e-23
4.65148e-09	5.01954e-08	2.53493e-23
3.05218e-09	2.06153e-08	1.64236e-24
5.62039e-09	4.6751e-08	2.21234e-23
8.01681e-09	5.16852e-08	3.01364e-23
4.41482e-09	2.86291e-08	5.30609e-24
5.02349e-09	4.40773e-08	1.83219e-23
5.03546e-09	4.77151e-08	1.94216e-23
6.56705e-09	5.67255e-08	3.26537e-23
3.57541e-09	3.6547e-08	9.65184e-24
5.57306e-09	5.72581e-08	3.38711e-23
4.68242e-09	4.8971e-08	2.23869e-23
6.44709e-09	5.42639e-08	3.04137e-23
3.59487e-09	3.44078e-08	7.90023e-24
5.69646e-09	4.866e-08	2.66333e-23
7.49946e-09	5.37016e-08	3.15643e-23
7.587e-09	5.53714e-08	3.43481e-23
2.85361e-09	1.34959e-08	5.29642e-25
2.44133e-09	1.45772e-08	1.03937e-25
6.51742e-09	5.90846e-08	3.12706e-23
6.75753e-09	5.19781e-08	2.67997e-23
5.85972e-09	4.80321e-08	2.32554e-23
3.77223e-09	3.39638e-08	8.43172e-24
7.52994e-09	3.6547e-08	9.74332e-24
6.63797e-09	5.39835e-08	3.11901e-23
7.27738e-09	4.0111e-08	8.09644e-24
4.07724e-09	1.232e-08	1.30902e-24
4.18615e-09	3.97308e-08	1.02839e-23
6.03153e-09	5.16852e-08	2.76483e-23
4.52489e-09	4.50985e-08	1.64021e-23
4.01631e-09	2.58426e-08	4.61363e-24
4.99715e-09	4.19604e-08	1.48328e-23
5.47945e-09	4.50985e-08	1.83033e-23
6.16662e-09	3.06765e-08	4.31584e-24
5.81652e-09	3.11674e-08	4.48802e-24
3.48553e-09	2.58426e-08	3.54536e-24
4.77121e-09	5.10945e-08	2.80823e-23
4.59147e-09	3.93469e-08	1.29113e-23
5.74538e-09	5.50966e-08	3.48112e-23
5.28117e-09	3.52791e-08	1.30483e-23
6.11031e-09	3.81721e-08	1.31496e-23
6.4423e-09	5.16852e-08	3.04961e-23
4.98878e-09	4.54339e-08	1.81132e-23
5.19697e-09	5.28468e-08	2.99375e-23
3.19397e-09	1.34959e-08	5.27181e-25
5.53585e-09	5.13907e-08	2.5823e-23
3.80004e-09	1.82735e-08	1.41458e-24
7.28926e-09	3.44078e-08	5.09059e-24
2.82031e-09	1.232e-08	2.97365e-25
7.0494e-09	3.97308e-08	7.27536e-24
3.56826e-09	4.30319e-08	1.34699e-23
5.68334e-09	4.9587e-08	2.57833e-23
8.77705e-09	3.97308e-08	6.73797e-24
3.07848e-09	3.3058e-08	4.65695e-24
8.78301e-09	4.70746e-08	1.1412e-23
6.14188e-09	4.73959e-08	2.16267e-23
6.98396e-09	5.53714e-08	3.60404e-23
3.24712e-09	1.74231e-08	1.27238e-24
4.54503e-09	4.08608e-08	1.29209e-23
5.63082e-09	4.44203e-08	1.87701e-23
3.26301e-09	1.74231e-08	1.1516e-24
4.67091e-09	4.37316e-08	1.71012e-23
5.66017e-09	5.42639e-08	3.07629e-23
4.54742e-09	4.47607e-08	1.59796e-23
4.10443e-09	5.01954e-08	2.04008e-23
7.71246e-09	5.48205e-08	3.88773e-23
7.68018e-09	3.93469e-08	1.31592e-23
3.98403e-09	2.464e-08	3.48417e-24
5.40312e-09	5.13907e-08	2.63372e-23
5.75868e-09	4.9587e-08	2.85337e-23
8.80857e-09	5.80479e-08	3.83383e-23
6.79092e-09	5.53714e-08	3.6417e-23
5.24013e-09	3.81721e-08	1.19125e-23
7.51633e-09	5.22693e-08	3.37505e-23
6.81464e-09	4.92799e-08	2.83255e-23
6.88265e-09	4.15971e-08	1.71489e-23
2.63469e-09	1.98654e-08	1.37186e-24
5.02442e-09	4.12305e-08	1.45417e-23
6.55731e-09	5.34182e-08	2.73347e-23
7.06557e-09	4.77151e-08	2.53356e-23
3.42021e-09	3.16506e-08	6.66926e-24
4.63228e-09	2.58426e-08	3.57662e-24
6.43768e-09	3.06765e-08	3.55966e-24
4.27056e-09	2.69917e-08	2.95283e-24
5.99073e-09	2.96704e-08	3.77292e-24
4.48052e-09	3.61293e-08	9.96266e-24
4.90926e-09	3.85676e-08	1.12656e-23
5.7796e-09	5.45429e-08	3.20226e-23
4.8259e-09	4.15971e-08	1.36478e-23
6.42624e-09	3.01777e-08	4.11813e-24
6.13298e-09	3.52791e-08	5.52073e-24
4.84167e-09	4.15971e-08	1.50545e-23
3.88742e-09	3.06765e-08	5.64938e-24
3.16541e-09	2.86291e-08	4.00945e-24
3.44606e-09	3.77724e-08	8.54575e-24
2.84057e-09	2.13388e-08	1.47925e-24
6.63241e-09	4.77151e-08	2.37139e-23
4.44185e-09	3.89592e-08	1.27952e-23
7.23056e-09	4.83471e-08	2.53353e-23
7.11394e-09	5.07966e-08	3.11198e-23
5.02955e-09	4.9587e-08	2.59324e-23
5.7975e-09	5.50966e-08	3.5118e-23
6.45989e-09	5.28468e-08	3.02707e-23
4.04348e-09	3.06765e-08	6.87521e-24
4.71823e-09	3.25956e-08	8.31888e-24
5.99767e-09	5.10945e-08	2.55872e-23
4.6258e-09	4.70746e-08	1.94201e-23
6.77321e-09	3.48462e-08	3.41726e-24
6.41841e-09	4.98921e-08	2.827e-23
4.0356e-09	3.73684e-08	1.01201e-23
6.34562e-09	3.52791e-08	6.66816e-24
3.78536e-09	3.3058e-08	7.23929e-24
6.62889e-09	5.22693e-08	3.4733e-23
6.308e-09	5.25588e-08	2.77998e-23
8.41328e-09	5.95961e-08	4.18656e-23
4.50979e-09	3.44078e-08	1.00632e-23
4.99791e-09	4.04876e-08	1.51385e-23
3.68743e-09	2.06153e-08	1.99238e-24
2.78048e-09	1.55837e-08	8.43134e-25
7.15305e-09	5.13907e-08	2.81698e-23
4.54222e-09	4.83471e-08	2.25606e-23
3.66202e-09	2.464e-08	3.9007e-24
4.8619e-09	3.85676e-08	1.16639e-23
3.56772e-09	3.6547e-08	7.95664e-24
3.28542e-09	2.13388e-08	2.03791e-24
3.97496e-09	4.0111e-08	1.15931e-23
7.82833e-09	5.83088e-08	3.99187e-23
5.25449e-09	3.21266e-08	4.59666e-24
4.9633e-09	3.21266e-08	5.65015e-24
5.86998e-09	5.50966e-08	3.50068e-23
4.24508e-09	4.26777e-08	1.55457e-23
4.26347e-09	3.77724e-08	9.55901e-24
5.47483e-09	5.28468e-08	3.05321e-23
5.37715e-09	4.40773e-08	1.88152e-23
6.21163e-09	5.16852e-08	3.07248e-23
6.00648e-09	4.47607e-08	1.78784e-23
3.23155e-09	2.86291e-08	3.8947e-24
7.21967e-09	5.48205e-08	3.3738e-23
3.78463e-09	3.77724e-08	9.80316e-24
4.14684e-09	3.89592e-08	1.10487e-23
5.88461e-09	5.34182e-08	2.7505e-23
5.77036e-09	5.93409e-08	4.16473e-23
5.93483e-09	4.57667e-08	2.11131e-23
3.34756e-09	3.21266e-08	5.59039e-24
4.54467e-09	4.60972e-08	2.13226e-23
6.39174e-09	5.69924e-08	3.79622e-23
6.20032e-09	5.28468e-08	2.8904e-23
6.05174e-09	4.37316e-08	1.8527e-23
6.57472e-09	5.34182e-08	2.59463e-23
3.29862e-09	3.3058e-08	4.60891e-24
7.62465e-09	5.42639e-08	3.21904e-23
6.37412e-09	4.92799e-08	2.57624e-23
3.34378e-09	2.52485e-08	2.65342e-24
6.06662e-09	4.8971e-08	2.6564e-23
4.45121e-09	4.47607e-08	1.55863e-23
4.27768e-09	3.25956e-08	7.21767e-24
5.48958e-09	5.45429e-08	3.18924e-23
8.1871e-09	5.83088e-08	3.87071e-23
6.0447e-09	5.25588e-08	2.90528e-23
2.91517e-09	1.98654e-08	1.38086e-24
5.02412e-09	4.37316e-08	1.56884e-23
5.42914e-09	4.64253e-08	2.13675e-23
6.54485e-09	5.04969e-08	2.90449e-23
7.22134e-09	5.31333e-08	3.35844e-23
5.06822e-09	4.6751e-08	1.89082e-23
7.43147e-09	5.72581e-08	4.11199e-23
5.51275e-09	5.28468e-08	3.07146e-23
3.56266e-09	3.69599e-08	8.54849e-24
5.74277e-09	4.60972e-08	1.85925e-23
5.9475e-09	3.69599e-08	6.81354e-24
4.70454e-09	3.81721e-08	1.12267e-23
5.72829e-09	4.9587e-08	2.78411e-23
5.67147e-09	4.23205e-08	1.10357e-23
3.23492e-09	2.20387e-08	1.68009e-24
3.56938e-09	3.69599e-08	7.13593e-24
9.16742e-09	6.15999e-08	5.10936e-23
4.96279e-09	4.40773e-08	1.8655e-23
6.90461e-09	5.56449e-08	3.61848e-23
2.87354e-09	1.98654e-08	1.11796e-24
6.60326e-09	5.77858e-08	4.12809e-23
4.77063e-09	4.04876e-08	1.31261e-23
3.24686e-09	3.61293e-08	7.74355e-24
5.22007e-09	3.69599e-08	7.35865e-24
4.51072e-09	4.19604e-08	1.36544e-23
5.09719e-09	5.75226e-08	3.36005e-23
5.23626e-09	3.52791e-08	8.27845e-24
4.37846e-09	4.08608e-08	1.18182e-23
7.57102e-09	5.77858e-08	4.48702e-23
3.6587e-09	2.33755e-08	2.61774e-24
5.91307e-09	4.73959e-08	2.10928e-23
2.80463e-09	1.6529e-08	8.85169e-25
2.35731e-09	1.34959e-08	2.0997e-25
7.98927e-09	5.5917e-08	3.67894e-23
6.0315e-09	5.34182e-08	3.11372e-23
3.90269e-09	4.44203e-08	1.46681e-23
6.49848e-09	5.01954e-08	3.07977e-23
2.88221e-09	1.9086e-08	1.29637e-24
4.66885e-09	4.70746e-08	2.00994e-23
3.29286e-09	2.06153e-08	1.51977e-24
6.87336e-09	5.22693e-08	3.32053e-23
3.76248e-09	1.34959e-08	7.80609e-25
7.68406e-09	5.48205e-08	3.79513e-23
5.58479e-09	4.8971e-08	2.64374e-23
4.91591e-09	4.73959e-08	2.10776e-23
7.85455e-09	5.67255e-08	3.70842e-23
4.09714e-09	3.06765e-08	4.75326e-24
5.77709e-09	4.64253e-08	2.16838e-23
3.28921e-09	2.69917e-08	3.22405e-24
6.1104e-09	5.37016e-08	2.63772e-23
4.00277e-09	3.97308e-08	1.19337e-23
8.09163e-09	6.28198e-08	5.19392e-23
6.08011e-09	4.866e-08	2.42525e-23
4.61878e-09	4.33831e-08	1.69088e-23
5.05963e-09	5.34182e-08	2.63297e-23
3.06341e-09	1.10193e-08	3.23829e-25
4.77851e-09	2.80939e-08	3.20327e-24
4.39389e-09	3.3058e-08	4.36427e-24
3.35836e-09	1.10193e-08	4.01656e-25
6.98461e-09	5.61878e-08	3.6783e-23
5.28943e-09	4.866e-08	2.2496e-23
4.13794e-09	2.69917e-08	4.61196e-24
5.43157e-09	5.04969e-08	3.01172e-23
5.50668e-09	5.04969e-08	2.80744e-23
4.67885e-09	2.91544e-08	3.84557e-24
3.04468e-09	2.58426e-08	3.35021e-24
4.54125e-09	3.25956e-08	5.18477e-24
5.40555e-09	5.01954e-08	2.301e-23
4.24439e-09	4.0111e-08	1.50985e-23
4.19947e-09	3.44078e-08	8.93318e-24
7.29359e-09	5.95961e-08	4.84476e-23
7.01871e-09	5.61878e-08	3.13344e-23
4.84571e-09	5.34182e-08	2.69961e-23
6.41341e-09	3.44078e-08	5.32293e-24
4.22681e-09	2.52485e-08	4.50823e-24
5.8456e-09	4.866e-08	2.70743e-23
6.01733e-09	3.3514e-08	2.98294e-24
6.03148e-09	3.21266e-08	9.57003e-24
3.74508e-09	2.464e-08	4.47285e-24
