#	z_max	A_0	V_L	D_min	D_max	M_min	M_max
4.85035e-09	3.8147e-16	6.83329e-25	1.95312e-08	2.76214e-08	1.96316e-08	2.8167e-08
8.58748e-09	1.33514e-15	6.61879e-24	2.92969e-08	7.10948e-08	2.30458e-08	7.08444e-08
1.0712e-08	3.8147e-16	2.21634e-24	9.76562e-09	4.02647e-08	9.38902e-09	4.01167e-08
6.47827e-09	2.00272e-15	6.92374e-24	4.83374e-08	6.25305e-08	3.75561e-08	6.14554e-08
5.04694e-09	2.09808e-15	4.84937e-24	3.90625e-08	6.55098e-08	3.84096e-08	6.14554e-08
6.00428e-09	1.04904e-15	3.15728e-24	2.92969e-08	4.88281e-08	2.98741e-08	4.69451e-08
1.00842e-08	3.8147e-16	1.96109e-24	9.76562e-09	4.02647e-08	9.38902e-09	4.01167e-08
4.79846e-09	5.72205e-16	1.1053e-24	1.95312e-08	3.52105e-08	1.96316e-08	3.32883e-08
5.80586e-09	7.62939e-16	1.99493e-24	2.92969e-08	4.1432e-08	2.8167e-08	4.18238e-08
6.89039e-09	2.09808e-15	7.96554e-24	4.88281e-08	6.25305e-08	4.26773e-08	5.97483e-08
7.9996e-09	2.19345e-15	1.01332e-23	4.88281e-08	6.25305e-08	4.86522e-08	5.80412e-08
7.3052e-09	2.19345e-15	9.32133e-24	4.88281e-08	6.90534e-08	4.18238e-08	6.91373e-08
1.47423e-08	5.05447e-15	3.45594e-23	7.10554e-08	1.27328e-07	5.88947e-08	1.16082e-07
6.07312e-09	1.71661e-15	5.06793e-24	4.80405e-08	5.69429e-08	3.92632e-08	5.29199e-08
9.01472e-09	7.62939e-16	3.08141e-24	2.92969e-08	4.1432e-08	2.8167e-08	4.18238e-08
7.01488e-09	2.00272e-15	7.29373e-24	4.88281e-08	6.25305e-08	4.18238e-08	5.80412e-08
7.20892e-09	2.28882e-15	9.72332e-24	4.88281e-08	6.90534e-08	4.86522e-08	6.91373e-08
5.69386e-09	1.62125e-15	4.3117e-24	3.90625e-08	5.69429e-08	3.32883e-08	5.29199e-08
6.45145e-09	2.09808e-15	6.6892e-24	4.88281e-08	6.90534e-08	4.18238e-08	6.91373e-08
6.21784e-09	1.52588e-15	3.27354e-24	3.90625e-08	6.55098e-08	9.38902e-09	5.88947e-08
6.04447e-09	1.33514e-15	4.09575e-24	3.90625e-08	4.88281e-08	3.84096e-08	4.5238e-08
1.04604e-08	2.95639e-15	1.56308e-23	5.85937e-08	7.04209e-08	5.54805e-08	6.82838e-08
5.86729e-09	1.71661e-15	5.47161e-24	3.90625e-08	6.25305e-08	3.67025e-08	6.23089e-08
1.23962e-08	2.09808e-15	1.35366e-23	4.88281e-08	6.25305e-08	4.01167e-08	5.97483e-08
6.48751e-09	9.53674e-16	2.75169e-24	2.92969e-08	4.36732e-08	2.90206e-08	4.01167e-08
7.42759e-09	2.09808e-15	8.24807e-24	4.88281e-08	6.55098e-08	3.92632e-08	6.14554e-08
7.3534e-09	1.62125e-15	6.57302e-24	3.90625e-08	5.69429e-08	3.92632e-08	5.54805e-08
6.78594e-09	1.14441e-15	4.66942e-24	2.92969e-08	4.88281e-08	2.98741e-08	4.86522e-08
1.10882e-08	2.57492e-15	1.51836e-23	4.88281e-08	7.04209e-08	4.86522e-08	6.4016e-08
4.79426e-09	6.67572e-16	1.14967e-24	2.92969e-08	3.52105e-08	2.47529e-08	3.41419e-08
6.0422e-09	2.19345e-15	6.23291e-24	4.88281e-08	6.55098e-08	4.09703e-08	6.31625e-08
9.29998e-09	1.33514e-15	6.74946e-24	2.92969e-08	5.69429e-08	2.90206e-08	5.63341e-08
5.69691e-09	1.62125e-15	4.82066e-24	3.90625e-08	5.69429e-08	3.75561e-08	5.29199e-08
5.41323e-09	1.23978e-15	3.21405e-24	3.90625e-08	4.88281e-08	2.98741e-08	4.69451e-08
6.3216e-09	2.19345e-15	6.7341e-24	4.88281e-08	6.55098e-08	4.5238e-08	6.31625e-08
5.05729e-09	7.62939e-16	1.55267e-24	1.95312e-08	4.36732e-08	1.96316e-08	4.18238e-08
7.25389e-09	1.14441e-15	4.33646e-24	2.92969e-08	4.88281e-08	2.98741e-08	4.86522e-08
4.15645e-09	3.8147e-16	2.47686e-25	1.95312e-08	3.08816e-08	1.96316e-08	2.98741e-08
4.20912e-09	4.76837e-16	4.92613e-25	1.95312e-08	3.52105e-08	1.96316e-08	3.32883e-08
1.5424e-08	2.00272e-15	1.50042e-23	4.88281e-08	6.25305e-08	4.43844e-08	5.80412e-08
6.9465e-09	1.43051e-15	5.36245e-24	3.90625e-08	5.52427e-08	3.92632e-08	5.54805e-08
7.10548e-09	1.90735e-15	7.17823e-24	3.90625e-08	6.55098e-08	3.92632e-08	6.06018e-08
8.25289e-09	2.28882e-15	9.72066e-24	4.88281e-08	7.04209e-08	4.01167e-08	6.74302e-08
1.72272e-08	2.95639e-15	2.22774e-23	5.85937e-08	7.10948e-08	5.29199e-08	6.91373e-08
5.63781e-09	2.00272e-15	6.16424e-24	4.88281e-08	6.25305e-08	4.18238e-08	5.80412e-08
7.10345e-09	1.52588e-15	5.56973e-24	3.90625e-08	5.69429e-08	3.67025e-08	5.63341e-08
8.48707e-09	1.62125e-15	7.69698e-24	3.90625e-08	5.69429e-08	3.75561e-08	5.29199e-08
4.40685e-09	5.72205e-16	9.1275e-25	1.95312e-08	3.52105e-08	1.96316e-08	3.32883e-08
7.85257e-09	8.58307e-16	3.19269e-24	2.92969e-08	4.1432e-08	2.98741e-08	4.18238e-08
7.86545e-09	3.62396e-15	1.31959e-23	4.88281e-08	9.61803e-08	4.5238e-08	9.13295e-08
6.50305e-09	1.43051e-15	5.22835e-24	3.90625e-08	5.52427e-08	3.92632e-08	5.54805e-08
6.19062e-09	2.28882e-15	7.87812e-24	4.88281e-08	6.90534e-08	4.86522e-08	6.91373e-08
1.58198e-08	1.90735e-15	1.31767e-23	3.90625e-08	6.17632e-08	3.84096e-08	6.06018e-08
8.24927e-09	1.43051e-15	6.72542e-24	2.92969e-08	5.69429e-08	2.98741e-08	5.71876e-08
9.61704e-09	1.90735e-15	8.64491e-24	4.88281e-08	5.69429e-08	4.09703e-08	5.54805e-08
6.26325e-09	1.71661e-15	5.8733e-24	3.90625e-08	6.25305e-08	3.67025e-08	6.23089e-08
1.07648e-08	1.62125e-15	8.6693e-24	3.90625e-08	5.69429e-08	3.75561e-08	5.29199e-08
7.63348e-09	1.43051e-15	6.55356e-24	2.92969e-08	5.69429e-08	2.98741e-08	5.71876e-08
5.03386e-09	3.8147e-16	5.66737e-25	1.95312e-08	3.08816e-08	1.96316e-08	2.98741e-08
7.80705e-09	2.09808e-15	8.45655e-24	4.88281e-08	6.25305e-08	4.18238e-08	5.71876e-08
5.06463e-09	1.04904e-15	2.07395e-24	3.90625e-08	4.36732e-08	2.90206e-08	4.26773e-08
2.22024e-08	8.29697e-15	9.59861e-23	9.76562e-08	1.31383e-07	8.79153e-08	1.24618e-07
8.25879e-09	1.52588e-15	7.0981e-24	3.90625e-08	5.52427e-08	3.84096e-08	5.54805e-08
5.52518e-09	1.81198e-15	3.76032e-24	4.1432e-08	8.28641e-08	2.38993e-08	7.59657e-08
9.61876e-09	2.47955e-15	1.22369e-23	4.88281e-08	6.55098e-08	4.86522e-08	6.4016e-08
1.06131e-08	2.09808e-15	1.01154e-23	4.88281e-08	6.55098e-08	3.92632e-08	6.4016e-08
1.12308e-08	1.90735e-15	1.03204e-23	4.88281e-08	5.69429e-08	4.09703e-08	5.54805e-08
4.38614e-09	8.58307e-16	1.35202e-24	2.92969e-08	4.36732e-08	2.38993e-08	4.01167e-08
8.20251e-09	1.14441e-15	4.63545e-24	2.92969e-08	4.88281e-08	2.98741e-08	4.86522e-08
1.39334e-08	1.62125e-15	1.00359e-23	3.90625e-08	5.69429e-08	3.75561e-08	5.29199e-08
1.4799e-08	3.71933e-15	1.75047e-23	6.21481e-08	1.13886e-07	1.96316e-08	9.73043e-08
9.87874e-09	1.33514e-15	6.86983e-24	3.90625e-08	4.88281e-08	3.84096e-08	4.5238e-08
6.37503e-09	1.43051e-15	4.67951e-24	3.90625e-08	5.52427e-08	3.92632e-08	5.54805e-08
1.01393e-08	1.14441e-15	5.53729e-24	2.92969e-08	4.88281e-08	2.98741e-08	4.86522e-08
8.90259e-09	3.43323e-15	1.8628e-23	5.85937e-08	7.8733e-08	5.20664e-08	7.76728e-08
8.24072e-09	1.14441e-15	5.12903e-24	2.92969e-08	4.88281e-08	2.98741e-08	4.86522e-08
5.3331e-09	2.28882e-15	5.64238e-24	4.88281e-08	7.8733e-08	1.96316e-08	7.59657e-08
6.14956e-09	7.62939e-16	2.31113e-24	1.95312e-08	4.36732e-08	1.96316e-08	4.18238e-08
6.82465e-09	1.43051e-15	4.96942e-24	3.90625e-08	5.52427e-08	3.92632e-08	5.54805e-08
6.58755e-09	1.52588e-15	6.07113e-24	3.90625e-08	5.52427e-08	3.84096e-08	5.54805e-08
5.76493e-09	1.04904e-15	3.02136e-24	2.92969e-08	4.88281e-08	2.98741e-08	4.69451e-08
1.45072e-08	1.81198e-15	1.23956e-23	4.88281e-08	5.69429e-08	4.26773e-08	5.37735e-08
7.96127e-09	2.47955e-15	1.19255e-23	3.90625e-08	7.43728e-08	3.92632e-08	7.08444e-08
6.80261e-09	1.14441e-15	3.75757e-24	3.90625e-08	4.88281e-08	2.98741e-08	4.5238e-08
1.02457e-08	1.43051e-15	7.38714e-24	3.90625e-08	5.52427e-08	3.92632e-08	5.54805e-08
6.37401e-09	2.00272e-15	7.14767e-24	4.88281e-08	6.25305e-08	4.18238e-08	5.80412e-08
1.42853e-08	2.47955e-15	1.61193e-23	5.67752e-08	6.55098e-08	4.18238e-08	6.31625e-08
1.09772e-08	2.38419e-15	1.0764e-23	4.63224e-08	7.6272e-08	2.98741e-08	7.42586e-08
1.14705e-08	1.62125e-15	8.0169e-24	3.90625e-08	5.69429e-08	3.32883e-08	5.29199e-08
4.271e-09	5.72205e-16	8.92065e-25	1.95312e-08	3.52105e-08	1.96316e-08	3.32883e-08
8.65894e-09	1.04904e-15	4.73539e-24	3.90625e-08	4.36732e-08	2.90206e-08	4.26773e-08
5.46315e-09	1.04904e-15	2.57852e-24	2.92969e-08	4.88281e-08	2.98741e-08	4.69451e-08
9.11508e-09	2.19345e-15	1.21318e-23	3.90625e-08	7.04209e-08	3.92632e-08	6.74302e-08
5.24465e-09	1.04904e-15	2.07e-24	2.92969e-08	4.97951e-08	2.98741e-08	4.86522e-08
5.50645e-09	1.62125e-15	4.38384e-24	3.90625e-08	5.69429e-08	3.32883e-08	5.29199e-08
1.78229e-08	3.8147e-15	3.37781e-23	5.85937e-08	8.73464e-08	5.63341e-08	8.45011e-08
8.19155e-09	1.52588e-15	6.91201e-24	3.90625e-08	5.52427e-08	3.84096e-08	5.54805e-08
1.38928e-08	2.76566e-15	2.00144e-23	4.88281e-08	7.6272e-08	4.86522e-08	7.42586e-08
7.89535e-09	1.33514e-15	5.48022e-24	3.90625e-08	5.52427e-08	2.8167e-08	5.54805e-08
6.05771e-09	9.53674e-16	2.49507e-24	2.92969e-08	4.36732e-08	2.98741e-08	4.09703e-08
3.78143e-09	9.53674e-17	4.68896e-26	9.76562e-09	1.38107e-08	9.38902e-09	1.45103e-08
9.41223e-09	1.43051e-15	7.57689e-24	2.92969e-08	6.17632e-08	2.90206e-08	5.88947e-08
7.02126e-09	1.52588e-15	6.6113e-24	3.90625e-08	5.52427e-08	3.84096e-08	5.54805e-08
6.97143e-09	1.04904e-15	3.84117e-24	2.92969e-08	4.88281e-08	2.98741e-08	4.69451e-08
8.38164e-09	2.09808e-15	1.10604e-23	3.90625e-08	6.55098e-08	3.84096e-08	6.14554e-08
1.13947e-08	1.62125e-15	8.9853e-24	4.80405e-08	5.69429e-08	3.75561e-08	5.54805e-08
4.22007e-09	2.86102e-16	3.58563e-25	9.76562e-09	3.08816e-08	9.38902e-09	2.98741e-08
7.2292e-09	1.71661e-15	6.98077e-24	3.90625e-08	5.69429e-08	3.84096e-08	5.20664e-08
4.94809e-09	7.62939e-16	1.28426e-24	2.92969e-08	4.02647e-08	2.30458e-08	4.01167e-08
5.35053e-09	1.14441e-15	2.48488e-24	3.90625e-08	4.88281e-08	3.07277e-08	4.5238e-08
4.42758e-09	1.04904e-15	1.85403e-24	2.92969e-08	5.25895e-08	2.47529e-08	5.03593e-08
3.69721e-09	1.90735e-16	1.1207e-25	9.76562e-09	2.18366e-08	9.38902e-09	2.13387e-08
7.41205e-09	2.76566e-15	1.18281e-23	4.88281e-08	7.6272e-08	4.86522e-08	7.42586e-08
4.54577e-09	7.62939e-16	1.00727e-24	2.92969e-08	4.02647e-08	2.30458e-08	4.01167e-08
1.04286e-08	2.00272e-15	1.2025e-23	3.90625e-08	6.55098e-08	3.92632e-08	6.23089e-08
5.83729e-09	1.43051e-15	3.8396e-24	3.90625e-08	5.25895e-08	3.75561e-08	5.03593e-08
1.76484e-08	6.10352e-15	6.14647e-23	7.8125e-08	1.0381e-07	7.85263e-08	9.90114e-08
5.66563e-09	1.04904e-15	2.72842e-24	2.92969e-08	4.88281e-08	2.98741e-08	4.69451e-08
3.91477e-09	3.8147e-16	3.42622e-25	1.95312e-08	2.76214e-08	1.96316e-08	2.8167e-08
5.62304e-09	9.53674e-16	2.55372e-24	2.92969e-08	4.36732e-08	2.98741e-08	4.09703e-08
5.80343e-09	1.33514e-15	4.14864e-24	3.90625e-08	5.52427e-08	2.98741e-08	5.12128e-08
6.25958e-09	1.33514e-15	4.56981e-24	3.90625e-08	4.88281e-08	3.84096e-08	4.5238e-08
4.07008e-09	9.53674e-17	5.61628e-26	9.76562e-09	1.38107e-08	9.38902e-09	1.45103e-08
8.62246e-09	1.71661e-15	7.65838e-24	3.90625e-08	5.69429e-08	3.84096e-08	5.20664e-08
9.94067e-09	1.52588e-15	9.35793e-24	2.92969e-08	6.17632e-08	2.98741e-08	5.97483e-08
4.35369e-09	5.72205e-16	7.055e-25	1.95312e-08	3.52105e-08	1.96316e-08	3.32883e-08
5.04093e-09	7.62939e-16	1.3822e-24	2.92969e-08	4.36732e-08	2.30458e-08	4.09703e-08
4.6324e-09	9.53674e-16	1.79926e-24	2.92969e-08	4.88281e-08	2.30458e-08	4.86522e-08
1.49966e-08	2.09808e-15	1.2145e-23	4.88281e-08	6.25305e-08	4.18238e-08	5.71876e-08
4.78231e-09	1.14441e-15	2.3278e-24	3.90625e-08	4.36732e-08	2.8167e-08	4.18238e-08
2.00757e-08	4.1008e-15	3.86049e-23	6.79396e-08	9.00346e-08	5.12128e-08	8.87689e-08
5.41533e-09	1.14441e-15	2.82049e-24	3.90625e-08	4.88281e-08	3.07277e-08	4.86522e-08
7.01095e-09	1.23978e-15	4.54515e-24	2.92969e-08	5.25895e-08	2.98741e-08	4.95057e-08
4.24255e-09	5.72205e-16	7.9201e-25	1.95312e-08	3.52105e-08	1.96316e-08	3.32883e-08
7.07464e-09	6.67572e-16	2.0473e-24	2.92969e-08	3.52105e-08	2.47529e-08	3.41419e-08
7.11466e-09	2.00272e-15	8.04327e-24	3.90625e-08	6.55098e-08	3.92632e-08	6.23089e-08
5.93172e-09	8.58307e-16	2.76526e-24	2.92969e-08	4.1432e-08	2.98741e-08	4.18238e-08
6.90836e-09	2.19345e-15	8.70895e-24	4.88281e-08	6.90534e-08	4.18238e-08	6.91373e-08
8.24927e-09	1.04904e-15	4.85949e-24	2.92969e-08	4.88281e-08	2.98741e-08	4.69451e-08
9.90643e-09	1.04904e-15	5.22066e-24	2.92969e-08	4.88281e-08	2.98741e-08	4.69451e-08
7.75287e-09	5.24521e-15	1.95611e-23	6.71059e-08	1.17594e-07	4.77986e-08	1.10961e-07
4.41288e-09	4.76837e-16	5.61886e-25	1.95312e-08	3.52105e-08	1.96316e-08	3.32883e-08
5.64377e-09	7.62939e-16	2.11992e-24	2.92969e-08	4.1432e-08	2.8167e-08	4.18238e-08
6.47205e-09	1.62125e-15	5.14921e-24	3.90625e-08	5.69429e-08	3.75561e-08	5.29199e-08
1.06563e-08	1.90735e-15	9.75603e-24	4.88281e-08	5.69429e-08	4.5238e-08	5.54805e-08
1.39964e-08	2.76566e-15	1.94112e-23	4.88281e-08	7.10948e-08	4.86522e-08	6.91373e-08
1.4212e-08	1.43051e-15	7.97135e-24	3.90625e-08	5.25895e-08	3.41419e-08	5.03593e-08
6.521e-09	4.3869e-15	1.84237e-23	5.85937e-08	9.21287e-08	5.88947e-08	8.62082e-08
1.00359e-08	1.33514e-15	6.8754e-24	3.90625e-08	4.88281e-08	3.84096e-08	4.5238e-08
8.00495e-09	1.81198e-15	7.83887e-24	3.90625e-08	6.25305e-08	3.84096e-08	6.14554e-08
6.05977e-09	1.43051e-15	4.62777e-24	2.92969e-08	5.69429e-08	2.98741e-08	5.71876e-08
4.22691e-09	5.72205e-16	8.73967e-25	1.95312e-08	3.52105e-08	1.96316e-08	3.32883e-08
8.62031e-09	1.90735e-15	8.54945e-24	3.90625e-08	6.17632e-08	3.84096e-08	6.06018e-08
4.91579e-09	9.53674e-16	2.05435e-24	2.92969e-08	4.36732e-08	2.98741e-08	4.09703e-08
6.15419e-09	1.23978e-15	3.69098e-24	3.90625e-08	4.88281e-08	3.15812e-08	4.5238e-08
4.26064e-09	2.86102e-16	2.79867e-25	1.95312e-08	2.76214e-08	1.36568e-08	2.47529e-08
8.87739e-09	1.43051e-15	7.17238e-24	3.90625e-08	5.52427e-08	3.92632e-08	5.54805e-08
8.47405e-09	9.53674e-16	3.76946e-24	2.92969e-08	4.36732e-08	2.90206e-08	4.01167e-08
1.01952e-08	1.52588e-15	7.33529e-24	3.90625e-08	5.52427e-08	3.92632e-08	5.20664e-08
6.93398e-09	1.71661e-15	6.53158e-24	3.90625e-08	5.69429e-08	3.84096e-08	5.20664e-08
1.22167e-08	2.86102e-15	1.69971e-23	5.85937e-08	7.04209e-08	5.63341e-08	6.74302e-08
6.22565e-09	2.09808e-15	5.04855e-24	3.90625e-08	9.61803e-08	2.98741e-08	8.36476e-08
5.68831e-09	9.53674e-16	2.13153e-24	2.92969e-08	4.36732e-08	2.98741e-08	4.09703e-08
5.97053e-09	1.04904e-15	2.90175e-24	2.92969e-08	4.88281e-08	2.98741e-08	4.69451e-08
5.16251e-09	1.23978e-15	2.74826e-24	2.92969e-08	5.25895e-08	2.90206e-08	5.03593e-08
6.5492e-09	1.33514e-15	3.76975e-24	3.90625e-08	4.88281e-08	3.84096e-08	4.5238e-08
3.56525e-09	1.90735e-16	8.12446e-26	9.76562e-09	2.18366e-08	9.38902e-09	2.13387e-08
5.55778e-09	6.67572e-16	1.43013e-24	2.92969e-08	3.52105e-08	2.47529e-08	3.41419e-08
4.04088e-09	1.90735e-16	1.43021e-25	9.76562e-09	2.18366e-08	9.38902e-09	2.13387e-08
7.57469e-09	2.28882e-15	1.14859e-23	3.90625e-08	7.04209e-08	3.84096e-08	6.74302e-08
9.22134e-09	1.33514e-15	6.07722e-24	3.90625e-08	5.25895e-08	2.98741e-08	4.95057e-08
6.84272e-09	2.00272e-15	7.96786e-24	3.90625e-08	6.55098e-08	3.92632e-08	6.23089e-08
5.67564e-09	7.62939e-16	1.89292e-24	2.92969e-08	4.1432e-08	2.8167e-08	4.18238e-08
5.42323e-09	4.76837e-16	1.07029e-24	1.95312e-08	3.52105e-08	1.96316e-08	3.32883e-08
5.99211e-09	1.23978e-15	3.6795e-24	2.92969e-08	5.25895e-08	2.98741e-08	4.95057e-08
6.02362e-09	1.71661e-15	5.76163e-24	3.90625e-08	5.69429e-08	3.84096e-08	5.20664e-08
5.42536e-09	1.62125e-15	4.27026e-24	3.90625e-08	5.69429e-08	3.75561e-08	5.29199e-08
6.72624e-09	1.14441e-15	4.16947e-24	2.92969e-08	4.88281e-08	2.98741e-08	4.86522e-08
9.83341e-09	1.62125e-15	7.82603e-24	3.90625e-08	5.69429e-08	3.75561e-08	5.29199e-08
4.27665e-09	4.76837e-16	5.8357e-25	1.95312e-08	3.52105e-08	1.96316e-08	3.32883e-08
7.08137e-09	1.52588e-15	5.88812e-24	3.90625e-08	5.52427e-08	3.84096e-08	5.54805e-08
8.24215e-09	2.67029e-15	1.37737e-23	4.88281e-08	7.04209e-08	4.86522e-08	6.4016e-08
5.90256e-09	1.62125e-15	4.36233e-24	3.90625e-08	6.25305e-08	3.75561e-08	5.80412e-08
6.99303e-09	1.23978e-15	4.46628e-24	3.90625e-08	4.88281e-08	3.15812e-08	4.5238e-08
8.42277e-09	1.71661e-15	7.53465e-24	3.90625e-08	5.69429e-08	3.84096e-08	5.29199e-08
8.25934e-09	2.09808e-15	9.27262e-24	3.90625e-08	7.04209e-08	3.84096e-08	6.74302e-08
2.24396e-08	5.14984e-15	5.34695e-23	7.8125e-08	9.76562e-08	7.3405e-08	9.47437e-08
1.75977e-08	4.1008e-15	3.46234e-23	6.83594e-08	8.40071e-08	6.82838e-08	8.02334e-08
4.3496e-09	1.90735e-16	1.03399e-25	9.76562e-09	2.18366e-08	9.38902e-09	2.13387e-08
1.31739e-08	1.81198e-15	1.1366e-23	3.90625e-08	6.25305e-08	3.84096e-08	6.14554e-08
6.67624e-09	2.19345e-15	8.7851e-24	4.88281e-08	6.25305e-08	4.86522e-08	5.80412e-08
1.13896e-08	2.47955e-15	1.60433e-23	4.88281e-08	7.04209e-08	3.92632e-08	6.74302e-08
1.30912e-08	4.95911e-15	3.34322e-23	6.78315e-08	1.35668e-07	2.73135e-08	1.3486e-07
5.26373e-09	8.58307e-16	1.76876e-24	2.92969e-08	4.36732e-08	2.04851e-08	4.26773e-08
7.44003e-09	1.43051e-15	6.88483e-24	3.90625e-08	5.52427e-08	3.92632e-08	5.54805e-08
1.08363e-08	1.81198e-15	9.95028e-24	3.90625e-08	6.25305e-08	3.84096e-08	6.14554e-08
5.47112e-09	1.62125e-15	3.68845e-24	4.83374e-08	5.25895e-08	3.75561e-08	5.03593e-08
7.86337e-09	1.81198e-15	8.43896e-24	3.90625e-08	6.25305e-08	3.84096e-08	6.14554e-08
4.84044e-09	4.76837e-16	6.88536e-25	1.95312e-08	3.52105e-08	1.96316e-08	3.32883e-08
6.59165e-09	8.58307e-16	2.51247e-24	2.92969e-08	4.36732e-08	2.38993e-08	4.01167e-08
1.51293e-08	1.33514e-15	7.82289e-24	3.90625e-08	5.25895e-08	3.32883e-08	5.03593e-08
4.5993e-09	5.72205e-16	8.60721e-25	1.95312e-08	3.52105e-08	1.96316e-08	3.32883e-08
7.53313e-09	2.38419e-15	6.79902e-24	4.88281e-08	7.8733e-08	2.90206e-08	7.68192e-08
3.76014e-09	9.53674e-17	7.7528e-26	9.76562e-09	1.38107e-08	9.38902e-09	1.45103e-08
4.10653e-09	1.90735e-16	1.26976e-25	9.76562e-09	2.18366e-08	9.38902e-09	2.13387e-08
9.22046e-09	1.71661e-15	8.99947e-24	3.90625e-08	5.69429e-08	3.84096e-08	5.20664e-08
9.24405e-09	2.47955e-15	1.26541e-23	4.88281e-08	6.90534e-08	4.86522e-08	6.31625e-08
7.32924e-09	7.62939e-16	3.53641e-24	1.95312e-08	4.36732e-08	1.96316e-08	4.18238e-08
7.18621e-09	1.52588e-15	6.29288e-24	3.90625e-08	5.52427e-08	3.84096e-08	5.54805e-08
5.53716e-09	9.53674e-16	2.16102e-24	2.92969e-08	4.36732e-08	2.98741e-08	4.09703e-08
6.24931e-09	2.47955e-15	8.37231e-24	4.88281e-08	6.90534e-08	4.86522e-08	6.31625e-08
1.49708e-08	2.95639e-15	2.03704e-23	5.85937e-08	7.43728e-08	5.12128e-08	7.08444e-08
5.95271e-09	1.33514e-15	3.62001e-24	3.90625e-08	5.25895e-08	3.32883e-08	5.03593e-08
9.66329e-09	2.19345e-15	1.15228e-23	3.90625e-08	7.04209e-08	3.92632e-08	6.74302e-08
5.5928e-09	7.62939e-16	1.60661e-24	1.95312e-08	4.97951e-08	1.96316e-08	4.86522e-08
6.37396e-09	1.23978e-15	3.86054e-24	2.92969e-08	5.69429e-08	2.98741e-08	5.71876e-08
7.65423e-09	1.81198e-15	7.26121e-24	3.90625e-08	6.17632e-08	3.92632e-08	6.06018e-08
6.53893e-09	1.33514e-15	4.19918e-24	3.90625e-08	5.52427e-08	2.98741e-08	5.12128e-08
4.3963e-09	9.53674e-17	7.82122e-26	9.76562e-09	1.38107e-08	9.38902e-09	1.45103e-08
3.92238e-09	1.90735e-16	1.40542e-25	9.76562e-09	2.18366e-08	9.38902e-09	2.13387e-08
6.09182e-09	2.67029e-15	9.40278e-24	4.88281e-08	7.6272e-08	4.86522e-08	7.3405e-08
1.27059e-08	2.00272e-15	1.35795e-23	4.88281e-08	6.25305e-08	4.35309e-08	6.14554e-08
8.91238e-09	4.19617e-15	2.46546e-23	5.85937e-08	9.21287e-08	5.88947e-08	8.62082e-08
4.03624e-09	1.90735e-16	1.39581e-25	9.76562e-09	2.18366e-08	9.38902e-09	2.13387e-08
8.74091e-09	3.71933e-15	1.54985e-23	4.88281e-08	1.01956e-07	2.98741e-08	9.81579e-08
8.29505e-09	1.04904e-15	4.35647e-24	2.92969e-08	4.88281e-08	2.98741e-08	4.69451e-08
9.77798e-09	1.81198e-15	1.00924e-23	3.90625e-08	6.25305e-08	3.84096e-08	6.14554e-08
1.07526e-08	2.28882e-15	1.37815e-23	4.88281e-08	6.55098e-08	4.86522e-08	6.4016e-08
1.4621e-08	2.09808e-15	1.33342e-23	4.88281e-08	6.25305e-08	4.18238e-08	5.71876e-08
1.24627e-08	5.34058e-15	4.17141e-23	6.83594e-08	1.05179e-07	5.97483e-08	1.01572e-07
6.12055e-09	8.58307e-16	2.60175e-24	2.92969e-08	4.1432e-08	2.98741e-08	4.18238e-08
5.12756e-09	5.72205e-16	9.57962e-25	2.76214e-08	3.52105e-08	2.04851e-08	3.15812e-08
4.07217e-09	3.8147e-16	2.18545e-25	1.95312e-08	3.52105e-08	9.38902e-09	3.32883e-08
8.89256e-09	1.52588e-15	6.87586e-24	3.90625e-08	5.52427e-08	3.92632e-08	5.20664e-08
1.04691e-08	1.43051e-15	7.03967e-24	3.90625e-08	5.52427e-08	3.92632e-08	5.54805e-08
4.73746e-09	3.8147e-16	4.98377e-25	1.95312e-08	3.08816e-08	1.96316e-08	2.98741e-08
5.1422e-09	1.04904e-15	2.42204e-24	2.92969e-08	4.88281e-08	2.98741e-08	4.69451e-08
7.12098e-09	2.00272e-15	7.59715e-24	4.88281e-08	6.25305e-08	4.43844e-08	5.80412e-08
4.81262e-09	7.62939e-16	1.20631e-24	2.92969e-08	4.1432e-08	2.8167e-08	4.18238e-08
6.66232e-09	1.90735e-15	5.88147e-24	4.88281e-08	5.69429e-08	4.09703e-08	5.54805e-08
5.72058e-09	8.58307e-16	1.92364e-24	2.92969e-08	4.36732e-08	2.38993e-08	4.01167e-08
7.15483e-09	1.23978e-15	4.26121e-24	3.90625e-08	4.88281e-08	2.98741e-08	4.69451e-08
8.6595e-09	1.33514e-15	6.37082e-24	2.92969e-08	5.69429e-08	2.90206e-08	5.63341e-08
7.78458e-09	2.28882e-15	9.83523e-24	4.88281e-08	6.90534e-08	4.86522e-08	6.91373e-08
6.30871e-09	1.04904e-15	3.32098e-24	2.92969e-08	4.88281e-08	2.98741e-08	4.69451e-08
1.20735e-08	1.90735e-15	9.39952e-24	4.88281e-08	5.69429e-08	4.09703e-08	5.54805e-08
1.2095e-08	2.86102e-15	1.8551e-23	5.85937e-08	7.04209e-08	5.63341e-08	6.74302e-08
9.13218e-09	1.23978e-15	5.9525e-24	3.90625e-08	4.88281e-08	2.98741e-08	4.69451e-08
1.04558e-08	1.81198e-15	7.90646e-24	4.88281e-08	5.69429e-08	4.09703e-08	5.4627e-08
4.12592e-09	1.90735e-16	1.65749e-25	9.76562e-09	2.18366e-08	9.38902e-09	2.13387e-08
4.34392e-09	4.76837e-16	6.40894e-25	1.95312e-08	3.52105e-08	1.96316e-08	3.32883e-08
5.10801e-09	5.72205e-16	9.24011e-25	1.95312e-08	4.02647e-08	1.96316e-08	3.84096e-08
4.29178e-09	6.67572e-16	8.1561e-25	1.95312e-08	4.36732e-08	1.96316e-08	4.26773e-08
6.64253e-09	1.23978e-15	4.43688e-24	3.90625e-08	4.88281e-08	2.98741e-08	4.69451e-08
1.17964e-08	1.33514e-15	7.35962e-24	2.92969e-08	5.69429e-08	2.90206e-08	5.63341e-08
7.6803e-09	1.62125e-15	7.03766e-24	3.90625e-08	5.69429e-08	3.92632e-08	5.54805e-08
1.07081e-08	1.04904e-15	5.85353e-24	2.92969e-08	4.88281e-08	2.98741e-08	4.69451e-08
4.29408e-09	4.76837e-16	5.7468e-25	1.95312e-08	3.52105e-08	1.96316e-08	3.32883e-08
5.84e-09	9.53674e-16	2.49596e-24	2.92969e-08	4.36732e-08	2.90206e-08	4.01167e-08
6.92047e-09	1.52588e-15	5.30756e-24	3.90625e-08	5.52427e-08	3.92632e-08	5.20664e-08
6.18454e-09	2.28882e-15	6.61349e-24	4.88281e-08	7.04209e-08	3.92632e-08	6.31625e-08
4.88146e-09	6.67572e-16	1.29753e-24	2.92969e-08	3.52105e-08	2.47529e-08	3.41419e-08
5.69259e-09	9.53674e-16	2.43423e-24	2.92969e-08	4.36732e-08	2.90206e-08	4.01167e-08
1.09152e-08	1.90735e-15	1.03182e-23	3.90625e-08	6.25305e-08	3.84096e-08	6.23089e-08
4.24223e-09	6.67572e-16	7.46849e-25	2.76214e-08	4.36732e-08	1.96316e-08	4.26773e-08
8.58987e-09	1.90735e-15	9.5522e-24	3.90625e-08	6.25305e-08	3.84096e-08	6.23089e-08
1.2341e-08	2.67029e-15	1.85628e-23	4.88281e-08	7.6272e-08	4.86522e-08	7.42586e-08
8.08506e-09	2.47955e-15	1.10079e-23	4.88281e-08	7.04209e-08	4.86522e-08	6.57231e-08
6.98265e-09	1.14441e-15	3.64407e-24	2.92969e-08	4.88281e-08	2.98741e-08	4.86522e-08
1.17412e-08	1.52588e-15	7.50091e-24	3.90625e-08	5.25895e-08	3.67025e-08	5.03593e-08
1.39215e-08	2.95639e-15	1.72798e-23	5.85937e-08	8.73464e-08	4.5238e-08	8.45011e-08
8.42309e-09	4.3869e-15	2.38727e-23	6.83594e-08	8.40071e-08	6.82838e-08	8.27941e-08
8.25207e-09	2.00272e-15	9.6781e-24	4.88281e-08	6.25305e-08	4.01167e-08	6.14554e-08
1.20035e-08	5.62668e-15	4.65846e-23	5.85937e-08	1.13886e-07	5.80412e-08	1.12668e-07
6.28264e-09	8.58307e-16	2.46199e-24	2.92969e-08	4.36732e-08	2.38993e-08	4.01167e-08
5.40376e-09	1.23978e-15	2.88018e-24	3.90625e-08	4.88281e-08	3.15812e-08	4.5238e-08
1.07919e-08	1.04904e-15	5.15464e-24	2.92969e-08	4.88281e-08	2.98741e-08	4.69451e-08
1.06871e-08	1.14441e-15	5.7081e-24	3.90625e-08	4.88281e-08	2.98741e-08	4.5238e-08
5.99338e-09	1.14441e-15	3.73508e-24	2.92969e-08	4.88281e-08	2.98741e-08	4.86522e-08
5.98721e-09	1.43051e-15	4.94923e-24	2.92969e-08	5.69429e-08	2.98741e-08	5.71876e-08
4.72468e-09	5.72205e-16	1.16965e-24	1.95312e-08	3.52105e-08	1.96316e-08	3.32883e-08
4.5223e-09	8.58307e-16	1.25219e-24	2.92969e-08	4.36732e-08	2.38993e-08	4.01167e-08
6.39965e-09	1.52588e-15	4.49434e-24	3.90625e-08	5.25895e-08	3.67025e-08	5.03593e-08
5.39628e-09	1.33514e-15	3.33117e-24	3.90625e-08	4.88281e-08	3.84096e-08	4.5238e-08
8.00833e-09	4.673e-15	2.33001e-23	6.83594e-08	9.76562e-08	6.4016e-08	9.0476e-08
7.18185e-09	2.57492e-15	9.91966e-24	4.88281e-08	7.04209e-08	4.86522e-08	6.4016e-08
7.74482e-09	1.43051e-15	5.06423e-24	3.90625e-08	5.25895e-08	3.75561e-08	5.03593e-08
9.1888e-09	1.90735e-15	9.85648e-24	3.90625e-08	6.17632e-08	3.84096e-08	6.06018e-08
5.55333e-09	1.33514e-15	3.47716e-24	3.90625e-08	4.88281e-08	3.84096e-08	4.5238e-08
8.07149e-09	1.52588e-15	6.24795e-24	3.90625e-08	5.52427e-08	3.92632e-08	5.20664e-08
9.01032e-09	2.00272e-15	1.06909e-23	3.90625e-08	6.55098e-08	3.92632e-08	6.23089e-08
6.79955e-09	2.86102e-15	9.5838e-24	4.88281e-08	9.61803e-08	4.18238e-08	9.38902e-08
8.37275e-09	1.71661e-15	7.439e-24	4.83374e-08	5.69429e-08	3.92632e-08	5.29199e-08
6.86429e-09	2.09808e-15	7.92032e-24	4.88281e-08	6.25305e-08	4.26773e-08	5.97483e-08
6.93066e-09	1.43051e-15	5.35249e-24	3.90625e-08	5.52427e-08	3.92632e-08	5.54805e-08
8.79492e-09	1.71661e-15	7.91867e-24	3.90625e-08	5.69429e-08	3.84096e-08	5.29199e-08
5.68397e-09	6.67572e-16	1.7427e-24	1.95312e-08	4.36732e-08	1.96316e-08	4.26773e-08
8.80242e-09	2.09808e-15	1.03943e-23	3.90625e-08	6.55098e-08	3.84096e-08	6.14554e-08
9.30817e-09	1.81198e-15	9.82146e-24	3.90625e-08	6.25305e-08	3.84096e-08	6.14554e-08
4.03595e-09	9.53674e-17	4.55471e-26	9.76562e-09	1.38107e-08	9.38902e-09	1.45103e-08
4.65718e-09	2.86102e-16	3.84775e-25	1.95312e-08	2.76214e-08	1.36568e-08	2.47529e-08
4.50968e-09	1.90735e-16	1.55916e-25	9.76562e-09	2.18366e-08	9.38902e-09	2.13387e-08
1.30277e-08	1.90735e-15	1.05007e-23	4.88281e-08	5.69429e-08	4.09703e-08	5.54805e-08
6.24409e-09	2.19345e-15	7.64897e-24	4.88281e-08	6.25305e-08	4.86522e-08	5.80412e-08
7.99084e-09	1.81198e-15	7.02138e-24	3.90625e-08	6.55098e-08	3.75561e-08	6.31625e-08
5.9685e-09	1.81198e-15	4.80343e-24	4.83374e-08	5.69429e-08	4.09703e-08	5.37735e-08
6.30891e-09	1.71661e-15	5.18798e-24	4.83374e-08	5.69429e-08	3.92632e-08	5.29199e-08
7.05225e-09	1.81198e-15	5.96101e-24	4.88281e-08	5.69429e-08	3.92632e-08	5.54805e-08
7.2729e-09	1.81198e-15	6.80707e-24	3.90625e-08	6.25305e-08	3.84096e-08	6.14554e-08
4.64418e-09	3.8147e-16	4.62612e-25	1.95312e-08	2.76214e-08	1.96316e-08	2.8167e-08
6.77142e-09	2.09808e-15	6.02983e-24	4.50017e-08	7.8733e-08	3.67025e-08	7.08444e-08
5.28842e-09	9.53674e-16	2.01932e-24	2.92969e-08	4.36732e-08	2.90206e-08	4.01167e-08
1.10586e-08	1.43051e-15	7.36302e-24	3.90625e-08	5.52427e-08	3.92632e-08	5.54805e-08
5.20176e-09	1.33514e-15	3.57921e-24	3.90625e-08	5.52427e-08	2.8167e-08	5.54805e-08
8.94119e-09	2.00272e-15	8.79094e-24	3.90625e-08	6.55098e-08	3.92632e-08	6.06018e-08
1.07452e-08	2.19345e-15	1.26921e-23	4.88281e-08	6.90534e-08	4.18238e-08	6.91373e-08
8.06189e-09	1.71661e-15	7.7159e-24	3.90625e-08	5.69429e-08	3.84096e-08	5.29199e-08
6.49698e-09	8.58307e-16	2.90311e-24	2.92969e-08	4.1432e-08	2.98741e-08	4.18238e-08
8.8009e-09	2.09808e-15	9.68983e-24	4.88281e-08	6.25305e-08	4.26773e-08	5.97483e-08
4.99239e-09	8.58307e-16	1.70948e-24	2.92969e-08	4.36732e-08	2.04851e-08	4.26773e-08
1.11021e-08	3.14713e-15	1.79007e-23	5.85937e-08	7.6272e-08	5.29199e-08	7.3405e-08
7.10321e-09	1.33514e-15	4.98385e-24	3.90625e-08	4.88281e-08	3.84096e-08	4.5238e-08
9.21779e-09	2.00272e-15	1.06654e-23	4.88281e-08	6.25305e-08	4.43844e-08	5.80412e-08
3.89659e-09	3.8147e-16	1.81329e-25	1.95312e-08	2.76214e-08	1.96316e-08	2.8167e-08
5.98139e-09	1.43051e-15	4.50358e-24	3.90625e-08	5.52427e-08	3.92632e-08	5.54805e-08
9.92987e-09	1.90735e-15	8.57284e-24	4.88281e-08	6.25305e-08	3.92632e-08	5.63341e-08
6.44035e-09	1.90735e-15	6.50896e-24	3.90625e-08	6.17632e-08	3.84096e-08	6.06018e-08
6.38655e-09	2.00272e-15	6.29648e-24	4.88281e-08	6.25305e-08	4.43844e-08	5.80412e-08
6.15615e-09	9.53674e-16	2.64199e-24	2.92969e-08	4.36732e-08	2.98741e-08	4.09703e-08
1.04977e-08	1.52588e-15	7.92526e-24	3.90625e-08	5.69429e-08	3.32883e-08	5.29199e-08
1.11052e-08	1.90735e-15	1.23274e-23	3.90625e-08	6.25305e-08	3.84096e-08	6.23089e-08
6.11362e-09	1.81198e-15	4.70626e-24	4.80405e-08	5.69429e-08	3.15812e-08	5.71876e-08
7.16989e-09	2.19345e-15	8.7134e-24	3.90625e-08	7.10948e-08	3.92632e-08	6.99908e-08
4.79364e-09	6.67572e-16	1.08575e-24	2.92969e-08	4.1432e-08	1.8778e-08	3.75561e-08
1.55185e-08	2.19345e-15	1.51906e-23	4.88281e-08	6.25305e-08	4.86522e-08	6.23089e-08
9.58881e-09	1.90735e-15	1.00773e-23	3.90625e-08	6.25305e-08	3.84096e-08	6.23089e-08
6.90441e-09	1.62125e-15	4.95548e-24	3.90625e-08	5.69429e-08	3.75561e-08	5.29199e-08
7.57866e-09	1.52588e-15	5.9916e-24	3.90625e-08	5.52427e-08	3.92632e-08	5.20664e-08
4.99982e-09	1.14441e-15	2.40328e-24	3.90625e-08	4.36732e-08	2.8167e-08	4.18238e-08
1.04854e-08	1.04904e-15	5.42648e-24	2.92969e-08	4.88281e-08	2.98741e-08	4.69451e-08
7.93195e-09	2.38419e-15	8.64859e-24	4.83374e-08	9.00346e-08	2.04851e-08	8.62082e-08
4.32709e-09	3.8147e-16	4.88779e-25	1.95312e-08	3.08816e-08	1.96316e-08	2.98741e-08
1.60536e-08	2.86102e-15	2.14689e-23	5.85937e-08	7.43728e-08	4.69451e-08	7.08444e-08
6.48813e-09	1.43051e-15	4.70351e-24	3.90625e-08	5.52427e-08	3.92632e-08	5.54805e-08
5.52526e-09	1.33514e-15	3.42656e-24	3.90625e-08	5.52427e-08	2.8167e-08	5.54805e-08
1.43148e-08	2.57492e-15	1.83547e-23	5.85937e-08	6.55098e-08	4.86522e-08	6.4016e-08
7.47372e-09	1.33514e-15	4.65783e-24	3.90625e-08	4.88281e-08	3.84096e-08	4.5238e-08
1.52506e-08	2.38419e-15	1.73282e-23	5.85937e-08	6.55098e-08	4.95057e-08	6.14554e-08
1.22471e-08	1.90735e-15	1.21978e-23	3.90625e-08	6.17632e-08	3.84096e-08	6.06018e-08
6.28145e-09	1.62125e-15	5.30999e-24	3.90625e-08	5.69429e-08	3.32883e-08	5.29199e-08
4.73352e-09	6.67572e-16	1.2743e-24	2.92969e-08	4.1432e-08	1.8778e-08	3.75561e-08
4.5531e-09	3.8147e-16	5.51821e-25	1.95312e-08	2.76214e-08	1.96316e-08	2.8167e-08
6.08426e-09	1.43051e-15	4.81728e-24	3.90625e-08	5.52427e-08	3.92632e-08	5.54805e-08
1.05863e-08	2.09808e-15	1.14502e-23	4.88281e-08	6.25305e-08	4.18238e-08	5.71876e-08
6.38747e-09	8.58307e-16	2.50714e-24	2.92969e-08	4.36732e-08	2.38993e-08	4.01167e-08
1.11439e-08	2.57492e-15	1.37684e-23	4.88281e-08	7.04209e-08	4.86522e-08	6.4016e-08
5.2433e-09	1.52588e-15	3.47805e-24	3.90625e-08	5.69429e-08	3.41419e-08	5.12128e-08
9.20003e-09	1.90735e-15	1.0618e-23	3.90625e-08	6.25305e-08	3.84096e-08	6.23089e-08
4.66714e-09	3.8147e-16	7.7111e-25	1.95312e-08	2.76214e-08	1.96316e-08	2.8167e-08
5.72157e-09	1.52588e-15	4.45139e-24	3.90625e-08	5.52427e-08	3.84096e-08	5.54805e-08
1.04021e-08	2.09808e-15	1.25971e-23	4.88281e-08	6.25305e-08	4.18238e-08	5.71876e-08
8.83855e-09	1.81198e-15	8.89693e-24	3.90625e-08	6.25305e-08	3.84096e-08	6.14554e-08
4.62063e-09	5.72205e-16	9.06513e-25	1.95312e-08	3.52105e-08	1.96316e-08	3.32883e-08
5.26226e-09	5.72205e-16	1.27361e-24	1.95312e-08	3.52105e-08	1.96316e-08	3.32883e-08
5.10823e-09	4.76837e-16	8.22781e-25	1.95312e-08	3.52105e-08	1.96316e-08	3.32883e-08
8.94093e-09	1.71661e-15	5.50192e-24	4.1432e-08	7.6272e-08	2.90206e-08	7.3405e-08
1.63309e-08	7.05719e-15	6.83294e-23	7.8125e-08	1.13886e-07	7.76728e-08	1.12668e-07
8.9924e-09	1.81198e-15	8.4957e-24	4.88281e-08	5.69429e-08	3.92632e-08	5.54805e-08
6.33521e-09	1.71661e-15	5.64586e-24	3.90625e-08	5.69429e-08	3.84096e-08	5.29199e-08
9.22665e-09	2.57492e-15	1.27433e-23	4.88281e-08	7.04209e-08	4.86522e-08	6.82838e-08
9.58902e-09	1.43051e-15	6.70664e-24	3.90625e-08	5.69429e-08	2.90206e-08	5.63341e-08
5.92469e-09	1.81198e-15	5.64161e-24	3.90625e-08	6.25305e-08	3.84096e-08	6.14554e-08
9.21013e-09	1.71661e-15	7.60208e-24	3.90625e-08	5.69429e-08	3.84096e-08	5.20664e-08
6.15451e-09	1.33514e-15	4.80157e-24	3.90625e-08	4.88281e-08	3.84096e-08	4.5238e-08
1.54732e-08	2.28882e-15	1.64909e-23	4.88281e-08	6.55098e-08	4.86522e-08	6.4016e-08
4.17187e-09	9.53674e-17	4.13931e-26	9.76562e-09	1.38107e-08	9.38902e-09	1.45103e-08
5.18268e-09	5.72205e-16	1.39343e-24	1.95312e-08	3.52105e-08	1.96316e-08	3.32883e-08
6.73878e-09	2.19345e-15	7.60552e-24	4.88281e-08	6.25305e-08	4.26773e-08	6.14554e-08
1.03712e-08	1.81198e-15	9.35886e-24	3.90625e-08	6.55098e-08	3.75561e-08	6.31625e-08
1.05421e-08	2.09808e-15	1.12319e-23	4.88281e-08	6.25305e-08	4.5238e-08	5.97483e-08
4.62708e-09	7.62939e-16	1.0972e-24	1.95312e-08	4.97951e-08	1.96316e-08	4.86522e-08
5.2712e-09	1.62125e-15	3.63964e-24	4.83374e-08	5.52427e-08	4.01167e-08	5.03593e-08
1.11391e-08	1.90735e-15	1.06771e-23	4.88281e-08	5.69429e-08	4.5238e-08	5.54805e-08
2.34983e-08	3.71933e-15	3.7577e-23	6.83594e-08	7.8733e-08	6.31625e-08	7.42586e-08
1.04502e-08	3.24249e-15	1.91485e-23	5.85937e-08	7.6272e-08	5.88947e-08	7.16979e-08
6.02939e-09	1.90735e-15	6.09553e-24	3.90625e-08	6.25305e-08	3.84096e-08	6.23089e-08
5.71616e-09	9.53674e-16	2.53635e-24	2.92969e-08	4.36732e-08	2.98741e-08	4.09703e-08
6.44007e-09	8.58307e-16	2.24739e-24	2.92969e-08	4.36732e-08	2.38993e-08	4.01167e-08
4.71874e-09	4.76837e-16	8.26331e-25	1.95312e-08	3.52105e-08	1.96316e-08	3.32883e-08
7.45842e-09	2.09808e-15	8.81754e-24	4.88281e-08	6.25305e-08	4.18238e-08	5.71876e-08
1.14419e-08	2.00272e-15	1.24995e-23	4.88281e-08	6.25305e-08	4.43844e-08	5.80412e-08
7.38224e-09	1.62125e-15	5.89054e-24	3.90625e-08	5.69429e-08	3.32883e-08	5.29199e-08
1.36749e-08	2.19345e-15	1.64019e-23	3.90625e-08	7.04209e-08	3.92632e-08	6.74302e-08
6.8624e-09	1.04904e-15	3.16132e-24	2.92969e-08	4.88281e-08	2.98741e-08	4.69451e-08
1.21498e-08	1.52588e-15	9.12533e-24	3.90625e-08	5.25895e-08	3.67025e-08	5.03593e-08
4.50147e-09	9.53674e-16	1.29087e-24	2.92969e-08	4.36732e-08	2.90206e-08	4.01167e-08
4.8665e-09	1.33514e-15	2.66617e-24	3.90625e-08	5.69429e-08	2.8167e-08	5.20664e-08
4.46767e-09	5.72205e-16	9.75114e-25	1.95312e-08	3.52105e-08	1.96316e-08	3.32883e-08
5.84417e-09	2.00272e-15	5.95069e-24	4.88281e-08	5.69429e-08	4.18238e-08	5.71876e-08
7.27589e-09	2.19345e-15	9.29684e-24	4.88281e-08	6.25305e-08	4.86522e-08	5.80412e-08
5.21208e-09	1.33514e-15	3.52118e-24	3.90625e-08	4.88281e-08	3.84096e-08	4.5238e-08
5.72606e-09	2.86102e-15	7.83083e-24	4.88281e-08	7.43728e-08	4.86522e-08	7.3405e-08
5.09882e-09	3.8147e-16	7.1412e-25	1.95312e-08	2.76214e-08	1.96316e-08	2.8167e-08
5.65068e-09	1.14441e-15	2.87587e-24	2.92969e-08	5.25895e-08	2.98741e-08	4.86522e-08
9.42387e-09	1.43051e-15	6.51175e-24	3.90625e-08	5.69429e-08	3.15812e-08	5.63341e-08
6.12122e-09	8.58307e-16	2.34725e-24	2.92969e-08	4.36732e-08	2.38993e-08	4.01167e-08
6.84286e-09	1.71661e-15	6.09998e-24	3.90625e-08	5.69429e-08	3.84096e-08	5.29199e-08
4.74909e-09	1.90735e-16	1.90048e-25	9.76562e-09	2.18366e-08	9.38902e-09	2.13387e-08
1.28311e-08	1.90735e-15	1.24258e-23	3.90625e-08	6.17632e-08	3.84096e-08	6.06018e-08
6.52205e-09	1.52588e-15	4.52068e-24	3.90625e-08	5.69429e-08	3.92632e-08	5.4627e-08
8.22899e-09	2.00272e-15	8.75726e-24	3.90625e-08	6.55098e-08	3.84096e-08	6.31625e-08
1.91641e-08	4.48227e-15	4.29314e-23	6.83594e-08	9.21287e-08	6.82838e-08	8.53547e-08
7.16744e-09	7.62939e-16	2.30399e-24	2.92969e-08	4.1432e-08	2.8167e-08	4.18238e-08
1.38228e-08	2.09808e-15	1.18416e-23	4.88281e-08	6.25305e-08	4.43844e-08	5.88947e-08
6.22823e-09	1.23978e-15	3.57166e-24	3.90625e-08	4.88281e-08	2.98741e-08	4.69451e-08
7.97963e-09	1.81198e-15	8.91276e-24	3.90625e-08	6.25305e-08	3.84096e-08	6.14554e-08
7.51865e-09	1.23978e-15	4.24164e-24	3.90625e-08	4.88281e-08	3.15812e-08	4.5238e-08
1.40741e-08	1.62125e-15	1.02747e-23	3.90625e-08	5.69429e-08	3.92632e-08	5.54805e-08
1.54428e-08	2.95639e-15	2.37441e-23	5.85937e-08	7.6272e-08	5.4627e-08	7.25515e-08
5.83846e-09	1.52588e-15	3.81528e-24	3.90625e-08	5.69429e-08	3.67025e-08	5.63341e-08
9.33426e-09	2.09808e-15	1.05797e-23	4.88281e-08	6.55098e-08	3.84096e-08	6.14554e-08
1.04321e-08	1.62125e-15	9.12357e-24	3.90625e-08	5.69429e-08	3.75561e-08	5.29199e-08
5.03662e-09	9.53674e-16	1.95072e-24	2.92969e-08	4.88281e-08	2.30458e-08	4.86522e-08
4.49721e-09	3.8147e-16	4.99681e-25	1.95312e-08	2.76214e-08	1.96316e-08	2.8167e-08
1.48222e-08	2.19345e-15	1.49989e-23	4.88281e-08	6.25305e-08	4.77986e-08	5.88947e-08
8.39761e-09	1.14441e-15	4.94871e-24	3.90625e-08	4.88281e-08	3.07277e-08	4.5238e-08
3.75217e-09	9.53674e-17	4.38921e-26	9.76562e-09	1.38107e-08	9.38902e-09	1.45103e-08
6.03397e-09	2.67029e-15	7.3127e-24	4.59647e-08	9.21287e-08	2.73135e-08	9.0476e-08
9.25403e-09	1.23978e-15	6.25741e-24	3.90625e-08	4.88281e-08	3.15812e-08	4.5238e-08
6.55829e-09	1.62125e-15	5.54375e-24	3.90625e-08	5.69429e-08	3.75561e-08	5.29199e-08
8.39082e-09	1.43051e-15	6.00857e-24	3.90625e-08	5.52427e-08	3.92632e-08	5.54805e-08
1.0592e-08	3.91006e-15	2.81357e-23	5.85937e-08	9.00346e-08	5.88947e-08	8.62082e-08
6.80494e-09	1.23978e-15	4.34312e-24	2.92969e-08	5.25895e-08	2.98741e-08	4.95057e-08
7.13635e-09	3.24249e-15	1.38738e-23	4.88281e-08	8.40071e-08	4.86522e-08	8.02334e-08
7.57561e-09	2.95639e-15	1.05848e-23	4.73702e-08	9.21287e-08	2.98741e-08	9.0476e-08
8.00273e-09	1.71661e-15	8.2824e-24	2.92969e-08	6.55098e-08	2.98741e-08	6.4016e-08
6.52685e-09	1.33514e-15	4.66171e-24	3.90625e-08	4.88281e-08	3.84096e-08	4.5238e-08
4.10772e-09	3.8147e-16	4.11922e-25	1.95312e-08	2.76214e-08	1.96316e-08	2.8167e-08
7.48425e-09	2.95639e-15	1.08641e-23	5.24078e-08	1.00543e-07	2.90206e-08	9.73043e-08
4.65443e-09	3.8147e-16	4.89167e-25	1.95312e-08	2.76214e-08	1.96316e-08	2.8167e-08
6.09388e-09	1.33514e-15	4.48671e-24	3.90625e-08	4.88281e-08	3.84096e-08	4.5238e-08
6.37365e-09	1.71661e-15	5.87419e-24	3.90625e-08	6.55098e-08	2.98741e-08	6.31625e-08
6.96826e-09	1.71661e-15	6.0257e-24	3.90625e-08	5.69429e-08	3.84096e-08	5.20664e-08
7.13933e-09	2.86102e-15	1.04711e-23	4.88281e-08	8.34375e-08	3.92632e-08	8.1087e-08
7.39395e-09	1.14441e-15	3.23517e-24	3.90625e-08	4.88281e-08	3.07277e-08	4.5238e-08
4.73633e-09	5.72205e-16	9.23369e-25	2.76214e-08	3.52105e-08	2.04851e-08	3.15812e-08
4.91686e-09	9.53674e-16	1.60378e-24	2.92969e-08	5.25895e-08	2.73135e-08	5.12128e-08
8.32451e-09	1.81198e-15	8.52633e-24	3.90625e-08	6.25305e-08	3.84096e-08	6.14554e-08
6.56851e-09	1.62125e-15	5.17122e-24	3.90625e-08	5.69429e-08	3.75561e-08	5.29199e-08
1.04458e-08	2.00272e-15	1.14502e-23	3.90625e-08	6.55098e-08	3.84096e-08	6.31625e-08
5.77547e-09	9.53674e-16	2.24942e-24	2.92969e-08	4.36732e-08	2.98741e-08	4.09703e-08
3.97599e-09	9.53674e-17	6.07026e-26	9.76562e-09	1.38107e-08	9.38902e-09	1.45103e-08
9.17627e-09	1.23978e-15	5.89636e-24	2.92969e-08	5.25895e-08	2.98741e-08	4.95057e-08
2.3619e-08	6.00815e-15	7.28411e-23	7.8125e-08	1.00543e-07	7.85263e-08	9.55973e-08
5.92159e-09	1.04904e-15	2.58188e-24	2.92969e-08	4.88281e-08	2.98741e-08	4.69451e-08
5.39958e-09	1.62125e-15	4.41259e-24	3.90625e-08	5.69429e-08	3.32883e-08	5.29199e-08
5.53873e-09	1.14441e-15	3.28334e-24	2.92969e-08	4.88281e-08	2.98741e-08	4.86522e-08
1.08858e-08	1.43051e-15	9.06442e-24	2.92969e-08	5.69429e-08	2.98741e-08	5.71876e-08
7.36794e-09	1.71661e-15	6.57095e-24	4.88281e-08	5.69429e-08	3.92632e-08	5.63341e-08
7.97207e-09	1.62125e-15	6.54063e-24	3.90625e-08	5.69429e-08	3.92632e-08	5.54805e-08
7.59665e-09	1.43051e-15	5.91413e-24	3.90625e-08	5.52427e-08	3.92632e-08	5.54805e-08
5.94255e-09	1.04904e-15	2.48865e-24	2.92969e-08	4.97951e-08	2.98741e-08	4.86522e-08
1.54723e-08	4.95911e-15	4.28284e-23	7.66079e-08	9.76562e-08	6.57231e-08	9.47437e-08
5.4067e-09	9.53674e-16	2.2798e-24	2.92969e-08	4.88281e-08	2.30458e-08	4.86522e-08
8.83958e-09	1.43051e-15	6.58355e-24	2.92969e-08	5.69429e-08	2.98741e-08	5.71876e-08
8.62184e-09	1.71661e-15	7.27668e-24	3.90625e-08	5.69429e-08	3.84096e-08	5.20664e-08
9.2965e-09	1.81198e-15	1.00475e-23	3.90625e-08	6.25305e-08	3.84096e-08	6.14554e-08
6.60038e-09	1.62125e-15	5.83857e-24	3.90625e-08	5.69429e-08	3.92632e-08	5.54805e-08
5.65698e-09	2.57492e-15	5.83955e-24	5.02437e-08	1.00543e-07	2.98741e-08	9.38902e-08
9.94e-09	9.53674e-16	5.04132e-24	2.92969e-08	4.36732e-08	2.98741e-08	4.09703e-08
3.9939e-09	9.53674e-17	5.94771e-26	9.76562e-09	1.38107e-08	9.38902e-09	1.45103e-08
4.60189e-09	5.72205e-16	8.71025e-25	1.95312e-08	4.02647e-08	1.96316e-08	3.84096e-08
4.62493e-09	4.76837e-16	6.28509e-25	1.95312e-08	3.52105e-08	1.96316e-08	3.32883e-08
5.74514e-09	9.53674e-16	2.3798e-24	2.92969e-08	4.36732e-08	2.90206e-08	4.01167e-08
1.01272e-08	1.90735e-15	1.19027e-23	3.90625e-08	6.25305e-08	3.84096e-08	6.23089e-08
5.85571e-09	1.52588e-15	3.37377e-24	3.90625e-08	5.69429e-08	3.92632e-08	5.12128e-08
1.2157e-08	2.67029e-15	1.74149e-23	4.88281e-08	7.04209e-08	4.86522e-08	6.65767e-08
7.44886e-09	1.23978e-15	4.56968e-24	3.90625e-08	4.88281e-08	2.98741e-08	4.69451e-08
6.0673e-09	1.14441e-15	2.6411e-24	2.92969e-08	5.25895e-08	2.98741e-08	4.86522e-08
6.80222e-09	1.52588e-15	5.35891e-24	3.90625e-08	5.69429e-08	3.92632e-08	5.20664e-08
1.3697e-08	2.28882e-15	1.63818e-23	4.88281e-08	6.55098e-08	4.86522e-08	6.4016e-08
5.74745e-09	2.67029e-15	9.15153e-24	4.88281e-08	7.04209e-08	4.86522e-08	6.4016e-08
5.35267e-09	2.86102e-15	8.3076e-24	4.88281e-08	7.43728e-08	4.86522e-08	7.3405e-08
1.00039e-08	1.52588e-15	6.84576e-24	3.90625e-08	5.25895e-08	3.67025e-08	5.03593e-08
9.62329e-09	2.47955e-15	9.78442e-24	3.90625e-08	9.00346e-08	1.96316e-08	8.79153e-08
7.04072e-09	1.52588e-15	4.13143e-24	3.90625e-08	5.69429e-08	3.92632e-08	5.54805e-08
7.25213e-09	1.14441e-15	3.65017e-24	3.90625e-08	4.88281e-08	3.07277e-08	4.5238e-08
6.76024e-09	1.23978e-15	4.13376e-24	3.90625e-08	4.88281e-08	3.15812e-08	4.5238e-08
7.01004e-09	2.19345e-15	8.13662e-24	4.88281e-08	6.25305e-08	4.86522e-08	5.80412e-08
3.95641e-09	1.90735e-16	1.59875e-25	9.76562e-09	2.18366e-08	9.38902e-09	2.13387e-08
1.40904e-08	1.71661e-15	1.14663e-23	3.90625e-08	5.69429e-08	3.84096e-08	5.20664e-08
7.77672e-09	1.33514e-15	5.09898e-24	3.90625e-08	5.25895e-08	2.98741e-08	4.95057e-08
6.4533e-09	1.62125e-15	5.14151e-24	3.90625e-08	5.69429e-08	3.75561e-08	5.29199e-08
5.79463e-09	1.33514e-15	3.35553e-24	3.90625e-08	4.88281e-08	3.84096e-08	4.5238e-08
4.22201e-09	3.8147e-16	4.8403e-25	1.95312e-08	3.08816e-08	1.96316e-08	2.98741e-08
6.1583e-09	1.52588e-15	5.18389e-24	3.90625e-08	5.52427e-08	3.84096e-08	5.54805e-08
8.88806e-09	1.71661e-15	8.41031e-24	3.90625e-08	5.69429e-08	3.84096e-08	5.20664e-08
5.38618e-09	8.58307e-16	1.79418e-24	1.95312e-08	5.25895e-08	1.96316e-08	5.03593e-08
5.45402e-09	9.53674e-16	2.32759e-24	2.92969e-08	4.36732e-08	2.90206e-08	4.01167e-08
1.02654e-08	2.09808e-15	1.28643e-23	3.90625e-08	6.55098e-08	3.92632e-08	6.14554e-08
9.39419e-09	2.67029e-15	1.58854e-23	4.88281e-08	7.04209e-08	4.86522e-08	6.4016e-08
3.89307e-09	9.53674e-17	2.90358e-26	9.76562e-09	1.38107e-08	9.38902e-09	1.45103e-08
4.42844e-09	5.72205e-16	9.97162e-25	1.95312e-08	3.52105e-08	1.96316e-08	3.32883e-08
7.24859e-09	9.53674e-16	3.40621e-24	2.92969e-08	4.36732e-08	2.90206e-08	4.01167e-08
1.00914e-08	3.24249e-15	1.73527e-23	5.85937e-08	7.6272e-08	5.88947e-08	7.16979e-08
4.07543e-09	9.53674e-17	6.55367e-26	9.76562e-09	1.38107e-08	9.38902e-09	1.45103e-08
7.07677e-09	2.57492e-15	9.1644e-24	4.88281e-08	7.43728e-08	4.43844e-08	7.08444e-08
6.09637e-09	9.53674e-16	2.79623e-24	2.92969e-08	4.36732e-08	2.98741e-08	4.09703e-08
6.89685e-09	1.33514e-15	4.04063e-24	3.90625e-08	5.25895e-08	3.32883e-08	5.03593e-08
4.83752e-09	6.67572e-16	1.29722e-24	2.92969e-08	3.52105e-08	2.47529e-08	3.41419e-08
7.08208e-09	2.57492e-15	8.26849e-24	4.83374e-08	9.00346e-08	2.38993e-08	8.62082e-08
4.1139e-09	3.8147e-16	4.88217e-25	1.95312e-08	2.76214e-08	1.96316e-08	2.8167e-08
8.45217e-09	1.90735e-15	7.61911e-24	4.88281e-08	6.25305e-08	4.09703e-08	5.97483e-08
4.21978e-09	7.62939e-16	1.24042e-24	2.92969e-08	4.1432e-08	2.8167e-08	4.18238e-08
8.19778e-09	2.19345e-15	1.11355e-23	3.90625e-08	7.04209e-08	3.92632e-08	6.74302e-08
4.35904e-09	3.8147e-16	3.80942e-25	1.95312e-08	3.08816e-08	1.96316e-08	2.98741e-08
6.70258e-09	1.71661e-15	6.13804e-24	3.90625e-08	5.69429e-08	3.84096e-08	5.20664e-08
4.26333e-09	2.86102e-16	2.31383e-25	1.95312e-08	2.76214e-08	1.36568e-08	2.47529e-08
1.05872e-08	1.43051e-15	7.62469e-24	3.90625e-08	5.52427e-08	3.92632e-08	5.54805e-08
1.02799e-08	2.47955e-15	1.27956e-23	4.88281e-08	6.55098e-08	4.86522e-08	6.4016e-08
1.41259e-08	2.19345e-15	1.53815e-23	4.88281e-08	6.25305e-08	4.26773e-08	6.14554e-08
8.63799e-09	1.81198e-15	8.70483e-24	3.90625e-08	6.17632e-08	3.92632e-08	6.06018e-08
6.3145e-09	1.90735e-15	6.21834e-24	3.90625e-08	6.55098e-08	2.98741e-08	6.4016e-08
6.8501e-09	1.33514e-15	4.63946e-24	3.90625e-08	4.88281e-08	3.84096e-08	4.5238e-08
1.02005e-08	1.14441e-15	5.75498e-24	2.92969e-08	4.88281e-08	2.98741e-08	4.86522e-08
6.0015e-09	1.71661e-15	5.7103e-24	3.90625e-08	5.69429e-08	3.84096e-08	5.20664e-08
4.11694e-09	9.53674e-17	5.67307e-26	9.76562e-09	1.38107e-08	9.38902e-09	1.45103e-08
4.63187e-09	8.58307e-16	1.54255e-24	2.92969e-08	4.36732e-08	2.38993e-08	4.01167e-08
6.45664e-09	1.71661e-15	4.71195e-24	4.80405e-08	5.69429e-08	3.32883e-08	5.54805e-08
1.06479e-08	1.71661e-15	8.6238e-24	3.90625e-08	5.69429e-08	3.84096e-08	5.20664e-08
6.47831e-09	1.14441e-15	3.39488e-24	2.92969e-08	4.88281e-08	2.98741e-08	4.86522e-08
9.11235e-09	3.05176e-15	1.63034e-23	4.88281e-08	7.8733e-08	4.86522e-08	7.42586e-08
3.85421e-09	1.90735e-16	1.1521e-25	9.76562e-09	2.18366e-08	9.38902e-09	2.13387e-08
4.84027e-09	5.72205e-16	1.28908e-24	1.95312e-08	3.52105e-08	1.96316e-08	3.32883e-08
1.52013e-08	2.28882e-15	1.57705e-23	4.88281e-08	6.25305e-08	4.86522e-08	5.97483e-08
4.36616e-09	1.90735e-16	1.69895e-25	9.76562e-09	2.18366e-08	9.38902e-09	2.13387e-08
9.19538e-09	1.52588e-15	5.63476e-24	4.06275e-08	7.6272e-08	2.90206e-08	6.91373e-08
6.46029e-09	1.52588e-15	5.21839e-24	3.90625e-08	5.52427e-08	3.84096e-08	5.54805e-08
5.06898e-09	1.90735e-16	3.04143e-25	9.76562e-09	2.18366e-08	9.38902e-09	2.13387e-08
4.32997e-09	3.8147e-16	4.22401e-25	1.95312e-08	3.08816e-08	1.96316e-08	2.98741e-08
7.18647e-09	2.28882e-15	9.54735e-24	4.88281e-08	6.90534e-08	4.86522e-08	6.91373e-08
5.99917e-09	1.62125e-15	5.1965e-24	3.90625e-08	5.69429e-08	3.92632e-08	5.54805e-08
8.106e-09	1.62125e-15	6.09002e-24	3.90625e-08	5.69429e-08	3.75561e-08	5.29199e-08
5.81361e-09	1.23978e-15	3.27442e-24	3.90625e-08	4.88281e-08	2.98741e-08	4.69451e-08
5.01343e-09	6.67572e-16	9.87875e-25	2.92969e-08	4.02647e-08	2.04851e-08	3.92632e-08
8.90411e-09	1.62125e-15	7.6155e-24	3.90625e-08	5.69429e-08	3.92632e-08	5.54805e-08
5.38368e-09	1.71661e-15	4.15906e-24	4.80405e-08	5.69429e-08	3.32883e-08	5.54805e-08
7.38328e-09	1.71661e-15	7.05807e-24	3.90625e-08	5.69429e-08	3.84096e-08	5.20664e-08
6.49046e-09	1.81198e-15	7.01373e-24	3.90625e-08	6.25305e-08	3.84096e-08	6.14554e-08
8.54665e-09	2.67029e-15	1.16684e-23	4.88281e-08	7.43728e-08	4.5238e-08	7.08444e-08
1.42791e-08	2.57492e-15	1.69677e-23	4.88281e-08	7.8733e-08	4.86522e-08	7.42586e-08
8.7349e-09	1.81198e-15	8.77031e-24	3.90625e-08	6.25305e-08	3.84096e-08	6.14554e-08
1.03228e-08	3.43323e-15	2.2236e-23	4.88281e-08	8.40071e-08	4.86522e-08	8.02334e-08
5.58706e-09	2.47955e-15	6.2944e-24	5.52427e-08	7.04209e-08	4.5238e-08	6.74302e-08
7.13625e-09	2.09808e-15	8.50475e-24	4.88281e-08	6.25305e-08	4.18238e-08	5.71876e-08
7.63648e-09	2.28882e-15	9.14219e-24	4.88281e-08	6.90534e-08	4.86522e-08	6.91373e-08
1.24117e-08	7.43866e-15	5.92294e-23	6.83594e-08	1.4219e-07	6.82838e-08	1.37421e-07
5.30774e-09	1.62125e-15	3.88444e-24	2.92969e-08	6.55098e-08	2.90206e-08	6.31625e-08
9.59511e-09	1.71661e-15	9.26869e-24	3.90625e-08	5.69429e-08	3.84096e-08	5.20664e-08
9.45653e-09	1.14441e-15	5.43412e-24	3.90625e-08	4.88281e-08	2.98741e-08	4.5238e-08
3.79052e-09	9.53674e-17	4.3467e-26	9.76562e-09	1.38107e-08	9.38902e-09	1.45103e-08
5.07433e-09	7.62939e-16	1.32097e-24	2.92969e-08	4.36732e-08	1.96316e-08	4.09703e-08
7.03782e-09	2.00272e-15	7.52431e-24	3.90625e-08	6.55098e-08	3.92632e-08	6.06018e-08
1.02031e-08	1.62125e-15	8.81949e-24	3.90625e-08	5.69429e-08	3.75561e-08	5.29199e-08
9.29028e-09	3.43323e-15	1.55071e-23	5.85937e-08	7.8733e-08	5.88947e-08	7.59657e-08
6.38394e-09	2.47955e-15	7.42179e-24	4.73702e-08	8.73464e-08	3.41419e-08	8.1087e-08
5.36667e-09	1.14441e-15	2.80071e-24	2.92969e-08	4.88281e-08	2.98741e-08	4.86522e-08
4.68032e-09	8.58307e-16	1.9391e-24	2.92969e-08	4.1432e-08	2.98741e-08	4.18238e-08
6.36515e-09	1.90735e-15	6.55474e-24	3.90625e-08	6.25305e-08	3.84096e-08	6.23089e-08
5.58982e-09	1.90735e-15	4.69652e-24	3.78962e-08	8.73464e-08	2.90206e-08	8.45011e-08
9.1249e-09	2.00272e-15	1.00389e-23	4.88281e-08	6.25305e-08	4.43844e-08	5.80412e-08
7.09914e-09	1.14441e-15	4.43635e-24	2.92969e-08	4.88281e-08	2.98741e-08	4.86522e-08
6.58311e-09	1.81198e-15	6.02987e-24	3.90625e-08	6.25305e-08	3.84096e-08	6.14554e-08
6.33271e-09	1.71661e-15	5.5086e-24	3.90625e-08	6.25305e-08	3.67025e-08	6.23089e-08
1.52018e-08	2.67029e-15	2.1785e-23	5.85937e-08	7.04209e-08	4.86522e-08	6.65767e-08
6.81202e-09	2.00272e-15	7.77608e-24	3.90625e-08	6.55098e-08	3.92632e-08	6.23089e-08
7.53334e-09	1.14441e-15	3.62176e-24	2.92969e-08	5.25895e-08	2.98741e-08	4.86522e-08
4.985e-09	1.23978e-15	2.80131e-24	3.90625e-08	4.88281e-08	3.15812e-08	4.5238e-08
4.50577e-09	5.72205e-16	1.02733e-24	1.95312e-08	3.52105e-08	1.96316e-08	3.32883e-08
6.83414e-09	8.58307e-16	3.35208e-24	2.92969e-08	4.1432e-08	2.98741e-08	4.18238e-08
7.98843e-09	1.33514e-15	6.03669e-24	2.92969e-08	5.69429e-08	2.90206e-08	5.63341e-08
8.39622e-09	1.43051e-15	7.00021e-24	3.90625e-08	5.52427e-08	3.92632e-08	5.54805e-08
5.86376e-09	1.23978e-15	3.43873e-24	2.92969e-08	5.25895e-08	2.98741e-08	4.95057e-08
7.35182e-09	1.71661e-15	6.57411e-24	3.90625e-08	5.69429e-08	3.84096e-08	5.29199e-08
6.12864e-09	1.23978e-15	3.86858e-24	3.90625e-08	4.88281e-08	3.15812e-08	4.5238e-08
6.53756e-09	1.43051e-15	4.26817e-24	3.90625e-08	5.52427e-08	3.92632e-08	5.54805e-08
4.95838e-09	6.67572e-16	1.23639e-24	2.92969e-08	4.1432e-08	1.8778e-08	3.75561e-08
6.44808e-09	2.28882e-15	8.39149e-24	4.88281e-08	6.90534e-08	4.86522e-08	6.91373e-08
4.96826e-09	8.58307e-16	1.92179e-24	2.92969e-08	4.1432e-08	2.98741e-08	4.18238e-08
6.56117e-09	1.43051e-15	4.46609e-24	2.92969e-08	6.17632e-08	2.90206e-08	5.88947e-08
7.3356e-09	1.14441e-15	4.20145e-24	2.92969e-08	5.25895e-08	2.98741e-08	4.86522e-08
5.69415e-09	1.33514e-15	3.95706e-24	3.90625e-08	4.88281e-08	3.84096e-08	4.5238e-08
8.8376e-09	1.43051e-15	6.94988e-24	3.90625e-08	5.52427e-08	3.92632e-08	5.54805e-08
8.87335e-09	1.81198e-15	7.81139e-24	3.90625e-08	6.17632e-08	3.92632e-08	6.06018e-08
7.17003e-09	2.28882e-15	8.12969e-24	5.52427e-08	6.90534e-08	4.5238e-08	6.23089e-08
4.90281e-09	7.62939e-16	1.20043e-24	2.92969e-08	4.36732e-08	2.21922e-08	4.09703e-08
8.50502e-09	2.67029e-15	1.40959e-23	4.88281e-08	7.04209e-08	4.86522e-08	6.65767e-08
7.03021e-09	1.23978e-15	4.07784e-24	3.90625e-08	4.88281e-08	3.15812e-08	4.5238e-08
7.25327e-09	1.33514e-15	3.46567e-24	3.90625e-08	6.55098e-08	2.73135e-08	6.06018e-08
5.74437e-09	2.00272e-15	5.81281e-24	4.88281e-08	6.25305e-08	4.18238e-08	5.80412e-08
9.92367e-09	1.90735e-15	1.09529e-23	3.90625e-08	6.25305e-08	3.84096e-08	6.23089e-08
6.98571e-09	1.33514e-15	4.54136e-24	3.90625e-08	4.88281e-08	3.84096e-08	4.5238e-08
7.41927e-09	7.62939e-16	2.61304e-24	2.92969e-08	4.1432e-08	2.8167e-08	4.18238e-08
5.19123e-09	1.33514e-15	3.11073e-24	3.90625e-08	5.69429e-08	3.32883e-08	5.63341e-08
4.19521e-09	4.76837e-16	4.39795e-25	1.95312e-08	3.52105e-08	1.96316e-08	3.32883e-08
8.26459e-09	1.71661e-15	7.8296e-24	3.90625e-08	5.69429e-08	3.84096e-08	5.20664e-08
5.89371e-09	1.14441e-15	2.85899e-24	3.90625e-08	4.88281e-08	3.07277e-08	4.5238e-08
8.55707e-09	1.33514e-15	5.72862e-24	3.90625e-08	4.88281e-08	3.84096e-08	4.5238e-08
1.59472e-08	4.29153e-15	3.45157e-23	5.85937e-08	9.61803e-08	5.80412e-08	9.47437e-08
5.39425e-09	1.43051e-15	2.87223e-24	3.90625e-08	5.25895e-08	3.41419e-08	5.03593e-08
5.38631e-09	8.58307e-16	1.88924e-24	2.92969e-08	4.36732e-08	2.38993e-08	4.01167e-08
5.60126e-09	1.71661e-15	5.15626e-24	3.90625e-08	6.25305e-08	3.67025e-08	6.23089e-08
4.38646e-09	2.86102e-16	3.4891e-25	1.95312e-08	2.76214e-08	1.36568e-08	2.47529e-08
3.67128e-09	1.90735e-16	7.79826e-26	9.76562e-09	2.18366e-08	9.38902e-09	2.13387e-08
5.98464e-09	2.09808e-15	6.18484e-24	4.88281e-08	6.25305e-08	4.5238e-08	5.97483e-08
4.4603e-09	5.72205e-16	9.12337e-25	1.95312e-08	3.52105e-08	1.96316e-08	3.32883e-08
7.96625e-09	1.04904e-15	4.10834e-24	2.92969e-08	4.88281e-08	2.98741e-08	4.69451e-08
9.5574e-09	1.23978e-15	6.29725e-24	3.90625e-08	4.88281e-08	3.15812e-08	4.5238e-08
4.70803e-09	9.53674e-16	1.4635e-24	2.92969e-08	4.88281e-08	2.30458e-08	4.86522e-08
4.73658e-09	5.72205e-16	1.05195e-24	1.95312e-08	3.52105e-08	1.96316e-08	3.32883e-08
4.08487e-09	3.8147e-16	2.73871e-25	1.95312e-08	2.76214e-08	1.96316e-08	2.8167e-08
5.20263e-09	1.04904e-15	2.2342e-24	2.92969e-08	4.88281e-08	2.98741e-08	4.69451e-08
8.12566e-09	1.14441e-15	4.93786e-24	2.92969e-08	4.88281e-08	2.98741e-08	4.86522e-08
6.08375e-09	1.14441e-15	3.80898e-24	2.92969e-08	4.88281e-08	2.98741e-08	4.86522e-08
7.68822e-09	8.58307e-16	3.26281e-24	2.92969e-08	4.1432e-08	2.98741e-08	4.18238e-08
4.4449e-09	7.62939e-16	9.19322e-25	2.92969e-08	4.02647e-08	2.30458e-08	4.01167e-08
6.41711e-09	2.19345e-15	7.53684e-24	4.88281e-08	6.90534e-08	4.43844e-08	6.91373e-08
7.97792e-09	1.90735e-15	8.69131e-24	3.90625e-08	6.25305e-08	3.84096e-08	6.23089e-08
6.53841e-09	2.86102e-15	1.00561e-23	4.88281e-08	7.8733e-08	4.5238e-08	7.3405e-08
3.91567e-09	2.86102e-16	1.90316e-25	1.95312e-08	2.76214e-08	1.36568e-08	2.47529e-08
6.50999e-09	2.67029e-15	8.88782e-24	5.55869e-08	7.6272e-08	4.69451e-08	7.42586e-08
4.81707e-09	1.52588e-15	2.66493e-24	4.06275e-08	6.90534e-08	2.30458e-08	6.23089e-08
6.0572e-09	1.23978e-15	3.79222e-24	3.90625e-08	4.88281e-08	3.15812e-08	4.5238e-08
8.05017e-09	9.53674e-16	3.91508e-24	2.92969e-08	4.36732e-08	2.98741e-08	4.09703e-08
1.07044e-08	1.04904e-15	5.26481e-24	2.92969e-08	4.88281e-08	2.98741e-08	4.69451e-08
1.03773e-08	2.38419e-15	1.49578e-23	4.88281e-08	6.90534e-08	4.86522e-08	6.91373e-08
6.90594e-09	1.04904e-15	3.61529e-24	2.92969e-08	4.88281e-08	2.98741e-08	4.69451e-08
5.59075e-09	1.43051e-15	4.11098e-24	3.90625e-08	5.52427e-08	3.92632e-08	5.54805e-08
4.7721e-09	5.72205e-16	1.04272e-24	1.95312e-08	3.52105e-08	1.96316e-08	3.32883e-08
5.15921e-09	8.58307e-16	1.5241e-24	2.92969e-08	4.36732e-08	2.38993e-08	4.01167e-08
4.61821e-09	3.8147e-16	6.14181e-25	1.95312e-08	2.76214e-08	1.96316e-08	2.8167e-08
8.26865e-09	1.71661e-15	6.3159e-24	4.83374e-08	5.69429e-08	3.92632e-08	5.29199e-08
6.55575e-09	1.62125e-15	5.37382e-24	3.90625e-08	5.69429e-08	3.32883e-08	5.29199e-08
6.35332e-09	1.14441e-15	3.44658e-24	3.90625e-08	4.88281e-08	2.98741e-08	4.5238e-08
1.36056e-08	2.28882e-15	1.47354e-23	4.88281e-08	6.55098e-08	4.86522e-08	6.4016e-08
1.47324e-08	4.57764e-15	2.80906e-23	6.69916e-08	1.19205e-07	4.18238e-08	1.12668e-07
1.17075e-08	2.38419e-15	1.49399e-23	4.88281e-08	7.04209e-08	4.5238e-08	6.74302e-08
5.03442e-09	9.53674e-16	1.80481e-24	2.92969e-08	4.36732e-08	2.90206e-08	4.01167e-08
6.92728e-09	2.47955e-15	6.76208e-24	5.44758e-08	8.40071e-08	3.92632e-08	7.85263e-08
7.89285e-09	1.81198e-15	8.48008e-24	3.90625e-08	6.25305e-08	3.84096e-08	6.14554e-08
5.08512e-09	1.04904e-15	1.90993e-24	3.90625e-08	4.36732e-08	2.90206e-08	4.26773e-08
5.45066e-09	2.28882e-15	6.46171e-24	4.88281e-08	6.55098e-08	4.01167e-08	6.4016e-08
5.85025e-09	1.52588e-15	4.81367e-24	3.90625e-08	5.52427e-08	3.84096e-08	5.54805e-08
1.1091e-08	3.14713e-15	1.33371e-23	5.25895e-08	9.26449e-08	2.98741e-08	9.0476e-08
5.93888e-09	1.23978e-15	3.81625e-24	3.90625e-08	4.88281e-08	3.15812e-08	4.5238e-08
6.9351e-09	1.62125e-15	5.94488e-24	3.90625e-08	5.69429e-08	3.75561e-08	5.29199e-08
4.39313e-09	1.90735e-16	2.87329e-25	9.76562e-09	2.18366e-08	9.38902e-09	2.13387e-08
4.64093e-09	9.53674e-17	1.07401e-25	9.76562e-09	1.38107e-08	9.38902e-09	1.45103e-08
8.16103e-09	1.90735e-15	8.44558e-24	4.88281e-08	6.25305e-08	4.09703e-08	5.97483e-08
4.40452e-09	5.72205e-16	5.79164e-25	2.76214e-08	3.52105e-08	2.04851e-08	3.15812e-08
4.20785e-09	1.90735e-16	1.53213e-25	9.76562e-09	2.18366e-08	9.38902e-09	2.13387e-08
9.04069e-09	1.71661e-15	8.47659e-24	3.90625e-08	5.69429e-08	3.84096e-08	5.20664e-08
7.6264e-09	2.28882e-15	9.70543e-24	4.88281e-08	6.25305e-08	4.86522e-08	6.14554e-08
5.99926e-09	1.14441e-15	4.76201e-24	2.92969e-08	4.88281e-08	2.98741e-08	4.86522e-08
7.33206e-09	1.71661e-15	7.53755e-24	3.90625e-08	5.69429e-08	3.84096e-08	5.20664e-08
4.19911e-09	4.76837e-16	6.89621e-25	1.95312e-08	3.52105e-08	1.96316e-08	3.32883e-08
9.3592e-09	1.14441e-15	5.70762e-24	2.92969e-08	4.88281e-08	2.98741e-08	4.86522e-08
6.34868e-09	1.52588e-15	4.43048e-24	3.90625e-08	5.69429e-08	3.32883e-08	5.29199e-08
5.71979e-09	8.58307e-16	2.44961e-24	2.92969e-08	4.1432e-08	2.98741e-08	4.18238e-08
9.14108e-09	2.00272e-15	8.30223e-24	4.88281e-08	6.25305e-08	4.43844e-08	5.80412e-08
5.88223e-09	1.23978e-15	3.58727e-24	3.90625e-08	4.88281e-08	3.15812e-08	4.5238e-08
4.91557e-09	9.53674e-16	1.7864e-24	2.92969e-08	4.88281e-08	2.30458e-08	4.86522e-08
7.62045e-09	1.43051e-15	4.94699e-24	3.90625e-08	5.52427e-08	3.92632e-08	5.54805e-08
1.2576e-08	3.8147e-15	1.94952e-23	6.05469e-08	1.13886e-07	3.41419e-08	1.09254e-07
8.42286e-09	2.00272e-15	9.17603e-24	4.88281e-08	6.25305e-08	4.18238e-08	5.80412e-08
5.51763e-09	1.43051e-15	3.77114e-24	3.90625e-08	5.69429e-08	3.15812e-08	5.4627e-08
1.97049e-08	5.05447e-15	5.19588e-23	6.83594e-08	9.61803e-08	6.82838e-08	9.13295e-08
6.52732e-09	7.62939e-16	2.11151e-24	2.92969e-08	4.1432e-08	2.8167e-08	4.18238e-08
8.75909e-09	1.04904e-15	4.22157e-24	3.90625e-08	4.88281e-08	2.47529e-08	4.5238e-08
4.67298e-09	8.58307e-16	1.41261e-24	2.92969e-08	4.36732e-08	2.38993e-08	4.01167e-08
5.15112e-09	1.04904e-15	2.16277e-24	2.92969e-08	4.97951e-08	2.98741e-08	4.86522e-08
7.71683e-09	2.09808e-15	8.58682e-24	4.88281e-08	6.25305e-08	4.43844e-08	5.88947e-08
4.86821e-09	3.8147e-16	5.45097e-25	1.95312e-08	3.08816e-08	1.96316e-08	2.98741e-08
6.14807e-09	3.8147e-16	1.01303e-24	1.95312e-08	2.76214e-08	1.96316e-08	2.8167e-08
9.03942e-09	1.81198e-15	9.1587e-24	3.90625e-08	6.25305e-08	3.84096e-08	6.14554e-08
8.29775e-09	2.86102e-15	1.37901e-23	4.88281e-08	7.6272e-08	4.86522e-08	7.42586e-08
1.06257e-08	2.28882e-15	1.47181e-23	3.90625e-08	7.04209e-08	3.84096e-08	6.74302e-08
9.54045e-09	2.00272e-15	1.03511e-23	3.90625e-08	6.55098e-08	3.92632e-08	6.06018e-08
4.63772e-09	1.23978e-15	2.50406e-24	3.90625e-08	4.88281e-08	3.15812e-08	4.5238e-08
1.40451e-08	2.95639e-15	2.05678e-23	5.85937e-08	7.10948e-08	5.29199e-08	6.91373e-08
1.2362e-08	2.28882e-15	1.43151e-23	4.88281e-08	6.55098e-08	4.69451e-08	6.4016e-08
5.47771e-09	5.72205e-16	8.04211e-25	2.76214e-08	3.52105e-08	2.04851e-08	3.15812e-08
4.95181e-09	6.67572e-16	1.0166e-24	2.92969e-08	4.1432e-08	1.8778e-08	3.75561e-08
9.48678e-09	4.86374e-15	2.08332e-23	6.41145e-08	1.27328e-07	2.04851e-08	1.22057e-07
8.52646e-09	1.62125e-15	7.50633e-24	3.90625e-08	5.69429e-08	3.92632e-08	5.54805e-08
1.71315e-08	7.05719e-15	4.48785e-23	1.07422e-07	1.35668e-07	7.3405e-08	1.16082e-07
9.78149e-09	2.38419e-15	1.1632e-23	4.88281e-08	6.55098e-08	4.95057e-08	6.31625e-08
1.45346e-08	4.673e-15	3.99915e-23	6.83594e-08	9.00346e-08	6.82838e-08	8.62082e-08
7.65413e-09	1.52588e-15	5.7421e-24	3.90625e-08	5.69429e-08	3.67025e-08	5.29199e-08
6.70633e-09	7.62939e-16	2.49336e-24	2.92969e-08	4.1432e-08	2.8167e-08	4.18238e-08
6.02815e-09	1.23978e-15	3.60455e-24	3.90625e-08	4.88281e-08	3.15812e-08	4.5238e-08
8.53609e-09	1.52588e-15	7.00011e-24	3.90625e-08	5.25895e-08	3.67025e-08	5.03593e-08
8.59945e-09	1.81198e-15	8.75623e-24	3.90625e-08	6.17632e-08	3.92632e-08	6.06018e-08
6.46908e-09	2.38419e-15	8.38038e-24	4.88281e-08	7.04209e-08	4.86522e-08	6.74302e-08
5.04807e-09	3.8147e-16	8.57153e-25	1.95312e-08	2.76214e-08	1.96316e-08	2.8167e-08
6.02059e-09	9.53674e-16	2.23817e-24	2.92969e-08	5.25895e-08	2.30458e-08	5.03593e-08
6.97531e-09	2.19345e-15	6.23114e-24	4.83374e-08	8.40071e-08	2.56064e-08	7.93799e-08
4.91713e-09	1.23978e-15	2.54161e-24	3.90625e-08	4.88281e-08	3.15812e-08	4.5238e-08
5.84026e-09	3.8147e-16	1.00785e-24	1.95312e-08	2.76214e-08	1.96316e-08	2.8167e-08
7.69534e-09	2.19345e-15	9.61248e-24	4.88281e-08	6.25305e-08	4.86522e-08	5.80412e-08
6.49475e-09	1.71661e-15	6.32817e-24	3.90625e-08	5.69429e-08	3.84096e-08	5.20664e-08
6.31977e-09	1.14441e-15	4.01172e-24	2.92969e-08	4.88281e-08	2.98741e-08	4.86522e-08
1.06175e-08	2.19345e-15	1.28306e-23	4.88281e-08	6.25305e-08	4.86522e-08	5.80412e-08
7.24357e-09	1.14441e-15	4.29124e-24	2.92969e-08	4.88281e-08	2.98741e-08	4.86522e-08
8.06898e-09	1.52588e-15	6.65963e-24	3.90625e-08	5.69429e-08	3.5849e-08	5.29199e-08
5.53331e-09	1.33514e-15	3.43221e-24	3.90625e-08	4.88281e-08	3.84096e-08	4.5238e-08
1.15162e-08	1.23978e-15	7.96988e-24	2.92969e-08	5.25895e-08	2.98741e-08	4.95057e-08
5.16277e-09	7.62939e-16	1.31471e-24	2.92969e-08	4.36732e-08	2.30458e-08	4.09703e-08
8.09178e-09	1.43051e-15	5.08471e-24	3.90625e-08	5.25895e-08	3.75561e-08	5.03593e-08
4.7686e-09	1.90735e-16	2.69502e-25	9.76562e-09	2.18366e-08	9.38902e-09	2.13387e-08
3.27237e-09	9.53674e-17	-3.25759e-27	9.76562e-09	1.38107e-08	9.38902e-09	1.45103e-08
8.46529e-09	2.09808e-15	1.00678e-23	3.90625e-08	7.04209e-08	3.84096e-08	6.74302e-08
1.49177e-08	1.71661e-15	1.22187e-23	3.90625e-08	5.9402e-08	3.92632e-08	5.88947e-08
7.51848e-09	2.00272e-15	8.08634e-24	3.90625e-08	6.55098e-08	3.92632e-08	6.23089e-08
6.46428e-09	2.19345e-15	7.74393e-24	4.88281e-08	6.25305e-08	4.86522e-08	5.80412e-08
7.90158e-09	1.90735e-15	8.59218e-24	3.90625e-08	6.25305e-08	3.84096e-08	6.23089e-08
5.86598e-09	1.23978e-15	3.60139e-24	2.92969e-08	5.25895e-08	2.98741e-08	4.95057e-08
1.33528e-08	3.33786e-15	2.09549e-23	5.85937e-08	7.8733e-08	5.88947e-08	7.42586e-08
7.12488e-09	1.14441e-15	4.2281e-24	2.92969e-08	4.88281e-08	2.98741e-08	4.86522e-08
6.90655e-09	1.33514e-15	5.17321e-24	2.92969e-08	5.69429e-08	2.90206e-08	5.63341e-08
9.25362e-09	2.38419e-15	1.19909e-23	4.88281e-08	6.55098e-08	4.95057e-08	6.31625e-08
8.823e-09	1.52588e-15	7.15308e-24	3.90625e-08	5.52427e-08	3.92632e-08	5.20664e-08
9.1559e-09	2.47955e-15	1.21359e-23	4.88281e-08	7.04209e-08	4.86522e-08	6.57231e-08
4.39618e-09	4.76837e-16	7.16262e-25	1.95312e-08	3.52105e-08	1.96316e-08	3.32883e-08
1.08562e-08	1.43051e-15	8.24134e-24	3.90625e-08	5.52427e-08	3.92632e-08	5.54805e-08
4.20667e-09	9.53674e-17	5.81815e-26	9.76562e-09	1.38107e-08	9.38902e-09	1.45103e-08
1.00593e-08	2.00272e-15	1.11524e-23	3.90625e-08	6.55098e-08	3.92632e-08	6.06018e-08
6.8002e-09	1.04904e-15	3.6313e-24	2.92969e-08	4.88281e-08	2.98741e-08	4.69451e-08
5.21896e-09	1.04904e-15	2.17053e-24	3.90625e-08	4.36732e-08	2.90206e-08	4.26773e-08
5.88309e-09	1.81198e-15	5.53442e-24	3.90625e-08	6.17632e-08	3.84096e-08	6.06018e-08
1.21239e-08	2.09808e-15	1.17494e-23	4.88281e-08	6.55098e-08	3.92632e-08	6.14554e-08
5.03203e-09	9.53674e-16	2.21225e-24	2.92969e-08	4.36732e-08	2.98741e-08	4.09703e-08
7.4774e-09	2.28882e-15	1.0324e-23	3.90625e-08	7.04209e-08	3.84096e-08	6.74302e-08
6.35612e-09	1.90735e-15	6.7142e-24	3.90625e-08	6.25305e-08	3.84096e-08	6.23089e-08
1.04826e-08	1.81198e-15	1.0194e-23	3.90625e-08	6.25305e-08	3.84096e-08	6.14554e-08
4.71996e-09	6.67572e-16	8.74165e-25	2.92969e-08	4.36732e-08	1.36568e-08	4.01167e-08
1.86303e-08	3.8147e-15	3.44871e-23	5.85937e-08	8.34375e-08	5.88947e-08	7.85263e-08
6.29201e-09	1.43051e-15	4.44995e-24	3.90625e-08	5.52427e-08	3.92632e-08	5.54805e-08
6.85677e-09	2.09808e-15	7.8387e-24	4.88281e-08	6.90534e-08	4.18238e-08	6.91373e-08
9.02634e-09	6.67572e-16	2.93027e-24	1.95312e-08	4.36732e-08	1.96316e-08	4.26773e-08
8.7397e-09	1.33514e-15	6.97682e-24	3.90625e-08	4.88281e-08	3.84096e-08	4.5238e-08
6.25539e-09	1.71661e-15	5.0097e-24	4.83374e-08	5.69429e-08	3.92632e-08	5.29199e-08
7.72405e-09	2.47955e-15	1.02505e-23	4.88281e-08	7.04209e-08	4.69451e-08	6.74302e-08
5.78738e-09	1.81198e-15	6.0342e-24	3.90625e-08	6.17632e-08	3.92632e-08	6.06018e-08
7.53696e-09	1.43051e-15	5.68338e-24	3.90625e-08	5.52427e-08	3.92632e-08	5.54805e-08
5.3649e-09	7.62939e-16	1.47216e-24	2.92969e-08	4.02647e-08	2.30458e-08	4.01167e-08
4.59703e-09	7.62939e-16	1.2971e-24	2.92969e-08	4.1432e-08	2.8167e-08	4.18238e-08
1.26637e-08	2.57492e-15	1.72168e-23	4.88281e-08	7.04209e-08	4.86522e-08	6.4016e-08
7.04013e-09	2.19345e-15	8.66485e-24	4.88281e-08	6.25305e-08	4.86522e-08	5.80412e-08
1.12686e-08	1.71661e-15	1.00522e-23	3.90625e-08	5.69429e-08	3.84096e-08	5.20664e-08
1.23566e-08	2.09808e-15	1.21761e-23	4.88281e-08	6.25305e-08	4.18238e-08	5.71876e-08
8.84155e-09	2.76566e-15	1.30155e-23	5.85937e-08	7.04209e-08	4.95057e-08	6.74302e-08
3.50945e-09	9.53674e-17	1.5284e-26	9.76562e-09	1.38107e-08	9.38902e-09	1.45103e-08
8.11357e-09	1.04904e-15	4.35767e-24	2.92969e-08	4.88281e-08	2.98741e-08	4.69451e-08
4.57714e-09	3.8147e-16	5.41216e-25	1.95312e-08	2.76214e-08	1.96316e-08	2.8167e-08
6.48061e-09	7.62939e-16	1.89482e-24	2.92969e-08	4.02647e-08	2.30458e-08	4.01167e-08
1.24487e-08	1.14441e-15	6.60509e-24	2.92969e-08	4.88281e-08	2.98741e-08	4.86522e-08
7.86962e-09	2.19345e-15	9.9608e-24	3.90625e-08	7.04209e-08	3.92632e-08	6.74302e-08
1.01907e-08	2.67029e-15	8.66431e-24	5.21073e-08	9.21287e-08	2.90206e-08	8.62082e-08
7.06267e-09	1.81198e-15	7.47718e-24	3.90625e-08	6.25305e-08	3.84096e-08	6.14554e-08
5.48521e-09	1.71661e-15	4.40286e-24	4.83374e-08	5.69429e-08	3.92632e-08	5.54805e-08
4.35538e-09	6.67572e-16	8.38327e-25	2.92969e-08	3.52105e-08	2.47529e-08	3.41419e-08
5.12315e-09	9.53674e-16	1.96929e-24	2.92969e-08	4.88281e-08	2.30458e-08	4.86522e-08
1.59535e-08	2.57492e-15	2.16596e-23	4.88281e-08	7.04209e-08	4.86522e-08	6.4016e-08
1.87672e-08	2.57492e-15	2.53306e-23	4.88281e-08	7.04209e-08	4.95057e-08	6.91373e-08
4.89967e-09	7.62939e-16	1.33389e-24	1.95312e-08	5.25895e-08	1.96316e-08	5.03593e-08
4.17406e-09	3.8147e-16	4.64163e-25	1.95312e-08	2.76214e-08	1.96316e-08	2.8167e-08
1.21263e-08	1.33514e-15	7.00291e-24	3.90625e-08	4.88281e-08	3.84096e-08	4.5238e-08
9.22298e-09	1.71661e-15	8.12256e-24	3.90625e-08	6.25305e-08	3.92632e-08	5.97483e-08
7.37722e-09	2.09808e-15	6.87559e-24	4.88281e-08	6.55098e-08	3.92632e-08	6.4016e-08
7.51189e-09	3.52859e-15	1.265e-23	5.36255e-08	1.09183e-07	2.04851e-08	1.0584e-07
6.6381e-09	8.58307e-16	2.3696e-24	2.92969e-08	4.36732e-08	2.04851e-08	4.26773e-08
4.13759e-09	3.8147e-16	3.66767e-25	1.95312e-08	3.08816e-08	1.96316e-08	2.98741e-08
1.06764e-08	2.67029e-15	1.56995e-23	4.88281e-08	7.04209e-08	4.86522e-08	6.4016e-08
1.78594e-08	2.19345e-15	1.53501e-23	4.88281e-08	6.25305e-08	4.77986e-08	5.88947e-08
5.00008e-09	5.72205e-16	1.03739e-24	1.95312e-08	3.52105e-08	1.96316e-08	3.32883e-08
7.29349e-09	1.52588e-15	6.17594e-24	3.90625e-08	5.52427e-08	3.92632e-08	5.20664e-08
6.07452e-09	1.14441e-15	3.10864e-24	3.90625e-08	4.36732e-08	2.8167e-08	4.18238e-08
6.89505e-09	2.47955e-15	7.42167e-24	4.36732e-08	9.21287e-08	2.04851e-08	8.53547e-08
6.36704e-09	3.8147e-16	1.20125e-24	9.76562e-09	4.02647e-08	9.38902e-09	4.01167e-08
9.33759e-09	1.90735e-15	1.00099e-23	4.88281e-08	5.69429e-08	4.5238e-08	5.54805e-08
6.7826e-09	2.00272e-15	7.36047e-24	3.90625e-08	6.55098e-08	3.92632e-08	6.06018e-08
5.65819e-09	8.58307e-16	1.81753e-24	2.92969e-08	4.36732e-08	2.90206e-08	4.26773e-08
1.06015e-08	4.00543e-15	1.66779e-23	5.93526e-08	1.32827e-07	3.41419e-08	1.23764e-07
5.2096e-09	8.58307e-16	2.38785e-24	2.92969e-08	4.1432e-08	2.98741e-08	4.18238e-08
1.21255e-08	2.67029e-15	1.81794e-23	4.88281e-08	7.04209e-08	4.86522e-08	6.4016e-08
5.01221e-09	9.53674e-16	2.0553e-24	2.92969e-08	4.36732e-08	2.90206e-08	4.01167e-08
1.13475e-08	2.38419e-15	1.25315e-23	5.85937e-08	6.55098e-08	4.86522e-08	6.14554e-08
6.01677e-09	1.33514e-15	4.00806e-24	3.90625e-08	4.88281e-08	3.84096e-08	4.5238e-08
5.52438e-09	1.14441e-15	2.72283e-24	3.90625e-08	4.97951e-08	3.32883e-08	4.95057e-08
7.22939e-09	1.81198e-15	6.28391e-24	3.90625e-08	6.25305e-08	3.84096e-08	6.14554e-08
7.03288e-09	1.14441e-15	4.4667e-24	2.92969e-08	4.88281e-08	2.98741e-08	4.86522e-08
5.64894e-09	7.62939e-16	1.48959e-24	2.92969e-08	4.1432e-08	2.8167e-08	4.18238e-08
4.58762e-09	5.72205e-16	7.72715e-25	2.76214e-08	4.1432e-08	1.96316e-08	3.49954e-08
1.60987e-08	2.19345e-15	1.99417e-23	3.90625e-08	7.04209e-08	3.92632e-08	6.74302e-08
1.31623e-08	1.81198e-15	1.2212e-23	3.90625e-08	6.25305e-08	3.84096e-08	6.14554e-08
6.17928e-09	1.71661e-15	4.15323e-24	3.90625e-08	5.69429e-08	3.84096e-08	5.20664e-08
1.1786e-08	2.19345e-15	1.51163e-23	4.88281e-08	6.25305e-08	4.86522e-08	5.80412e-08
7.62349e-09	2.00272e-15	7.50523e-24	4.88281e-08	5.69429e-08	4.18238e-08	5.71876e-08
7.72107e-09	2.19345e-15	8.92914e-24	4.88281e-08	6.25305e-08	4.86522e-08	5.80412e-08
1.27089e-08	2.19345e-15	1.41898e-23	4.88281e-08	6.55098e-08	4.09703e-08	6.31625e-08
7.79036e-09	2.47955e-15	7.53338e-24	4.88281e-08	6.55098e-08	4.86522e-08	6.4016e-08
4.67128e-09	3.8147e-16	6.10087e-25	1.95312e-08	2.76214e-08	1.96316e-08	2.8167e-08
4.51714e-09	4.76837e-16	6.87397e-25	1.95312e-08	3.52105e-08	1.96316e-08	3.32883e-08
3.96861e-09	4.76837e-16	3.52597e-25	1.95312e-08	3.52105e-08	1.96316e-08	3.32883e-08
1.67562e-08	3.14713e-15	2.79614e-23	4.88281e-08	7.8733e-08	4.86522e-08	7.42586e-08
9.12321e-09	3.05176e-15	1.77274e-23	3.90625e-08	8.73464e-08	3.84096e-08	8.45011e-08
1.00625e-08	2.00272e-15	1.12805e-23	3.90625e-08	6.55098e-08	3.92632e-08	6.06018e-08
4.74482e-09	9.53674e-16	1.51685e-24	2.92969e-08	4.36732e-08	2.98741e-08	4.09703e-08
4.09321e-09	1.90735e-16	1.56707e-25	9.76562e-09	2.18366e-08	9.38902e-09	2.13387e-08
6.06184e-09	1.33514e-15	4.1105e-24	3.90625e-08	4.88281e-08	3.84096e-08	4.5238e-08
1.20755e-08	1.62125e-15	9.49422e-24	3.90625e-08	6.17632e-08	3.75561e-08	5.88947e-08
8.40547e-09	2.86102e-15	1.20068e-23	4.88281e-08	7.43728e-08	4.86522e-08	7.3405e-08
9.46971e-09	1.14441e-15	6.25822e-24	2.92969e-08	4.88281e-08	2.98741e-08	4.86522e-08
1.06455e-08	1.52588e-15	8.4644e-24	3.90625e-08	5.69429e-08	3.92632e-08	5.20664e-08
4.29725e-09	4.76837e-16	5.07088e-25	1.95312e-08	3.52105e-08	1.96316e-08	3.32883e-08
1.51114e-08	3.91006e-15	2.40935e-23	5.55869e-08	1.09183e-07	4.5238e-08	1.02426e-07
1.25015e-08	1.43051e-15	8.66858e-24	3.90625e-08	5.52427e-08	3.92632e-08	5.54805e-08
6.95764e-09	2.57492e-15	8.40124e-24	4.88281e-08	7.04209e-08	4.86522e-08	6.4016e-08
6.2539e-09	2.38419e-15	7.64991e-24	5.67752e-08	9.00346e-08	3.84096e-08	8.62082e-08
1.01497e-08	1.90735e-15	9.75069e-24	3.90625e-08	6.55098e-08	3.92632e-08	6.06018e-08
5.98313e-09	1.71661e-15	5.75351e-24	3.90625e-08	6.25305e-08	3.67025e-08	6.23089e-08
1.32189e-08	1.71661e-15	1.128e-23	3.90625e-08	5.69429e-08	3.84096e-08	5.20664e-08
9.0735e-09	1.62125e-15	7.42959e-24	3.90625e-08	5.69429e-08	3.32883e-08	5.29199e-08
4.56201e-09	1.90735e-16	1.8886e-25	9.76562e-09	2.18366e-08	9.38902e-09	2.13387e-08
1.51927e-08	1.81198e-15	1.21187e-23	3.90625e-08	6.25305e-08	3.84096e-08	6.14554e-08
3.9418e-09	9.53674e-17	5.25194e-26	9.76562e-09	1.38107e-08	9.38902e-09	1.45103e-08
1.18196e-08	2.38419e-15	1.35382e-23	4.88281e-08	7.43728e-08	4.18238e-08	7.16979e-08
5.86828e-09	1.62125e-15	4.37997e-24	3.90625e-08	5.69429e-08	3.75561e-08	5.29199e-08
9.83625e-09	1.71661e-15	6.90226e-24	4.83374e-08	5.69429e-08	3.92632e-08	5.29199e-08
7.82961e-09	1.90735e-15	8.1473e-24	4.88281e-08	6.25305e-08	4.09703e-08	5.97483e-08
4.86043e-09	4.76837e-16	7.70984e-25	1.95312e-08	3.52105e-08	1.96316e-08	3.32883e-08
6.55226e-09	1.14441e-15	3.72569e-24	2.92969e-08	4.88281e-08	2.98741e-08	4.86522e-08
5.21482e-09	1.62125e-15	3.94252e-24	3.90625e-08	5.69429e-08	3.92632e-08	5.54805e-08
7.45812e-09	2.00272e-15	7.88271e-24	4.88281e-08	5.69429e-08	4.18238e-08	5.71876e-08
1.81288e-08	3.52859e-15	3.15262e-23	5.85937e-08	8.28641e-08	5.88947e-08	7.93799e-08
6.48723e-09	1.23978e-15	3.89254e-24	2.92969e-08	5.25895e-08	2.98741e-08	4.95057e-08
8.7731e-09	1.43051e-15	6.45932e-24	2.92969e-08	5.69429e-08	2.98741e-08	5.71876e-08
1.19385e-08	1.04904e-15	5.96371e-24	2.92969e-08	4.88281e-08	2.98741e-08	4.69451e-08
4.35256e-09	4.76837e-16	4.73365e-25	1.95312e-08	3.52105e-08	1.96316e-08	3.32883e-08
6.25495e-09	1.23978e-15	3.53819e-24	3.90625e-08	4.88281e-08	2.98741e-08	4.69451e-08
5.23173e-09	1.14441e-15	2.48491e-24	3.90625e-08	4.88281e-08	3.07277e-08	4.5238e-08
5.06792e-09	5.72205e-16	1.19665e-24	1.95312e-08	3.52105e-08	1.96316e-08	3.32883e-08
3.98724e-09	2.86102e-16	2.08638e-25	1.95312e-08	2.76214e-08	1.36568e-08	2.47529e-08
1.27184e-08	2.19345e-15	1.14294e-23	4.88281e-08	6.55098e-08	4.77986e-08	6.31625e-08
8.39889e-09	1.62125e-15	8.11403e-24	3.90625e-08	5.69429e-08	3.75561e-08	5.29199e-08
1.16748e-08	2.38419e-15	1.41663e-23	4.88281e-08	7.04209e-08	4.5238e-08	6.74302e-08
1.06893e-08	1.23978e-15	5.87271e-24	3.90625e-08	4.88281e-08	3.15812e-08	4.5238e-08
6.3854e-09	1.81198e-15	5.63357e-24	4.83374e-08	6.25305e-08	3.75561e-08	6.14554e-08
6.83088e-09	1.23978e-15	4.39091e-24	2.92969e-08	5.69429e-08	2.98741e-08	5.71876e-08
8.32577e-09	1.23978e-15	5.00584e-24	3.90625e-08	4.88281e-08	2.98741e-08	4.69451e-08
6.98915e-09	2.67029e-15	9.22969e-24	4.88281e-08	7.04209e-08	4.86522e-08	6.65767e-08
7.55697e-09	2.09808e-15	9.19948e-24	4.88281e-08	6.25305e-08	4.18238e-08	5.71876e-08
8.97756e-09	1.43051e-15	6.74398e-24	3.90625e-08	5.52427e-08	3.92632e-08	5.54805e-08
4.37693e-09	8.58307e-16	1.35337e-24	2.92969e-08	4.36732e-08	2.38993e-08	4.01167e-08
4.46784e-09	5.72205e-16	9.19786e-25	1.95312e-08	3.52105e-08	1.96316e-08	3.32883e-08
5.96665e-09	1.52588e-15	4.20546e-24	3.90625e-08	5.25895e-08	3.67025e-08	5.03593e-08
4.01922e-09	9.53674e-17	4.12716e-26	9.76562e-09	1.38107e-08	9.38902e-09	1.45103e-08
6.47989e-09	1.52588e-15	4.82657e-24	3.90625e-08	5.69429e-08	2.90206e-08	5.54805e-08
4.6632e-09	7.62939e-16	1.06435e-24	2.92969e-08	4.02647e-08	2.30458e-08	4.01167e-08
9.53096e-09	1.52588e-15	9.15358e-24	3.90625e-08	5.52427e-08	3.84096e-08	5.54805e-08
6.85726e-09	7.62939e-16	2.99032e-24	1.95312e-08	4.36732e-08	1.96316e-08	4.18238e-08
3.53698e-09	1.90735e-16	6.19318e-26	9.76562e-09	2.18366e-08	9.38902e-09	2.13387e-08
5.12356e-09	1.33514e-15	3.119e-24	3.90625e-08	4.97951e-08	3.67025e-08	4.86522e-08
4.29009e-09	4.76837e-16	4.47739e-25	2.76214e-08	3.08816e-08	1.45103e-08	2.98741e-08
5.35313e-09	8.58307e-16	1.77332e-24	2.92969e-08	4.36732e-08	2.38993e-08	4.01167e-08
6.30646e-09	7.62939e-16	1.78838e-24	1.95312e-08	4.36732e-08	1.96316e-08	4.18238e-08
5.62298e-09	1.62125e-15	4.28922e-24	3.90625e-08	5.69429e-08	3.75561e-08	5.29199e-08
5.8781e-09	1.90735e-15	6.80473e-24	3.90625e-08	6.25305e-08	3.84096e-08	6.23089e-08
1.1138e-08	1.71661e-15	1.08728e-23	3.90625e-08	5.69429e-08	3.84096e-08	5.20664e-08
8.1507e-09	1.81198e-15	8.51192e-24	3.90625e-08	6.25305e-08	3.84096e-08	6.14554e-08
8.04793e-09	1.81198e-15	7.82002e-24	3.90625e-08	6.25305e-08	3.84096e-08	6.14554e-08
7.29308e-09	1.62125e-15	5.66302e-24	3.90625e-08	5.69429e-08	3.75561e-08	5.29199e-08
4.52281e-09	6.67572e-16	9.0724e-25	2.76214e-08	4.1432e-08	1.45103e-08	4.18238e-08
4.65015e-09	1.33514e-15	2.95618e-24	2.92969e-08	5.69429e-08	2.90206e-08	5.63341e-08
6.17487e-09	1.04904e-15	2.61874e-24	3.90625e-08	4.88281e-08	2.47529e-08	4.5238e-08
7.07515e-09	1.43051e-15	4.85941e-24	3.90625e-08	5.52427e-08	3.92632e-08	5.54805e-08
9.78004e-09	1.81198e-15	8.65748e-24	4.88281e-08	5.69429e-08	4.09703e-08	5.4627e-08
7.45497e-09	1.62125e-15	5.60703e-24	4.80405e-08	5.69429e-08	3.41419e-08	5.63341e-08
5.58566e-09	1.43051e-15	4.4209e-24	3.90625e-08	5.52427e-08	3.92632e-08	5.54805e-08
9.48965e-09	3.33786e-15	1.82688e-23	5.46875e-08	9.76562e-08	3.75561e-08	9.64508e-08
4.10403e-09	1.90735e-16	1.5578e-25	9.76562e-09	2.18366e-08	9.38902e-09	2.13387e-08
7.90616e-09	2.28882e-15	9.42313e-24	3.90625e-08	7.10948e-08	3.84096e-08	6.91373e-08
5.33366e-09	8.58307e-16	2.1085e-24	2.92969e-08	4.1432e-08	2.98741e-08	4.18238e-08
1.16073e-08	5.14984e-15	3.81968e-23	6.83594e-08	1.00543e-07	6.82838e-08	9.81579e-08
4.47821e-09	1.90735e-16	1.51305e-25	9.76562e-09	2.18366e-08	9.38902e-09	2.13387e-08
4.22628e-09	3.8147e-16	4.01836e-25	1.95312e-08	2.76214e-08	1.96316e-08	2.8167e-08
5.68786e-09	1.81198e-15	4.80652e-24	4.88281e-08	5.69429e-08	3.92632e-08	5.37735e-08
3.88643e-09	9.53674e-17	4.51501e-26	9.76562e-09	1.38107e-08	9.38902e-09	1.45103e-08
6.73233e-09	1.33514e-15	4.69529e-24	3.90625e-08	4.88281e-08	3.84096e-08	4.5238e-08
6.07063e-09	1.43051e-15	3.818e-24	3.90625e-08	5.52427e-08	3.92632e-08	5.54805e-08
7.87031e-09	2.00272e-15	8.55355e-24	4.88281e-08	6.25305e-08	4.18238e-08	5.80412e-08
6.70659e-09	2.00272e-15	6.8652e-24	4.88281e-08	6.17632e-08	4.09703e-08	5.97483e-08
6.36234e-09	1.90735e-15	6.2678e-24	4.88281e-08	5.69429e-08	4.5238e-08	5.54805e-08
5.34278e-09	6.67572e-16	1.44953e-24	2.92969e-08	3.52105e-08	2.47529e-08	3.41419e-08
7.32997e-09	1.81198e-15	7.7829e-24	3.90625e-08	6.25305e-08	3.84096e-08	6.14554e-08
9.52698e-09	1.43051e-15	7.36491e-24	3.90625e-08	5.52427e-08	3.92632e-08	5.54805e-08
5.0652e-09	1.43051e-15	3.34238e-24	2.92969e-08	6.17632e-08	2.90206e-08	5.88947e-08
8.69707e-09	1.33514e-15	6.78747e-24	3.90625e-08	4.88281e-08	3.84096e-08	4.5238e-08
9.16414e-09	6.48499e-15	3.71148e-23	7.8125e-08	1.11345e-07	7.76728e-08	1.04986e-07
5.21355e-09	1.23978e-15	3.02643e-24	3.90625e-08	4.88281e-08	3.15812e-08	4.5238e-08
7.26189e-09	1.71661e-15	6.66995e-24	3.90625e-08	5.69429e-08	3.84096e-08	5.29199e-08
5.45237e-09	7.62939e-16	1.96738e-24	2.92969e-08	4.1432e-08	2.8167e-08	4.18238e-08
7.37208e-09	1.62125e-15	5.65156e-24	4.80405e-08	5.69429e-08	3.15812e-08	5.37735e-08
8.45563e-09	1.04904e-15	4.87916e-24	2.92969e-08	4.88281e-08	2.98741e-08	4.69451e-08
5.41391e-09	1.14441e-15	2.45912e-24	3.45267e-08	5.52427e-08	2.73135e-08	5.20664e-08
6.75506e-09	1.81198e-15	7.07887e-24	3.90625e-08	6.25305e-08	3.84096e-08	6.14554e-08
5.08598e-09	9.53674e-16	1.93419e-24	2.92969e-08	4.36732e-08	2.90206e-08	4.01167e-08
9.95037e-09	1.71661e-15	7.80596e-24	3.90625e-08	5.69429e-08	3.84096e-08	5.29199e-08
7.1588e-09	1.43051e-15	6.18068e-24	2.92969e-08	5.69429e-08	2.98741e-08	5.71876e-08
4.39094e-09	9.53674e-17	8.62615e-26	9.76562e-09	1.38107e-08	9.38902e-09	1.45103e-08
9.73771e-09	1.14441e-15	5.61828e-24	3.90625e-08	5.25895e-08	3.07277e-08	5.03593e-08
6.94441e-09	7.62939e-16	2.55108e-24	2.92969e-08	4.1432e-08	2.8167e-08	4.18238e-08
8.05771e-09	1.14441e-15	4.03003e-24	3.90625e-08	4.36732e-08	2.8167e-08	4.18238e-08
9.77784e-09	2.09808e-15	9.9007e-24	4.88281e-08	6.25305e-08	4.18238e-08	5.71876e-08
5.27639e-09	6.67572e-16	1.21217e-24	2.92969e-08	3.52105e-08	2.47529e-08	3.41419e-08
1.12216e-08	1.81198e-15	9.37522e-24	4.83374e-08	6.17632e-08	3.75561e-08	5.97483e-08
8.86433e-09	1.62125e-15	6.64699e-24	4.80405e-08	5.69429e-08	3.41419e-08	5.37735e-08
1.25159e-08	2.38419e-15	1.58556e-23	4.88281e-08	6.90534e-08	4.86522e-08	6.91373e-08
8.62998e-09	2.86102e-15	1.36382e-23	5.85937e-08	7.04209e-08	4.86522e-08	6.82838e-08
1.9381e-08	5.53131e-15	5.58052e-23	7.8125e-08	9.61803e-08	7.08444e-08	9.55973e-08
7.91813e-09	1.71661e-15	7.33106e-24	3.90625e-08	5.69429e-08	3.84096e-08	5.20664e-08
1.272e-08	2.86102e-15	2.04005e-23	4.88281e-08	7.6272e-08	4.86522e-08	7.42586e-08
9.5014e-09	1.52588e-15	8.05437e-24	3.90625e-08	5.52427e-08	3.84096e-08	5.54805e-08
8.31998e-09	1.62125e-15	6.89011e-24	3.90625e-08	5.69429e-08	3.32883e-08	5.29199e-08
9.06911e-09	1.62125e-15	8.0232e-24	3.90625e-08	5.69429e-08	3.32883e-08	5.29199e-08
4.59408e-09	1.90735e-16	1.8787e-25	9.76562e-09	2.18366e-08	9.38902e-09	2.13387e-08
8.46001e-09	2.09808e-15	9.5627e-24	3.90625e-08	6.55098e-08	3.84096e-08	6.14554e-08
6.25403e-09	1.33514e-15	3.71686e-24	3.90625e-08	4.88281e-08	3.84096e-08	4.5238e-08
8.09116e-09	3.43323e-15	1.58925e-23	5.85937e-08	7.8733e-08	4.86522e-08	7.76728e-08
9.58705e-09	2.67029e-15	1.44677e-23	4.88281e-08	7.04209e-08	4.86522e-08	6.4016e-08
7.4218e-09	1.33514e-15	5.06205e-24	3.90625e-08	4.88281e-08	3.84096e-08	4.5238e-08
6.04871e-09	1.14441e-15	3.41212e-24	2.92969e-08	4.88281e-08	2.98741e-08	4.86522e-08
5.41391e-09	7.62939e-16	1.5091e-24	2.92969e-08	4.36732e-08	2.30458e-08	4.09703e-08
6.71213e-09	1.52588e-15	5.53416e-24	3.90625e-08	5.52427e-08	3.84096e-08	5.54805e-08
6.24948e-09	1.43051e-15	5.09463e-24	3.90625e-08	5.52427e-08	3.92632e-08	5.54805e-08
6.27184e-09	8.58307e-16	2.88531e-24	2.92969e-08	4.1432e-08	2.98741e-08	4.18238e-08
5.11746e-09	5.72205e-16	1.07705e-24	1.95312e-08	3.52105e-08	1.96316e-08	3.32883e-08
6.55083e-09	1.90735e-15	6.51963e-24	3.90625e-08	6.25305e-08	3.92632e-08	6.06018e-08
5.98008e-09	2.38419e-15	7.68362e-24	4.88281e-08	6.55098e-08	4.86522e-08	6.4016e-08
7.12926e-09	1.90735e-15	7.68537e-24	3.90625e-08	6.25305e-08	3.84096e-08	6.23089e-08
8.87227e-09	1.43051e-15	6.43239e-24	2.92969e-08	5.69429e-08	2.98741e-08	5.71876e-08
6.71324e-09	1.81198e-15	6.0697e-24	4.83374e-08	5.69429e-08	4.09703e-08	5.37735e-08
5.02395e-09	8.58307e-16	1.55026e-24	2.92969e-08	4.36732e-08	2.04851e-08	4.26773e-08
1.00178e-08	4.673e-15	2.88292e-23	6.83594e-08	9.00346e-08	6.82838e-08	8.62082e-08
6.84982e-09	2.38419e-15	8.40187e-24	4.88281e-08	6.55098e-08	4.86522e-08	6.4016e-08
6.76159e-09	1.71661e-15	7.27677e-24	2.92969e-08	6.55098e-08	2.98741e-08	6.4016e-08
2.00803e-08	5.72205e-15	6.00871e-23	8.78906e-08	9.76562e-08	7.85263e-08	9.73043e-08
9.75242e-09	2.09808e-15	1.02828e-23	4.88281e-08	6.25305e-08	4.18238e-08	5.71876e-08
5.77582e-09	1.33514e-15	3.31272e-24	3.90625e-08	5.52427e-08	2.98741e-08	5.12128e-08
7.98128e-09	1.04904e-15	3.88587e-24	2.92969e-08	4.88281e-08	2.98741e-08	4.69451e-08
6.73925e-09	1.71661e-15	5.33342e-24	3.90625e-08	6.55098e-08	2.98741e-08	6.31625e-08
6.68518e-09	8.58307e-16	3.31898e-24	2.92969e-08	4.1432e-08	2.98741e-08	4.18238e-08
5.69349e-09	1.33514e-15	3.84805e-24	3.90625e-08	4.88281e-08	3.84096e-08	4.5238e-08
5.04865e-09	3.8147e-16	7.41765e-25	1.95312e-08	2.76214e-08	1.96316e-08	2.8167e-08
1.16145e-08	2.57492e-15	1.61635e-23	5.85937e-08	6.90534e-08	5.12128e-08	6.91373e-08
4.8665e-09	7.62939e-16	1.24782e-24	1.95312e-08	4.97951e-08	1.96316e-08	4.86522e-08
7.17086e-09	1.14441e-15	4.53249e-24	2.92969e-08	4.88281e-08	2.98741e-08	4.86522e-08
4.29756e-09	2.86102e-16	3.26476e-25	1.95312e-08	2.76214e-08	1.36568e-08	2.47529e-08
4.79038e-09	8.58307e-16	1.90106e-24	2.92969e-08	4.1432e-08	2.98741e-08	4.18238e-08
5.78053e-09	2.47955e-15	7.51353e-24	4.88281e-08	6.55098e-08	4.86522e-08	6.4016e-08
1.07079e-08	2.76566e-15	1.27103e-23	4.40495e-08	8.73464e-08	2.90206e-08	8.27941e-08
1.00244e-08	1.62125e-15	7.71963e-24	3.90625e-08	5.69429e-08	3.75561e-08	5.29199e-08
6.74687e-09	1.90735e-15	6.13932e-24	4.88281e-08	5.69429e-08	4.09703e-08	5.54805e-08
6.36843e-09	1.90735e-15	6.23443e-24	4.88281e-08	5.69429e-08	4.09703e-08	5.54805e-08
1.95942e-08	3.33786e-15	2.95688e-23	6.83594e-08	7.6272e-08	5.4627e-08	7.42586e-08
4.12828e-09	3.8147e-16	3.77149e-25	1.95312e-08	2.76214e-08	1.96316e-08	2.8167e-08
1.08862e-08	2.95639e-15	1.46777e-23	5.85937e-08	7.43728e-08	4.86522e-08	7.08444e-08
1.35554e-08	2.57492e-15	1.70518e-23	5.85937e-08	7.10948e-08	5.03593e-08	6.99908e-08
6.14396e-09	1.43051e-15	4.55524e-24	3.90625e-08	5.52427e-08	3.92632e-08	5.54805e-08
4.63994e-09	8.58307e-16	1.4103e-24	2.92969e-08	4.36732e-08	2.04851e-08	4.26773e-08
1.06005e-08	1.33514e-15	6.6442e-24	2.92969e-08	5.69429e-08	2.90206e-08	5.63341e-08
1.48675e-08	2.67029e-15	1.95e-23	5.85937e-08	7.04209e-08	4.69451e-08	6.74302e-08
1.49125e-08	1.90735e-15	1.29335e-23	4.88281e-08	6.17632e-08	3.92632e-08	6.06018e-08
6.03582e-09	1.23978e-15	3.09806e-24	3.90625e-08	5.25895e-08	2.90206e-08	5.03593e-08
7.70812e-09	1.14441e-15	5.00381e-24	2.92969e-08	4.88281e-08	2.98741e-08	4.86522e-08
8.54128e-09	1.52588e-15	6.54864e-24	3.90625e-08	5.69429e-08	2.98741e-08	5.54805e-08
5.16861e-09	9.53674e-16	2.00817e-24	2.92969e-08	4.36732e-08	2.98741e-08	4.09703e-08
8.65301e-09	7.62939e-16	3.251e-24	2.92969e-08	4.1432e-08	2.8167e-08	4.18238e-08
7.37914e-09	1.81198e-15	6.84743e-24	3.90625e-08	6.25305e-08	3.84096e-08	6.14554e-08
3.87596e-09	1.90735e-16	1.50138e-25	9.76562e-09	2.18366e-08	9.38902e-09	2.13387e-08
4.43901e-09	9.53674e-17	7.01139e-26	9.76562e-09	1.38107e-08	9.38902e-09	1.45103e-08
6.8219e-09	1.81198e-15	7.26697e-24	3.90625e-08	6.25305e-08	3.84096e-08	6.14554e-08
5.89162e-09	1.71661e-15	5.34385e-24	3.90625e-08	6.25305e-08	3.92632e-08	5.97483e-08
6.60108e-09	1.43051e-15	4.98512e-24	3.90625e-08	5.25895e-08	3.75561e-08	5.03593e-08
4.98407e-09	7.62939e-16	1.69387e-24	2.92969e-08	4.1432e-08	2.8167e-08	4.18238e-08
1.08059e-08	1.33514e-15	7.12875e-24	3.90625e-08	4.88281e-08	3.84096e-08	4.5238e-08
1.00354e-08	2.76566e-15	1.72664e-23	4.88281e-08	7.6272e-08	4.86522e-08	7.42586e-08
6.64479e-09	1.33514e-15	4.93616e-24	3.90625e-08	4.88281e-08	3.84096e-08	4.5238e-08
6.68412e-09	1.33514e-15	4.38097e-24	3.90625e-08	5.52427e-08	2.98741e-08	5.12128e-08
4.68913e-09	4.76837e-16	7.59078e-25	1.95312e-08	3.52105e-08	1.96316e-08	3.32883e-08
7.87579e-09	1.23978e-15	4.7287e-24	2.92969e-08	5.25895e-08	2.90206e-08	5.03593e-08
5.61642e-09	1.23978e-15	3.00606e-24	3.90625e-08	4.88281e-08	2.98741e-08	4.69451e-08
9.49378e-09	1.71661e-15	8.5313e-24	3.90625e-08	5.69429e-08	3.84096e-08	5.20664e-08
6.24183e-09	1.62125e-15	5.08911e-24	3.90625e-08	5.69429e-08	3.75561e-08	5.29199e-08
6.44521e-09	2.09808e-15	4.73363e-24	5.44758e-08	7.6272e-08	3.32883e-08	6.74302e-08
1.02821e-08	1.90735e-15	1.01087e-23	3.90625e-08	6.25305e-08	3.84096e-08	6.23089e-08
5.21305e-09	1.04904e-15	2.1127e-24	2.92969e-08	5.25895e-08	2.47529e-08	5.03593e-08
6.64395e-09	2.00272e-15	7.27491e-24	4.88281e-08	6.25305e-08	4.26773e-08	6.14554e-08
6.50071e-09	1.62125e-15	5.39711e-24	3.90625e-08	5.69429e-08	3.75561e-08	5.29199e-08
4.92017e-09	5.72205e-16	1.0314e-24	1.95312e-08	3.52105e-08	1.96316e-08	3.32883e-08
8.97428e-09	1.62125e-15	8.37236e-24	3.90625e-08	5.69429e-08	3.75561e-08	5.29199e-08
8.34573e-09	1.33514e-15	5.31669e-24	3.90625e-08	5.52427e-08	2.8167e-08	5.54805e-08
1.39343e-08	3.52859e-15	2.00202e-23	4.88281e-08	1.05179e-07	1.02426e-08	1.01572e-07
7.87857e-09	1.52588e-15	6.51327e-24	3.90625e-08	5.69429e-08	3.32883e-08	5.29199e-08
6.43794e-09	2.47955e-15	8.01804e-24	4.88281e-08	6.55098e-08	4.86522e-08	6.4016e-08
8.21731e-09	1.14441e-15	4.61684e-24	3.90625e-08	4.88281e-08	3.07277e-08	4.5238e-08
6.84165e-09	1.81198e-15	6.80717e-24	3.90625e-08	6.25305e-08	3.84096e-08	6.14554e-08
4.63418e-09	5.72205e-16	8.74247e-25	1.95312e-08	3.52105e-08	1.96316e-08	3.32883e-08
4.90589e-09	8.58307e-16	1.51457e-24	1.95312e-08	5.25895e-08	1.96316e-08	5.03593e-08
1.04923e-08	1.81198e-15	9.65991e-24	3.90625e-08	6.25305e-08	3.84096e-08	6.14554e-08
4.5506e-09	3.8147e-16	4.41851e-25	1.95312e-08	3.08816e-08	1.96316e-08	2.98741e-08
4.3983e-09	5.72205e-16	6.01249e-25	1.95312e-08	4.02647e-08	1.96316e-08	3.84096e-08
4.42826e-09	8.58307e-16	1.25885e-24	2.92969e-08	4.36732e-08	2.38993e-08	4.01167e-08
5.33774e-09	8.58307e-16	2.7123e-24	2.92969e-08	4.1432e-08	2.98741e-08	4.18238e-08
9.79181e-09	1.23978e-15	5.04046e-24	3.90625e-08	4.88281e-08	3.15812e-08	4.5238e-08
6.05657e-09	1.04904e-15	2.94541e-24	2.92969e-08	4.88281e-08	2.98741e-08	4.69451e-08
6.92485e-09	2.28882e-15	7.84978e-24	4.88281e-08	6.55098e-08	4.86522e-08	6.4016e-08
7.46297e-09	1.52588e-15	5.65328e-24	3.90625e-08	5.52427e-08	3.92632e-08	5.20664e-08
6.39113e-09	1.71661e-15	5.38723e-24	4.80405e-08	6.25305e-08	3.5849e-08	5.63341e-08
1.55172e-08	2.38419e-15	1.69126e-23	4.88281e-08	7.04209e-08	4.5238e-08	6.74302e-08
5.77307e-09	1.43051e-15	4.58436e-24	2.92969e-08	5.69429e-08	2.98741e-08	5.71876e-08
5.90526e-09	1.52588e-15	4.68318e-24	3.90625e-08	5.52427e-08	3.84096e-08	5.54805e-08
7.95512e-09	6.67572e-16	2.19371e-24	2.92969e-08	3.52105e-08	2.47529e-08	3.41419e-08
1.68459e-08	3.05176e-15	2.71592e-23	4.88281e-08	7.8733e-08	4.86522e-08	7.42586e-08
8.19108e-09	5.53131e-15	2.84746e-23	6.83594e-08	1.05631e-07	6.82838e-08	9.81579e-08
5.81723e-09	1.23978e-15	3.07602e-24	2.92969e-08	5.25895e-08	2.90206e-08	5.03593e-08
9.60639e-09	1.43051e-15	7.84748e-24	3.90625e-08	5.52427e-08	3.92632e-08	5.54805e-08
1.21946e-08	2.38419e-15	1.45781e-23	4.88281e-08	7.10948e-08	4.5238e-08	6.91373e-08
1.00728e-08	9.53674e-16	4.42065e-24	2.92969e-08	4.36732e-08	2.98741e-08	4.09703e-08
8.96157e-09	1.23978e-15	5.88179e-24	2.92969e-08	5.69429e-08	2.98741e-08	5.71876e-08
9.68819e-09	2.57492e-15	1.42586e-23	4.88281e-08	7.43728e-08	4.86522e-08	7.25515e-08
9.57074e-09	1.81198e-15	9.95934e-24	3.90625e-08	6.25305e-08	3.84096e-08	6.14554e-08
5.52603e-09	8.58307e-16	1.90768e-24	2.92969e-08	4.36732e-08	2.38993e-08	4.01167e-08
5.47088e-09	1.33514e-15	3.53685e-24	3.90625e-08	5.52427e-08	2.8167e-08	5.54805e-08
4.06004e-09	2.86102e-16	1.95621e-25	1.95312e-08	2.76214e-08	1.36568e-08	2.47529e-08
4.60435e-09	3.8147e-16	4.58331e-25	1.95312e-08	3.08816e-08	1.96316e-08	2.98741e-08
6.64985e-09	1.71661e-15	6.72316e-24	3.90625e-08	5.69429e-08	3.84096e-08	5.29199e-08
5.25733e-09	4.76837e-16	1.06344e-24	1.95312e-08	3.52105e-08	1.96316e-08	3.32883e-08
8.78561e-09	1.52588e-15	5.91207e-24	3.90625e-08	5.52427e-08	3.84096e-08	5.54805e-08
6.03779e-09	7.62939e-16	1.7268e-24	2.92969e-08	4.02647e-08	2.30458e-08	4.01167e-08
6.95436e-09	1.04904e-15	3.61305e-24	2.92969e-08	4.97951e-08	2.98741e-08	4.86522e-08
1.64197e-08	1.04904e-15	1.0193e-23	1.95312e-08	6.17632e-08	1.8778e-08	6.06018e-08
1.22428e-08	1.14441e-15	8.36519e-24	1.95312e-08	6.17632e-08	1.96316e-08	6.06018e-08
4.61671e-09	9.53674e-17	2.26833e-25	9.76562e-09	1.38107e-08	9.38902e-09	1.45103e-08
4.02807e-09	9.53674e-17	5.70159e-26	9.76562e-09	1.38107e-08	9.38902e-09	1.45103e-08
