Elapsed Time (Seconds)	Peak Intensity (Pixel Intensity)
0.000000e+00	3.791000e+03
3.200000e-02	3.783000e+03
6.600000e-02	3.783000e+03
9.900000e-02	3.812000e+03
1.320000e-01	3.832000e+03
1.650000e-01	3.770000e+03
1.990000e-01	3.782000e+03
2.320000e-01	3.777000e+03
2.640000e-01	3.789000e+03
2.980000e-01	3.795000e+03
3.310000e-01	3.793000e+03
3.640000e-01	3.788000e+03
3.970000e-01	3.792000e+03
4.300000e-01	3.816000e+03
4.620000e-01	3.795000e+03
4.960000e-01	3.810000e+03
5.290000e-01	3.788000e+03
5.620000e-01	3.782000e+03
5.960000e-01	3.786000e+03
6.280000e-01	3.803000e+03
6.620000e-01	3.788000e+03
6.940000e-01	3.794000e+03
7.280000e-01	3.782000e+03
7.610000e-01	3.778000e+03
7.940000e-01	3.766000e+03
8.270000e-01	3.794000e+03
8.600000e-01	3.783000e+03
8.930000e-01	3.753000e+03
9.270000e-01	3.809000e+03
9.590000e-01	3.788000e+03
9.930000e-01	3.776000e+03
1.026000e+00	3.798000e+03
1.059000e+00	3.817000e+03
1.092000e+00	3.786000e+03
1.125000e+00	3.807000e+03
1.158000e+00	3.788000e+03
1.191000e+00	3.822000e+03
1.224000e+00	3.814000e+03
1.257000e+00	3.820000e+03
1.290000e+00	3.792000e+03
1.324000e+00	3.834000e+03
1.357000e+00	3.798000e+03
1.390000e+00	3.759000e+03
1.423000e+00	3.804000e+03
1.455000e+00	3.787000e+03
1.489000e+00	3.805000e+03
1.522000e+00	3.805000e+03
1.555000e+00	3.825000e+03
1.588000e+00	3.786000e+03
1.621000e+00	3.784000e+03
1.654000e+00	3.780000e+03
1.688000e+00	3.806000e+03
1.721000e+00	3.789000e+03
1.754000e+00	3.817000e+03
1.787000e+00	3.800000e+03
1.820000e+00	3.779000e+03
1.853000e+00	3.831000e+03
1.886000e+00	3.821000e+03
1.919000e+00	3.811000e+03
1.952000e+00	3.828000e+03
1.985000e+00	3.799000e+03
2.018000e+00	3.802000e+03
2.052000e+00	3.805000e+03
2.085000e+00	3.791000e+03
2.118000e+00	3.804000e+03
2.151000e+00	3.792000e+03
2.184000e+00	3.800000e+03
2.217000e+00	3.790000e+03
2.250000e+00	3.799000e+03
2.283000e+00	3.788000e+03
2.316000e+00	3.801000e+03
2.349000e+00	3.811000e+03
2.382000e+00	3.803000e+03
2.416000e+00	3.805000e+03
2.471000e+00	3.801000e+03
2.482000e+00	3.815000e+03
2.515000e+00	3.787000e+03
2.548000e+00	3.796000e+03
2.581000e+00	3.778000e+03
2.614000e+00	3.772000e+03
2.647000e+00	3.766000e+03
2.680000e+00	3.827000e+03
2.713000e+00	3.768000e+03
2.747000e+00	3.804000e+03
2.779000e+00	3.769000e+03
2.813000e+00	3.793000e+03
2.846000e+00	3.794000e+03
2.879000e+00	3.779000e+03
2.912000e+00	3.788000e+03
2.945000e+00	3.773000e+03
2.978000e+00	3.753000e+03
3.011000e+00	3.754000e+03
3.044000e+00	3.746000e+03
3.077000e+00	3.814000e+03
3.110000e+00	3.800000e+03
3.143000e+00	3.754000e+03
3.177000e+00	3.765000e+03
3.210000e+00	3.831000e+03
3.243000e+00	3.834000e+03
3.276000e+00	3.817000e+03
3.309000e+00	3.809000e+03
3.342000e+00	3.819000e+03
3.375000e+00	3.817000e+03
3.408000e+00	3.829000e+03
3.442000e+00	3.794000e+03
3.474000e+00	3.788000e+03
3.508000e+00	3.755000e+03
3.540000e+00	3.701000e+03
3.574000e+00	3.736000e+03
3.607000e+00	3.718000e+03
3.640000e+00	3.704000e+03
3.673000e+00	3.644000e+03
3.706000e+00	3.703000e+03
3.739000e+00	3.682000e+03
3.772000e+00	3.662000e+03
3.806000e+00	3.648000e+03
3.838000e+00	3.663000e+03
3.872000e+00	3.567000e+03
3.905000e+00	3.574000e+03
3.938000e+00	3.577000e+03
3.971000e+00	3.544000e+03
4.004000e+00	3.527000e+03
4.059000e+00	3.514000e+03
4.070000e+00	3.464000e+03
4.103000e+00	3.460000e+03
4.136000e+00	3.456000e+03
4.169000e+00	3.393000e+03
4.203000e+00	3.401000e+03
4.236000e+00	3.336000e+03
4.269000e+00	3.305000e+03
4.302000e+00	3.271000e+03
4.335000e+00	3.305000e+03
4.368000e+00	3.240000e+03
4.401000e+00	3.248000e+03
4.434000e+00	3.227000e+03
4.467000e+00	3.158000e+03
4.501000e+00	3.110000e+03
4.533000e+00	3.090000e+03
4.566000e+00	3.132000e+03
4.599000e+00	3.072000e+03
4.633000e+00	3.019000e+03
4.666000e+00	2.975000e+03
4.699000e+00	2.991000e+03
4.732000e+00	2.969000e+03
4.765000e+00	2.966000e+03
4.798000e+00	2.898000e+03
4.831000e+00	2.904000e+03
4.864000e+00	2.869000e+03
4.897000e+00	2.841000e+03
4.931000e+00	2.825000e+03
4.964000e+00	2.821000e+03
4.997000e+00	2.777000e+03
5.029000e+00	2.818000e+03
5.063000e+00	2.767000e+03
5.096000e+00	2.726000e+03
5.129000e+00	2.704000e+03
5.162000e+00	2.661000e+03
5.195000e+00	2.657000e+03
5.228000e+00	2.693000e+03
5.262000e+00	2.623000e+03
5.294000e+00	2.611000e+03
5.328000e+00	2.604000e+03
5.361000e+00	2.589000e+03
5.394000e+00	2.575000e+03
5.427000e+00	2.568000e+03
5.460000e+00	2.574000e+03
5.493000e+00	2.545000e+03
5.526000e+00	2.522000e+03
5.559000e+00	2.486000e+03
5.592000e+00	2.454000e+03
5.626000e+00	2.438000e+03
5.659000e+00	2.461000e+03
5.692000e+00	2.470000e+03
5.725000e+00	2.424000e+03
5.758000e+00	2.421000e+03
5.791000e+00	2.407000e+03
5.824000e+00	2.373000e+03
5.857000e+00	2.397000e+03
5.890000e+00	2.415000e+03
5.923000e+00	2.339000e+03
5.956000e+00	2.374000e+03
5.989000e+00	2.365000e+03
6.023000e+00	2.364000e+03
6.056000e+00	2.381000e+03
6.089000e+00	2.321000e+03
6.122000e+00	2.337000e+03
6.155000e+00	2.345000e+03
6.187000e+00	2.329000e+03
6.221000e+00	2.333000e+03
6.254000e+00	2.317000e+03
6.287000e+00	2.326000e+03
6.321000e+00	2.331000e+03
6.353000e+00	2.282000e+03
6.387000e+00	2.283000e+03
6.420000e+00	2.327000e+03
6.453000e+00	2.280000e+03
6.486000e+00	2.291000e+03
6.519000e+00	2.312000e+03
6.552000e+00	2.270000e+03
6.585000e+00	2.273000e+03
6.618000e+00	2.281000e+03
6.651000e+00	2.297000e+03
6.684000e+00	2.289000e+03
6.717000e+00	2.299000e+03
6.751000e+00	2.285000e+03
6.784000e+00	2.304000e+03
6.817000e+00	2.329000e+03
6.850000e+00	2.319000e+03
6.883000e+00	2.319000e+03
6.916000e+00	2.274000e+03
6.949000e+00	2.353000e+03
6.982000e+00	2.283000e+03
7.015000e+00	2.299000e+03
7.049000e+00	2.341000e+03
7.082000e+00	2.345000e+03
7.115000e+00	2.330000e+03
7.148000e+00	2.305000e+03
7.181000e+00	2.375000e+03
7.214000e+00	2.360000e+03
7.247000e+00	2.411000e+03
7.280000e+00	2.385000e+03
7.313000e+00	2.389000e+03
7.346000e+00	2.382000e+03
7.379000e+00	2.389000e+03
7.412000e+00	2.394000e+03
7.446000e+00	2.445000e+03
7.479000e+00	2.417000e+03
7.512000e+00	2.419000e+03
7.545000e+00	2.500000e+03
7.578000e+00	2.445000e+03
7.611000e+00	2.470000e+03
7.644000e+00	2.511000e+03
7.677000e+00	2.492000e+03
7.711000e+00	2.479000e+03
7.743000e+00	2.552000e+03
7.777000e+00	2.542000e+03
7.810000e+00	2.515000e+03
7.843000e+00	2.568000e+03
7.876000e+00	2.574000e+03
7.909000e+00	2.603000e+03
7.942000e+00	2.593000e+03
7.998000e+00	2.630000e+03
8.008000e+00	2.638000e+03
8.041000e+00	2.679000e+03
8.074000e+00	2.639000e+03
8.107000e+00	2.657000e+03
8.141000e+00	2.721000e+03
8.174000e+00	2.725000e+03
8.207000e+00	2.731000e+03
8.240000e+00	2.748000e+03
8.273000e+00	2.835000e+03
8.306000e+00	2.790000e+03
8.339000e+00	2.830000e+03
8.372000e+00	2.804000e+03
8.405000e+00	2.808000e+03
8.438000e+00	2.854000e+03
8.472000e+00	2.886000e+03
8.505000e+00	2.884000e+03
8.538000e+00	2.918000e+03
8.570000e+00	2.932000e+03
8.603000e+00	2.948000e+03
8.636000e+00	2.923000e+03
8.670000e+00	2.931000e+03
8.703000e+00	2.944000e+03
8.736000e+00	3.014000e+03
8.769000e+00	2.982000e+03
8.802000e+00	3.047000e+03
8.836000e+00	3.039000e+03
8.869000e+00	3.060000e+03
8.902000e+00	3.066000e+03
8.935000e+00	3.123000e+03
8.967000e+00	3.113000e+03
9.001000e+00	3.155000e+03
9.034000e+00	3.160000e+03
9.067000e+00	3.157000e+03
9.100000e+00	3.194000e+03
9.133000e+00	3.205000e+03
9.167000e+00	3.268000e+03
9.199000e+00	3.332000e+03
9.232000e+00	3.267000e+03
9.266000e+00	3.306000e+03
9.299000e+00	3.310000e+03
9.332000e+00	3.296000e+03
9.365000e+00	3.346000e+03
9.397000e+00	3.312000e+03
9.431000e+00	3.324000e+03
9.464000e+00	3.338000e+03
9.498000e+00	3.371000e+03
9.530000e+00	3.346000e+03
9.564000e+00	3.358000e+03
9.597000e+00	3.350000e+03
9.630000e+00	3.348000e+03
9.662000e+00	3.348000e+03
9.696000e+00	3.372000e+03
9.729000e+00	3.382000e+03
9.762000e+00	3.407000e+03
9.795000e+00	3.315000e+03
9.828000e+00	3.373000e+03
9.861000e+00	3.330000e+03
9.894000e+00	3.327000e+03
9.928000e+00	3.337000e+03
9.961000e+00	3.347000e+03
9.994000e+00	3.315000e+03
1.002700e+01	3.323000e+03
1.006000e+01	3.322000e+03
1.009300e+01	3.343000e+03
1.012600e+01	3.310000e+03
1.015900e+01	3.276000e+03
1.019300e+01	3.263000e+03
1.024800e+01	3.304000e+03
1.025900e+01	3.270000e+03
1.029200e+01	3.226000e+03
1.032400e+01	3.240000e+03
1.035800e+01	3.158000e+03
1.039100e+01	3.154000e+03
1.042400e+01	3.143000e+03
1.045700e+01	3.128000e+03
1.049000e+01	3.130000e+03
1.052300e+01	3.045000e+03
1.055600e+01	3.060000e+03
1.059000e+01	3.045000e+03
1.062200e+01	3.050000e+03
1.065600e+01	3.027000e+03
1.068900e+01	2.963000e+03
1.072200e+01	2.954000e+03
1.075500e+01	2.951000e+03
1.078800e+01	2.946000e+03
1.082100e+01	2.903000e+03
1.085400e+01	2.927000e+03
1.088700e+01	2.879000e+03
1.092000e+01	2.861000e+03
1.095300e+01	2.832000e+03
1.098600e+01	2.831000e+03
1.102000e+01	2.785000e+03
1.105200e+01	2.800000e+03
1.108600e+01	2.803000e+03
1.111900e+01	2.756000e+03
1.115200e+01	2.705000e+03
1.118500e+01	2.730000e+03
1.121800e+01	2.730000e+03
1.125200e+01	2.714000e+03
1.128400e+01	2.683000e+03
1.131700e+01	2.644000e+03
1.135100e+01	2.645000e+03
1.138400e+01	2.617000e+03
1.141600e+01	2.584000e+03
1.145000e+01	2.632000e+03
1.148300e+01	2.607000e+03
1.151600e+01	2.587000e+03
1.154900e+01	2.572000e+03
1.158200e+01	2.593000e+03
1.161500e+01	2.543000e+03
1.164800e+01	2.528000e+03
1.168200e+01	2.492000e+03
1.171400e+01	2.524000e+03
1.174800e+01	2.504000e+03
1.178100e+01	2.529000e+03
1.181300e+01	2.536000e+03
1.184700e+01	2.477000e+03
1.188000e+01	2.489000e+03
1.191300e+01	2.420000e+03
1.194600e+01	2.457000e+03
1.197900e+01	2.463000e+03
1.201200e+01	2.425000e+03
1.204600e+01	2.402000e+03
1.207900e+01	2.391000e+03
1.211200e+01	2.410000e+03
1.214500e+01	2.446000e+03
1.217800e+01	2.426000e+03
1.221100e+01	2.387000e+03
1.224400e+01	2.384000e+03
1.227700e+01	2.382000e+03
1.231000e+01	2.363000e+03
1.234300e+01	2.381000e+03
1.237600e+01	2.401000e+03
1.241000e+01	2.398000e+03
1.244300e+01	2.386000e+03
1.247600e+01	2.396000e+03
1.250900e+01	2.343000e+03
1.254200e+01	2.363000e+03
1.257500e+01	2.366000e+03
1.260800e+01	2.337000e+03
1.264200e+01	2.379000e+03
1.267400e+01	2.398000e+03
1.270800e+01	2.404000e+03
1.274000e+01	2.366000e+03
1.277300e+01	2.372000e+03
1.280700e+01	2.321000e+03
1.284000e+01	2.329000e+03
1.287200e+01	2.335000e+03
1.290600e+01	2.365000e+03
1.293900e+01	2.370000e+03
1.297200e+01	2.368000e+03
1.300500e+01	2.387000e+03
1.303800e+01	2.351000e+03
1.307100e+01	2.382000e+03
1.310500e+01	2.380000e+03
1.313700e+01	2.401000e+03
1.317000e+01	2.405000e+03
1.320400e+01	2.421000e+03
1.323700e+01	2.424000e+03
1.326900e+01	2.449000e+03
1.330300e+01	2.448000e+03
1.333600e+01	2.418000e+03
1.336900e+01	2.460000e+03
1.340200e+01	2.479000e+03
1.343500e+01	2.499000e+03
1.346900e+01	2.455000e+03
1.350100e+01	2.462000e+03
1.353500e+01	2.461000e+03
1.356800e+01	2.486000e+03
1.360100e+01	2.512000e+03
1.363400e+01	2.513000e+03
1.366700e+01	2.474000e+03
1.370000e+01	2.535000e+03
1.373300e+01	2.546000e+03
1.376600e+01	2.556000e+03
1.379900e+01	2.546000e+03
1.383200e+01	2.596000e+03
1.386600e+01	2.542000e+03
1.389900e+01	2.564000e+03
1.393200e+01	2.594000e+03
1.396500e+01	2.623000e+03
1.399800e+01	2.653000e+03
1.403100e+01	2.687000e+03
1.406500e+01	2.671000e+03
1.409700e+01	2.718000e+03
1.413000e+01	2.729000e+03
1.416300e+01	2.695000e+03
1.419700e+01	2.719000e+03
1.423000e+01	2.724000e+03
1.426300e+01	2.740000e+03
1.429600e+01	2.765000e+03
1.432900e+01	2.739000e+03
1.436200e+01	2.770000e+03
1.439500e+01	2.820000e+03
1.442800e+01	2.792000e+03
1.446100e+01	2.841000e+03
1.449400e+01	2.865000e+03
1.452700e+01	2.858000e+03
1.456000e+01	2.886000e+03
1.459400e+01	2.879000e+03
1.462700e+01	2.863000e+03
1.466000e+01	2.909000e+03
1.469200e+01	2.900000e+03
1.472600e+01	2.947000e+03
1.475900e+01	2.934000e+03
1.479200e+01	3.009000e+03
1.482500e+01	3.027000e+03
1.485900e+01	3.021000e+03
1.489100e+01	3.060000e+03
1.492400e+01	3.040000e+03
1.495800e+01	3.091000e+03
1.499100e+01	3.068000e+03
1.502300e+01	3.125000e+03
1.505700e+01	3.132000e+03
1.509000e+01	3.105000e+03
1.512300e+01	3.074000e+03
1.515600e+01	3.135000e+03
1.518900e+01	3.123000e+03
1.522200e+01	3.134000e+03
1.527700e+01	3.179000e+03
1.528800e+01	3.133000e+03
1.532200e+01	3.192000e+03
1.535500e+01	3.166000e+03
1.538800e+01	3.215000e+03
1.542100e+01	3.200000e+03
1.545400e+01	3.218000e+03
1.548700e+01	3.212000e+03
1.552000e+01	3.219000e+03
1.555400e+01	3.244000e+03
1.558600e+01	3.222000e+03
1.561900e+01	3.224000e+03
1.565300e+01	3.243000e+03
1.568600e+01	3.205000e+03
1.571900e+01	3.221000e+03
1.575100e+01	3.212000e+03
1.578500e+01	3.266000e+03
1.581800e+01	3.229000e+03
1.587300e+01	3.237000e+03
1.588400e+01	3.251000e+03
1.591700e+01	3.216000e+03
1.595000e+01	3.248000e+03
1.598400e+01	3.241000e+03
1.601700e+01	3.219000e+03
1.605000e+01	3.226000e+03
1.608300e+01	3.171000e+03
1.611600e+01	3.172000e+03
1.614900e+01	3.167000e+03
1.618200e+01	3.199000e+03
1.621500e+01	3.164000e+03
1.624800e+01	3.151000e+03
1.628200e+01	3.154000e+03
1.631400e+01	3.074000e+03
1.634800e+01	3.105000e+03
1.638000e+01	3.072000e+03
1.641400e+01	3.077000e+03
1.644700e+01	3.033000e+03
1.648000e+01	3.058000e+03
1.651300e+01	2.997000e+03
1.654600e+01	3.021000e+03
1.657900e+01	3.034000e+03
1.661200e+01	3.020000e+03
1.664500e+01	2.930000e+03
1.667800e+01	2.974000e+03
1.671100e+01	2.955000e+03
1.674500e+01	2.976000e+03
1.677800e+01	2.974000e+03
1.681100e+01	2.923000e+03
1.684400e+01	2.889000e+03
1.687600e+01	2.875000e+03
1.691000e+01	2.879000e+03
1.694300e+01	2.909000e+03
1.697600e+01	2.885000e+03
1.701000e+01	2.819000e+03
1.704200e+01	2.818000e+03
1.707600e+01	2.790000e+03
1.710900e+01	2.817000e+03
1.714200e+01	2.782000e+03
1.717500e+01	2.805000e+03
1.720800e+01	2.762000e+03
1.724100e+01	2.728000e+03
1.727400e+01	2.735000e+03
1.730700e+01	2.702000e+03
1.734000e+01	2.747000e+03
1.737300e+01	2.694000e+03
1.740600e+01	2.674000e+03
1.743900e+01	2.671000e+03
1.747300e+01	2.696000e+03
1.750600e+01	2.644000e+03
1.753800e+01	2.668000e+03
1.757200e+01	2.629000e+03
1.760500e+01	2.602000e+03
1.763800e+01	2.605000e+03
1.767100e+01	2.595000e+03
1.770500e+01	2.638000e+03
1.773700e+01	2.596000e+03
1.777000e+01	2.602000e+03
1.780300e+01	2.547000e+03
1.783600e+01	2.570000e+03
1.787000e+01	2.517000e+03
1.790300e+01	2.564000e+03
1.793600e+01	2.536000e+03
1.796900e+01	2.545000e+03
1.800200e+01	2.522000e+03
1.803500e+01	2.511000e+03
1.806800e+01	2.476000e+03
1.810100e+01	2.479000e+03
1.813500e+01	2.482000e+03
1.816800e+01	2.470000e+03
1.820100e+01	2.485000e+03
1.823400e+01	2.481000e+03
1.826700e+01	2.458000e+03
1.830000e+01	2.500000e+03
1.833200e+01	2.451000e+03
1.836600e+01	2.482000e+03
1.839900e+01	2.470000e+03
1.843300e+01	2.500000e+03
1.846500e+01	2.465000e+03
1.849900e+01	2.460000e+03
1.853100e+01	2.425000e+03
1.856500e+01	2.451000e+03
1.859800e+01	2.438000e+03
1.863100e+01	2.450000e+03
1.866400e+01	2.417000e+03
1.869700e+01	2.426000e+03
1.873000e+01	2.433000e+03
1.876400e+01	2.428000e+03
1.879700e+01	2.476000e+03
1.883000e+01	2.410000e+03
1.886200e+01	2.428000e+03
1.889500e+01	2.474000e+03
1.892800e+01	2.459000e+03
1.896200e+01	2.435000e+03
1.899500e+01	2.446000e+03
1.902800e+01	2.461000e+03
1.906100e+01	2.470000e+03
1.909400e+01	2.472000e+03
1.912700e+01	2.455000e+03
1.916000e+01	2.438000e+03
1.919300e+01	2.492000e+03
1.922600e+01	2.472000e+03
1.926000e+01	2.488000e+03
1.929200e+01	2.466000e+03
1.932500e+01	2.524000e+03
1.938100e+01	2.518000e+03
1.939200e+01	2.555000e+03
1.942500e+01	2.512000e+03
1.945800e+01	2.515000e+03
1.949100e+01	2.576000e+03
1.952400e+01	2.556000e+03
1.955700e+01	2.554000e+03
1.959100e+01	2.537000e+03
1.962400e+01	2.588000e+03
1.965700e+01	2.537000e+03
1.969000e+01	2.552000e+03
1.972300e+01	2.616000e+03
1.975600e+01	2.585000e+03
1.978900e+01	2.566000e+03
1.982200e+01	2.643000e+03
1.985500e+01	2.611000e+03
1.988800e+01	2.621000e+03
1.992200e+01	2.625000e+03
1.995500e+01	2.641000e+03
1.998800e+01	2.647000e+03
2.002100e+01	2.662000e+03
2.005300e+01	2.706000e+03
2.008700e+01	2.718000e+03
2.012000e+01	2.715000e+03
2.015300e+01	2.694000e+03
2.018600e+01	2.744000e+03
2.022000e+01	2.731000e+03
2.025300e+01	2.732000e+03
2.028500e+01	2.743000e+03
2.031800e+01	2.819000e+03
2.035200e+01	2.766000e+03
2.038500e+01	2.840000e+03
2.041800e+01	2.805000e+03
2.045100e+01	2.825000e+03
2.050600e+01	2.835000e+03
2.051600e+01	2.828000e+03
2.055100e+01	2.905000e+03
2.058300e+01	2.865000e+03
2.061600e+01	2.888000e+03
2.064900e+01	2.873000e+03
2.068300e+01	2.901000e+03
2.071600e+01	2.913000e+03
2.074900e+01	2.919000e+03
2.078200e+01	2.944000e+03
2.083700e+01	2.935000e+03
2.084800e+01	3.006000e+03
2.088200e+01	3.024000e+03
2.091400e+01	2.993000e+03
2.094700e+01	3.021000e+03
2.098100e+01	2.989000e+03
2.101400e+01	3.001000e+03
2.104700e+01	3.084000e+03
2.107900e+01	3.026000e+03
2.111300e+01	3.068000e+03
2.114600e+01	3.050000e+03
2.117800e+01	3.087000e+03
2.121200e+01	3.094000e+03
2.124500e+01	3.093000e+03
2.127800e+01	3.067000e+03
2.131100e+01	3.110000e+03
2.134400e+01	3.101000e+03
2.137700e+01	3.106000e+03
2.141000e+01	3.111000e+03
2.144400e+01	3.129000e+03
2.147600e+01	3.152000e+03
2.151000e+01	3.126000e+03
2.154300e+01	3.126000e+03
2.157600e+01	3.111000e+03
2.160900e+01	3.128000e+03
2.164200e+01	3.131000e+03
2.167500e+01	3.106000e+03
2.170900e+01	3.140000e+03
2.174200e+01	3.127000e+03
2.177500e+01	3.147000e+03
2.180800e+01	3.150000e+03
2.184100e+01	3.153000e+03
2.187400e+01	3.119000e+03
2.190700e+01	3.172000e+03
2.194000e+01	3.104000e+03
2.197300e+01	3.163000e+03
2.200600e+01	3.122000e+03
2.203900e+01	3.101000e+03
2.207300e+01	3.078000e+03
2.210600e+01	3.051000e+03
2.213900e+01	3.096000e+03
2.217200e+01	3.089000e+03
2.220400e+01	3.056000e+03
2.223800e+01	3.081000e+03
2.227100e+01	3.047000e+03
2.230400e+01	3.050000e+03
2.233700e+01	3.007000e+03
2.237100e+01	3.023000e+03
2.240400e+01	3.015000e+03
2.243700e+01	3.013000e+03
2.247000e+01	2.957000e+03
2.250300e+01	2.960000e+03
2.253600e+01	2.987000e+03
2.256900e+01	2.976000e+03
2.260200e+01	2.987000e+03
2.263500e+01	2.951000e+03
2.266800e+01	2.954000e+03
2.270100e+01	2.919000e+03
2.273400e+01	2.957000e+03
2.276700e+01	2.911000e+03
2.280000e+01	2.883000e+03
2.283400e+01	2.892000e+03
2.286700e+01	2.875000e+03
2.290000e+01	2.841000e+03
2.293300e+01	2.834000e+03
2.296600e+01	2.834000e+03
2.299900e+01	2.812000e+03
2.303200e+01	2.790000e+03
2.306500e+01	2.782000e+03
2.309900e+01	2.772000e+03
2.313100e+01	2.799000e+03
2.316500e+01	2.761000e+03
2.319800e+01	2.746000e+03
2.323100e+01	2.734000e+03
2.326400e+01	2.736000e+03
2.329700e+01	2.730000e+03
2.332900e+01	2.731000e+03
2.336300e+01	2.759000e+03
2.339600e+01	2.700000e+03
2.342900e+01	2.727000e+03
2.346200e+01	2.709000e+03
2.349600e+01	2.702000e+03
2.352800e+01	2.676000e+03
2.356200e+01	2.724000e+03
2.359500e+01	2.698000e+03
2.362800e+01	2.646000e+03
2.366100e+01	2.637000e+03
2.369400e+01	2.616000e+03
2.372700e+01	2.629000e+03
2.376100e+01	2.617000e+03
2.379300e+01	2.621000e+03
2.382600e+01	2.594000e+03
2.385900e+01	2.621000e+03
2.391500e+01	2.587000e+03
2.392600e+01	2.572000e+03
2.395900e+01	2.571000e+03
2.399200e+01	2.546000e+03
2.402500e+01	2.543000e+03
2.405800e+01	2.543000e+03
2.409100e+01	2.560000e+03
2.412400e+01	2.532000e+03
2.415700e+01	2.524000e+03
2.419000e+01	2.543000e+03
2.422300e+01	2.525000e+03
2.425600e+01	2.529000e+03
2.428900e+01	2.550000e+03
2.432200e+01	2.543000e+03
2.435600e+01	2.565000e+03
2.438900e+01	2.507000e+03
2.442200e+01	2.519000e+03
2.445500e+01	2.565000e+03
2.448900e+01	2.491000e+03
2.452200e+01	2.549000e+03
2.455400e+01	2.493000e+03
2.458800e+01	2.543000e+03
2.462100e+01	2.481000e+03
2.465400e+01	2.528000e+03
2.468600e+01	2.522000e+03
2.472000e+01	2.518000e+03
2.475300e+01	2.503000e+03
2.478600e+01	2.520000e+03
2.481900e+01	2.559000e+03
2.485300e+01	2.526000e+03
2.488500e+01	2.508000e+03
2.491800e+01	2.540000e+03
2.495200e+01	2.536000e+03
2.498500e+01	2.562000e+03
2.501800e+01	2.535000e+03
2.505100e+01	2.521000e+03
2.508400e+01	2.559000e+03
2.511700e+01	2.581000e+03
2.515000e+01	2.516000e+03
2.518300e+01	2.552000e+03
2.521600e+01	2.584000e+03
2.524900e+01	2.577000e+03
2.528300e+01	2.583000e+03
2.531600e+01	2.525000e+03
2.534900e+01	2.547000e+03
2.538200e+01	2.578000e+03
2.541500e+01	2.584000e+03
2.544800e+01	2.610000e+03
2.548100e+01	2.574000e+03
2.551400e+01	2.613000e+03
2.554700e+01	2.601000e+03
2.558000e+01	2.593000e+03
2.561400e+01	2.587000e+03
2.564700e+01	2.581000e+03
2.568000e+01	2.641000e+03
2.571300e+01	2.603000e+03
2.574600e+01	2.625000e+03
2.577800e+01	2.634000e+03
2.581200e+01	2.662000e+03
2.584500e+01	2.705000e+03
2.587800e+01	2.690000e+03
2.591100e+01	2.694000e+03
2.594400e+01	2.681000e+03
2.597700e+01	2.719000e+03
2.601000e+01	2.734000e+03
2.604400e+01	2.739000e+03
2.607600e+01	2.744000e+03
2.611000e+01	2.751000e+03
2.614300e+01	2.755000e+03
2.617600e+01	2.790000e+03
2.620900e+01	2.765000e+03
2.624200e+01	2.772000e+03
2.627500e+01	2.788000e+03
2.630800e+01	2.812000e+03
2.634100e+01	2.788000e+03
2.637500e+01	2.829000e+03
2.640800e+01	2.808000e+03
2.644100e+01	2.827000e+03
2.647400e+01	2.829000e+03
2.650700e+01	2.845000e+03
2.654000e+01	2.918000e+03
2.657300e+01	2.845000e+03
2.660600e+01	2.877000e+03
2.663900e+01	2.927000e+03
2.667200e+01	2.928000e+03
2.670600e+01	2.903000e+03
2.673800e+01	2.907000e+03
2.677200e+01	2.957000e+03
2.680500e+01	2.962000e+03
2.683800e+01	2.968000e+03
2.687100e+01	2.968000e+03
2.690400e+01	2.989000e+03
2.693700e+01	3.025000e+03
2.697100e+01	2.989000e+03
2.700300e+01	3.003000e+03
2.703600e+01	2.993000e+03
2.707000e+01	3.016000e+03
2.710300e+01	3.008000e+03
2.713600e+01	2.955000e+03
2.716900e+01	3.041000e+03
2.720200e+01	3.042000e+03
2.723500e+01	3.037000e+03
2.726800e+01	3.011000e+03
2.730100e+01	3.038000e+03
2.733400e+01	3.051000e+03
2.736700e+01	3.011000e+03
2.740000e+01	3.020000e+03
2.743400e+01	3.074000e+03
2.746700e+01	3.080000e+03
2.750000e+01	3.094000e+03
2.753300e+01	3.067000e+03
2.756600e+01	3.073000e+03
2.759900e+01	3.082000e+03
2.763200e+01	3.076000e+03
2.766500e+01	3.084000e+03
2.769900e+01	3.113000e+03
2.773200e+01	3.099000e+03
2.776400e+01	3.037000e+03
2.779700e+01	3.030000e+03
2.783100e+01	3.051000e+03
2.786400e+01	3.027000e+03
2.789700e+01	3.009000e+03
2.793000e+01	3.020000e+03
2.796300e+01	3.021000e+03
2.799600e+01	3.014000e+03
2.802900e+01	3.045000e+03
2.806200e+01	3.027000e+03
2.809600e+01	2.973000e+03
2.812800e+01	2.975000e+03
2.816100e+01	2.982000e+03
2.819500e+01	2.999000e+03
2.822800e+01	3.001000e+03
2.826100e+01	2.976000e+03
2.829400e+01	2.940000e+03
2.832700e+01	2.949000e+03
2.836000e+01	2.953000e+03
2.839400e+01	2.947000e+03
2.842600e+01	2.994000e+03
2.846000e+01	2.966000e+03
2.849200e+01	2.945000e+03
2.852500e+01	2.920000e+03
2.855900e+01	2.915000e+03
2.859200e+01	2.908000e+03
2.862500e+01	2.901000e+03
2.865800e+01	2.883000e+03
2.869100e+01	2.887000e+03
2.872400e+01	2.859000e+03
2.875700e+01	2.901000e+03
2.879000e+01	2.885000e+03
2.882300e+01	2.846000e+03
2.885600e+01	2.806000e+03
2.889000e+01	2.802000e+03
2.892300e+01	2.791000e+03
2.895600e+01	2.807000e+03
2.898900e+01	2.814000e+03
2.902200e+01	2.789000e+03
2.905500e+01	2.757000e+03
2.908800e+01	2.778000e+03
2.912100e+01	2.737000e+03
2.915400e+01	2.764000e+03
2.918700e+01	2.743000e+03
2.922100e+01	2.746000e+03
2.925400e+01	2.716000e+03
2.928700e+01	2.727000e+03
2.932000e+01	2.735000e+03
2.935200e+01	2.719000e+03
2.938600e+01	2.725000e+03
2.941900e+01	2.699000e+03
2.945200e+01	2.658000e+03
2.948500e+01	2.652000e+03
2.951800e+01	2.675000e+03
2.955100e+01	2.685000e+03
2.958400e+01	2.652000e+03
2.961800e+01	2.660000e+03
2.965100e+01	2.659000e+03
2.968400e+01	2.654000e+03
2.971700e+01	2.664000e+03
2.975000e+01	2.622000e+03
2.978300e+01	2.630000e+03
2.981600e+01	2.638000e+03
2.985000e+01	2.610000e+03
2.988200e+01	2.610000e+03
2.991600e+01	2.585000e+03
2.994900e+01	2.604000e+03
2.998200e+01	2.624000e+03
3.001500e+01	2.615000e+03
3.004800e+01	2.585000e+03
3.008100e+01	2.594000e+03
3.011400e+01	2.568000e+03
3.014700e+01	2.584000e+03
3.018000e+01	2.552000e+03
3.021300e+01	2.586000e+03
3.024700e+01	2.564000e+03
3.028000e+01	2.551000e+03
3.031300e+01	2.576000e+03
3.034600e+01	2.593000e+03
3.037800e+01	2.574000e+03
3.041100e+01	2.574000e+03
3.044500e+01	2.573000e+03
3.047800e+01	2.611000e+03
3.051100e+01	2.515000e+03
3.054400e+01	2.549000e+03
3.057700e+01	2.561000e+03
3.061000e+01	2.563000e+03
3.064300e+01	2.577000e+03
3.067700e+01	2.575000e+03
3.071000e+01	2.537000e+03
3.074300e+01	2.554000e+03
3.077600e+01	2.578000e+03
3.080900e+01	2.586000e+03
3.084200e+01	2.574000e+03
3.087500e+01	2.574000e+03
3.090800e+01	2.550000e+03
3.094100e+01	2.573000e+03
3.097500e+01	2.599000e+03
3.100800e+01	2.612000e+03
3.104000e+01	2.597000e+03
3.107400e+01	2.613000e+03
3.110700e+01	2.629000e+03
3.114000e+01	2.605000e+03
3.117300e+01	2.571000e+03
3.120600e+01	2.582000e+03
3.123900e+01	2.613000e+03
3.127200e+01	2.612000e+03
3.130500e+01	2.603000e+03
3.133800e+01	2.593000e+03
3.137100e+01	2.669000e+03
3.140500e+01	2.618000e+03
3.143800e+01	2.659000e+03
3.147100e+01	2.630000e+03
3.150400e+01	2.652000e+03
3.153700e+01	2.656000e+03
3.157000e+01	2.669000e+03
3.160300e+01	2.711000e+03
3.163600e+01	2.670000e+03
3.167000e+01	2.665000e+03
3.170200e+01	2.681000e+03
3.173600e+01	2.684000e+03
3.176900e+01	2.692000e+03
3.180200e+01	2.727000e+03
3.183500e+01	2.726000e+03
3.186800e+01	2.722000e+03
3.190100e+01	2.752000e+03
3.193400e+01	2.722000e+03
3.196700e+01	2.718000e+03
3.200100e+01	2.756000e+03
3.203300e+01	2.738000e+03
3.206700e+01	2.790000e+03
3.209900e+01	2.755000e+03
3.213200e+01	2.787000e+03
3.216600e+01	2.829000e+03
3.219900e+01	2.792000e+03
3.223200e+01	2.829000e+03
3.226500e+01	2.821000e+03
3.229800e+01	2.807000e+03
3.233100e+01	2.881000e+03
3.236500e+01	2.876000e+03
3.239800e+01	2.822000e+03
3.243100e+01	2.901000e+03
3.246300e+01	2.880000e+03
3.249700e+01	2.925000e+03
3.252900e+01	2.907000e+03
3.256200e+01	2.894000e+03
3.259600e+01	2.893000e+03
3.262900e+01	2.913000e+03
3.266200e+01	2.946000e+03
3.269500e+01	2.903000e+03
3.272800e+01	2.915000e+03
3.276100e+01	2.958000e+03
3.279500e+01	2.988000e+03
3.282800e+01	2.975000e+03
3.286100e+01	2.965000e+03
3.289400e+01	2.945000e+03
3.292700e+01	2.990000e+03
3.295900e+01	2.991000e+03
3.299300e+01	2.962000e+03
3.302600e+01	2.993000e+03
3.306000e+01	2.995000e+03
3.309300e+01	3.011000e+03
3.312600e+01	2.999000e+03
3.315900e+01	3.025000e+03
3.319200e+01	3.046000e+03
3.322500e+01	3.071000e+03
3.325800e+01	3.031000e+03
3.329100e+01	3.029000e+03
3.332400e+01	3.042000e+03
3.335700e+01	3.033000e+03
3.339100e+01	3.010000e+03
3.342300e+01	3.019000e+03
3.345600e+01	3.056000e+03
3.348900e+01	2.997000e+03
3.352200e+01	3.035000e+03
3.355600e+01	2.994000e+03
3.358900e+01	3.127000e+03
3.362200e+01	2.987000e+03
3.365500e+01	2.993000e+03
3.368800e+01	2.984000e+03
3.372100e+01	3.019000e+03
3.375400e+01	3.017000e+03
3.378700e+01	2.984000e+03
3.382000e+01	3.000000e+03
3.385300e+01	3.024000e+03
3.388700e+01	2.972000e+03
3.392000e+01	2.957000e+03
3.395300e+01	2.943000e+03
3.398600e+01	2.920000e+03
3.401900e+01	2.971000e+03
3.405200e+01	2.957000e+03
3.408500e+01	2.952000e+03
3.411800e+01	2.927000e+03
3.415100e+01	2.951000e+03
3.418400e+01	2.982000e+03
3.421700e+01	2.939000e+03
3.425100e+01	2.947000e+03
3.428400e+01	2.945000e+03
3.431700e+01	2.940000e+03
3.435000e+01	2.945000e+03
3.438300e+01	2.931000e+03
3.441600e+01	2.915000e+03
3.444900e+01	2.891000e+03
3.448200e+01	2.876000e+03
3.451600e+01	2.857000e+03
3.454900e+01	2.835000e+03
3.458200e+01	2.842000e+03
3.461500e+01	2.840000e+03
3.464800e+01	2.820000e+03
3.468100e+01	2.849000e+03
3.471400e+01	2.806000e+03
3.474600e+01	2.814000e+03
3.478000e+01	2.797000e+03
3.481300e+01	2.755000e+03
3.484600e+01	2.791000e+03
3.487900e+01	2.818000e+03
3.491200e+01	2.761000e+03
3.494500e+01	2.778000e+03
3.497800e+01	2.804000e+03
3.501100e+01	2.775000e+03
3.504500e+01	2.754000e+03
3.507800e+01	2.771000e+03
3.511100e+01	2.746000e+03
3.514400e+01	2.725000e+03
3.517700e+01	2.719000e+03
3.521000e+01	2.745000e+03
3.524300e+01	2.756000e+03
3.527600e+01	2.705000e+03
3.531000e+01	2.688000e+03
3.534200e+01	2.718000e+03
3.537600e+01	2.673000e+03
3.540900e+01	2.682000e+03
3.544200e+01	2.662000e+03
3.547500e+01	2.691000e+03
3.550900e+01	2.632000e+03
3.554100e+01	2.663000e+03
3.557400e+01	2.683000e+03
3.560700e+01	2.639000e+03
3.564000e+01	2.648000e+03
3.567400e+01	2.667000e+03
3.570700e+01	2.631000e+03
3.573900e+01	2.650000e+03
3.577300e+01	2.613000e+03
3.580600e+01	2.626000e+03
3.583900e+01	2.624000e+03
3.587200e+01	2.641000e+03
3.590500e+01	2.642000e+03
3.593800e+01	2.647000e+03
3.597100e+01	2.611000e+03
3.600400e+01	2.618000e+03
3.603800e+01	2.610000e+03
3.607100e+01	2.674000e+03
3.610400e+01	2.600000e+03
3.613700e+01	2.600000e+03
3.617000e+01	2.592000e+03
3.620300e+01	2.606000e+03
3.623600e+01	2.590000e+03
3.627000e+01	2.605000e+03
3.630300e+01	2.608000e+03
3.633600e+01	2.566000e+03
3.636900e+01	2.555000e+03
3.640200e+01	2.616000e+03
3.643500e+01	2.609000e+03
3.646800e+01	2.573000e+03
3.650100e+01	2.581000e+03
3.653400e+01	2.587000e+03
3.656700e+01	2.548000e+03
3.660000e+01	2.610000e+03
3.663300e+01	2.602000e+03
3.666700e+01	2.609000e+03
3.669900e+01	2.612000e+03
3.673300e+01	2.579000e+03
3.676600e+01	2.655000e+03
3.679900e+01	2.612000e+03
3.683200e+01	2.599000e+03
3.686500e+01	2.608000e+03
3.689800e+01	2.607000e+03
3.693100e+01	2.610000e+03
3.696400e+01	2.618000e+03
3.699700e+01	2.638000e+03
3.703100e+01	2.601000e+03
3.706400e+01	2.631000e+03
3.709700e+01	2.657000e+03
3.713000e+01	2.632000e+03
3.716200e+01	2.604000e+03
3.719500e+01	2.651000e+03
3.722900e+01	2.622000e+03
3.726200e+01	2.619000e+03
3.729500e+01	2.656000e+03
3.732800e+01	2.649000e+03
3.736100e+01	2.661000e+03
3.739400e+01	2.671000e+03
3.742800e+01	2.672000e+03
3.746100e+01	2.664000e+03
3.749400e+01	2.683000e+03
3.752700e+01	2.682000e+03
3.756000e+01	2.659000e+03
3.759300e+01	2.692000e+03
3.762600e+01	2.693000e+03
3.765900e+01	2.675000e+03
3.769200e+01	2.718000e+03
3.772500e+01	2.758000e+03
3.775900e+01	2.773000e+03
3.779200e+01	2.734000e+03
3.782500e+01	2.757000e+03
3.785800e+01	2.790000e+03
3.789100e+01	2.776000e+03
3.792400e+01	2.768000e+03
3.795700e+01	2.809000e+03
3.799000e+01	2.797000e+03
3.802300e+01	2.770000e+03
3.805600e+01	2.791000e+03
3.809000e+01	2.803000e+03
3.812300e+01	2.786000e+03
3.815500e+01	2.809000e+03
3.818800e+01	2.822000e+03
3.822100e+01	2.767000e+03
3.825500e+01	2.848000e+03
3.828800e+01	2.812000e+03
3.832100e+01	2.817000e+03
3.835400e+01	2.871000e+03
3.838700e+01	2.871000e+03
3.842100e+01	2.902000e+03
3.845300e+01	2.937000e+03
3.848600e+01	2.952000e+03
3.852000e+01	2.921000e+03
3.855300e+01	2.947000e+03
3.858600e+01	2.981000e+03
3.861900e+01	2.899000e+03
3.865200e+01	2.963000e+03
3.868500e+01	2.919000e+03
3.871800e+01	2.943000e+03
3.875200e+01	2.942000e+03
3.878400e+01	2.937000e+03
3.881700e+01	2.958000e+03
3.885100e+01	2.936000e+03
3.888400e+01	2.986000e+03
3.891700e+01	2.972000e+03
3.895000e+01	2.944000e+03
3.898200e+01	2.948000e+03
3.901600e+01	2.936000e+03
3.904900e+01	2.991000e+03
3.908300e+01	2.988000e+03
3.911500e+01	2.938000e+03
3.914900e+01	2.990000e+03
3.918100e+01	2.955000e+03
3.921500e+01	3.021000e+03
3.924800e+01	2.993000e+03
3.928100e+01	3.004000e+03
3.931400e+01	3.000000e+03
3.934700e+01	2.974000e+03
3.938000e+01	2.959000e+03
3.941300e+01	2.998000e+03
3.944600e+01	2.985000e+03
3.947900e+01	3.010000e+03
3.951300e+01	2.947000e+03
3.954600e+01	2.979000e+03
3.957800e+01	2.988000e+03
3.961100e+01	2.980000e+03
3.964500e+01	2.980000e+03
3.967800e+01	2.939000e+03
3.971100e+01	2.988000e+03
3.974400e+01	2.947000e+03
3.977700e+01	2.996000e+03
3.981000e+01	2.979000e+03
3.984300e+01	2.984000e+03
3.987600e+01	2.945000e+03
3.990900e+01	2.959000e+03
3.994200e+01	2.946000e+03
3.997600e+01	2.989000e+03
4.000900e+01	2.928000e+03
4.004200e+01	2.926000e+03
4.007500e+01	2.922000e+03
4.010800e+01	2.930000e+03
4.014100e+01	2.921000e+03
4.017400e+01	2.919000e+03
4.020700e+01	2.903000e+03
4.024100e+01	2.888000e+03
4.027400e+01	2.897000e+03
4.030700e+01	2.917000e+03
4.034000e+01	2.839000e+03
4.037300e+01	2.867000e+03
4.040600e+01	2.944000e+03
4.043900e+01	2.860000e+03
4.047200e+01	2.841000e+03
4.050500e+01	2.851000e+03
4.053800e+01	2.847000e+03
4.057100e+01	2.821000e+03
4.060400e+01	2.844000e+03
4.063800e+01	2.801000e+03
4.067100e+01	2.828000e+03
4.070300e+01	2.798000e+03
4.073700e+01	2.820000e+03
4.077000e+01	2.797000e+03
4.080300e+01	2.794000e+03
4.083600e+01	2.812000e+03
4.086900e+01	2.806000e+03
4.090200e+01	2.772000e+03
4.093600e+01	2.769000e+03
4.096800e+01	2.757000e+03
4.100200e+01	2.745000e+03
4.103500e+01	2.736000e+03
4.106800e+01	2.745000e+03
4.110100e+01	2.751000e+03
4.113400e+01	2.695000e+03
4.116700e+01	2.739000e+03
4.120000e+01	2.745000e+03
4.123300e+01	2.719000e+03
4.126600e+01	2.717000e+03
4.129900e+01	2.680000e+03
4.133200e+01	2.716000e+03
4.136600e+01	2.708000e+03
4.139900e+01	2.681000e+03
4.143200e+01	2.694000e+03
4.146500e+01	2.667000e+03
4.149800e+01	2.672000e+03
4.153100e+01	2.676000e+03
4.156500e+01	2.740000e+03
4.159700e+01	2.683000e+03
4.163100e+01	2.693000e+03
4.166400e+01	2.651000e+03
4.169700e+01	2.654000e+03
4.173000e+01	2.678000e+03
4.176300e+01	2.619000e+03
4.179500e+01	2.665000e+03
4.182900e+01	2.651000e+03
4.186200e+01	2.619000e+03
4.189500e+01	2.660000e+03
4.192800e+01	2.654000e+03
4.196100e+01	2.664000e+03
4.199400e+01	2.624000e+03
4.202700e+01	2.597000e+03
4.206000e+01	2.626000e+03
4.209400e+01	2.583000e+03
4.212700e+01	2.632000e+03
4.216000e+01	2.603000e+03
4.219300e+01	2.626000e+03
4.222600e+01	2.617000e+03
4.225900e+01	2.598000e+03
4.229200e+01	2.653000e+03
4.232500e+01	2.581000e+03
4.235800e+01	2.646000e+03
4.239200e+01	2.607000e+03
4.242400e+01	2.623000e+03
4.245700e+01	2.616000e+03
4.249100e+01	2.620000e+03
4.252400e+01	2.632000e+03
4.255700e+01	2.672000e+03
4.259000e+01	2.657000e+03
4.262300e+01	2.677000e+03
4.265600e+01	2.649000e+03
4.268900e+01	2.627000e+03
4.272300e+01	2.642000e+03
4.275500e+01	2.661000e+03
4.278900e+01	2.673000e+03
4.282200e+01	2.647000e+03
4.285500e+01	2.641000e+03
4.288800e+01	2.667000e+03
4.292100e+01	2.628000e+03
4.295400e+01	2.643000e+03
4.298700e+01	2.667000e+03
4.302000e+01	2.635000e+03
4.305300e+01	2.663000e+03
4.308700e+01	2.667000e+03
4.311900e+01	2.641000e+03
4.315300e+01	2.651000e+03
4.318600e+01	2.645000e+03
4.321900e+01	2.657000e+03
4.325200e+01	2.682000e+03
4.328500e+01	2.706000e+03
4.331800e+01	2.724000e+03
4.335100e+01	2.692000e+03
4.338400e+01	2.702000e+03
4.341800e+01	2.739000e+03
4.345100e+01	2.714000e+03
4.348400e+01	2.726000e+03
4.351600e+01	2.760000e+03
4.355000e+01	2.728000e+03
4.358200e+01	2.740000e+03
4.361600e+01	2.767000e+03
4.364900e+01	2.753000e+03
4.368200e+01	2.766000e+03
4.371500e+01	2.831000e+03
4.374800e+01	2.851000e+03
4.378100e+01	2.808000e+03
4.381400e+01	2.866000e+03
4.384800e+01	2.860000e+03
4.388100e+01	2.849000e+03
4.391400e+01	2.826000e+03
4.394700e+01	2.882000e+03
4.398000e+01	2.913000e+03
4.401300e+01	2.911000e+03
4.404500e+01	2.904000e+03
4.407900e+01	2.885000e+03
4.411200e+01	2.893000e+03
4.414500e+01	2.917000e+03
4.417800e+01	2.951000e+03
4.421100e+01	2.957000e+03
4.424400e+01	2.949000e+03
4.427800e+01	2.956000e+03
4.431100e+01	2.953000e+03
4.434400e+01	2.944000e+03
4.437700e+01	2.925000e+03
4.441000e+01	2.951000e+03
4.444400e+01	2.957000e+03
4.447600e+01	2.935000e+03
4.451000e+01	2.931000e+03
4.454300e+01	2.932000e+03
4.457600e+01	2.961000e+03
4.460900e+01	2.933000e+03
4.464200e+01	2.962000e+03
4.467500e+01	2.968000e+03
4.470800e+01	2.989000e+03
4.474100e+01	2.940000e+03
4.477400e+01	2.957000e+03
4.480700e+01	2.957000e+03
4.484000e+01	3.009000e+03
4.487300e+01	2.977000e+03
4.490700e+01	2.940000e+03
4.494000e+01	2.966000e+03
4.497300e+01	3.015000e+03
4.500600e+01	2.970000e+03
4.503900e+01	3.007000e+03
4.507200e+01	3.012000e+03
4.510500e+01	3.028000e+03
4.513800e+01	3.037000e+03
4.517100e+01	3.026000e+03
4.520500e+01	3.016000e+03
4.523700e+01	3.003000e+03
4.527100e+01	3.061000e+03
4.530300e+01	3.018000e+03
4.533700e+01	3.036000e+03
4.537000e+01	2.996000e+03
4.540300e+01	3.013000e+03
4.543600e+01	3.007000e+03
4.546900e+01	3.025000e+03
4.550200e+01	3.051000e+03
4.553500e+01	3.036000e+03
4.556800e+01	2.995000e+03
4.560100e+01	3.046000e+03
4.563400e+01	3.039000e+03
4.566800e+01	3.042000e+03
4.570100e+01	3.010000e+03
4.573400e+01	3.059000e+03
4.576600e+01	3.028000e+03
4.580000e+01	3.041000e+03
4.583300e+01	3.031000e+03
4.586600e+01	3.052000e+03
4.589900e+01	3.067000e+03
4.593300e+01	3.065000e+03
4.596500e+01	3.061000e+03
4.599800e+01	3.101000e+03
4.603200e+01	3.069000e+03
4.606500e+01	3.103000e+03
4.609800e+01	3.098000e+03
4.613100e+01	3.043000e+03
4.616400e+01	3.061000e+03
4.619600e+01	3.031000e+03
4.623000e+01	3.082000e+03
4.626300e+01	3.069000e+03
4.629600e+01	3.031000e+03
4.633000e+01	3.047000e+03
4.636200e+01	3.100000e+03
4.639500e+01	3.076000e+03
4.642900e+01	3.096000e+03
4.646200e+01	3.103000e+03
4.649400e+01	3.051000e+03
4.652800e+01	3.091000e+03
4.656100e+01	3.090000e+03
4.659400e+01	3.108000e+03
4.662700e+01	3.084000e+03
4.666100e+01	3.101000e+03
4.669300e+01	3.089000e+03
4.672700e+01	3.097000e+03
4.676000e+01	3.086000e+03
4.679300e+01	3.099000e+03
4.682500e+01	3.094000e+03
4.685900e+01	3.097000e+03
4.689200e+01	3.104000e+03
4.692500e+01	3.095000e+03
4.695800e+01	3.119000e+03
4.699100e+01	3.066000e+03
4.702400e+01	3.111000e+03
4.705700e+01	3.120000e+03
4.709100e+01	3.084000e+03
4.712400e+01	3.114000e+03
4.715700e+01	3.077000e+03
4.718900e+01	3.111000e+03
4.722300e+01	3.103000e+03
4.725600e+01	3.125000e+03
4.728900e+01	3.099000e+03
4.732200e+01	3.094000e+03
4.735500e+01	3.119000e+03
4.738800e+01	3.072000e+03
4.742100e+01	3.130000e+03
4.745500e+01	3.122000e+03
4.748800e+01	3.116000e+03
4.752100e+01	3.125000e+03
4.755400e+01	3.129000e+03
4.758700e+01	3.138000e+03
4.762000e+01	3.122000e+03
4.765300e+01	3.123000e+03
4.768600e+01	3.133000e+03
4.771900e+01	3.162000e+03
4.775300e+01	3.112000e+03
4.778600e+01	3.160000e+03
4.781900e+01	3.153000e+03
4.785200e+01	3.143000e+03
4.788500e+01	3.151000e+03
4.791800e+01	3.197000e+03
4.795100e+01	3.142000e+03
4.798400e+01	3.138000e+03
4.801700e+01	3.120000e+03
4.805100e+01	3.148000e+03
4.808300e+01	3.148000e+03
4.811600e+01	3.135000e+03
4.815000e+01	3.166000e+03
4.818200e+01	3.165000e+03
4.821600e+01	3.143000e+03
4.824900e+01	3.163000e+03
