#	z_max	r_eq	V_L
4.42431e-09	2.58191e-08	5.04416e-24
3.20402e-09	3.11868e-08	5.4848e-24
5.21409e-09	3.28923e-08	7.128e-24
4.65098e-09	3.27257e-08	5.77207e-24
3.25623e-09	2.2421e-08	2.87928e-24
2.89049e-09	1.4784e-08	1.02774e-24
3.87809e-09	2.31406e-08	3.27653e-24
4.06722e-09	3.11868e-08	5.19096e-24
4.12164e-09	2.84376e-08	4.96e-24
4.22657e-09	2.70591e-08	4.69539e-24
3.09251e-09	1.6529e-08	9.23367e-25
4.06701e-09	2.90083e-08	4.33769e-24
3.04445e-09	3.10111e-08	4.55935e-24
3.5171e-09	3.3058e-08	5.19031e-24
1.97774e-09	1.14516e-08	7.08083e-26
2.60105e-09	2.36081e-08	2.19207e-24
4.10472e-09	2.11674e-08	3.50645e-24
2.84672e-09	1.04539e-08	6.64959e-25
4.58167e-09	3.32229e-08	6.86456e-24
4.03777e-09	3.17081e-08	7.12221e-24
4.06787e-09	2.16776e-08	2.99125e-24
4.64499e-09	2.86291e-08	5.18222e-24
2.87734e-09	1.81066e-08	1.87342e-24
4.60576e-09	3.06567e-08	5.17547e-24
4.64783e-09	3.82674e-08	1.04044e-23
4.35192e-09	1.81066e-08	2.21419e-24
4.31693e-09	2.80506e-08	5.48478e-24
2.53908e-09	1.09641e-08	4.50261e-25
3.76348e-09	2.49582e-08	4.35339e-24
2.55148e-09	2.03783e-08	2.13876e-24
4.40311e-09	3.01173e-08	5.00312e-24
4.17096e-09	2.16776e-08	7.34513e-25
4.95919e-09	3.08344e-08	6.00676e-24
2.64743e-09	1.71774e-08	1.11381e-24
3.95556e-09	1.81066e-08	6.33846e-25
3.26251e-09	2.53923e-08	3.49663e-24
4.04591e-09	2.29032e-08	2.75456e-24
3.49828e-09	1.71774e-08	1.26927e-24
3.34186e-09	2.45165e-08	2.84237e-24
4.07154e-09	1.44096e-08	3.81947e-25
3.75297e-09	2.31406e-08	3.66196e-24
4.75596e-09	3.66631e-08	5.08791e-24
5.08916e-09	3.56045e-08	6.15206e-24
4.07901e-09	3.11868e-08	6.2181e-24
5.1123e-09	3.49853e-08	7.70937e-24
3.61551e-09	2.19282e-08	8.59688e-25
3.91374e-09	2.76583e-08	4.62252e-24
3.68894e-09	3.49853e-08	6.70091e-24
3.61036e-09	2.51762e-08	2.9219e-24
4.08284e-09	2.82448e-08	5.56152e-24
3.06593e-09	2.11674e-08	2.1339e-24
4.19963e-09	3.20509e-08	7.99177e-24
3.54531e-09	2.33755e-08	2.84438e-24
3.66161e-09	3.33869e-08	3.69973e-24
3.332e-09	2.42926e-08	2.61623e-24
4.64975e-09	3.88343e-08	8.83573e-24
5.01583e-09	3.57577e-08	9.41e-24
3.36116e-09	3.38744e-08	5.10735e-24
4.61963e-09	2.76583e-08	3.79437e-24
5.10996e-09	3.33869e-08	7.68321e-24
2.36136e-09	1.9276e-08	1.5977e-24
4.06641e-09	2.97522e-08	6.11181e-24
4.28559e-09	2.99353e-08	6.42767e-24
5.31214e-09	3.01173e-08	2.51335e-24
3.85756e-09	2.64464e-08	3.47116e-24
3.51163e-09	2.16776e-08	1.41977e-24
3.41433e-09	2.16776e-08	1.431e-24
3.92591e-09	2.6239e-08	3.41397e-24
4.68654e-09	3.57577e-08	6.16493e-24
4.36277e-09	3.68118e-08	1.01878e-23
3.6937e-09	2.51762e-08	1.55888e-24
4.30772e-09	1.81066e-08	1.36587e-24
3.92903e-09	2.53923e-08	4.3921e-24
3.66334e-09	2.42926e-08	3.74596e-24
4.17842e-09	2.42926e-08	3.00843e-24
4.09453e-09	2.2176e-08	3.12072e-24
5.21113e-09	2.68564e-08	1.58472e-24
4.54011e-09	3.32229e-08	5.51396e-24
3.94397e-09	2.40666e-08	3.08344e-24
4.83861e-09	2.97522e-08	6.53459e-24
4.36305e-09	2.66522e-08	3.30726e-24
4.09478e-09	3.02981e-08	5.18421e-24
4.18044e-09	2.70591e-08	4.16092e-24
4.03601e-09	3.62132e-08	9.75018e-24
3.87884e-09	3.68118e-08	8.25404e-24
3.3001e-09	2.49582e-08	3.0787e-24
4.50318e-09	3.41954e-08	7.31113e-24
3.10428e-09	2.26634e-08	2.41267e-24
5.19728e-09	3.28923e-08	6.88285e-24
3.6384e-09	2.68564e-08	4.84783e-24
2.69424e-09	2.03783e-08	2.24782e-24
2.83269e-09	1.95574e-08	1.14706e-24
3.05281e-09	1.40253e-08	5.72419e-25
3.85812e-09	2.47383e-08	1.32112e-24
5.20078e-09	2.76583e-08	4.27212e-24
3.90929e-09	2.68564e-08	3.25961e-24
3.91827e-09	2.2176e-08	1.60138e-24
2.59735e-09	1.84059e-08	1.26628e-24
3.45552e-09	2.2176e-08	2.22941e-24
4.46574e-09	2.76583e-08	3.55923e-24
3.75036e-09	2.9568e-08	4.43248e-24
4.06394e-09	2.99353e-08	4.76025e-24
3.87573e-09	2.29032e-08	2.34214e-24
4.05888e-09	3.75467e-08	8.99265e-24
2.9841e-09	1.74926e-08	9.92786e-25
5.14292e-09	3.82674e-08	1.04801e-23
4.20948e-09	2.09077e-08	7.53629e-25
3.93445e-09	2.51762e-08	3.79093e-24
4.53131e-09	2.84376e-08	4.55936e-24
4.32021e-09	3.15353e-08	5.36086e-24
3.60489e-09	5.72581e-09	1.74031e-25
3.21129e-09	1.9276e-08	1.21388e-24
4.61118e-09	3.49853e-08	8.87291e-24
3.17984e-09	2.33755e-08	3.6382e-24
3.74023e-09	2.38385e-08	1.48627e-24
5.40323e-09	3.56045e-08	8.37412e-24
3.56948e-09	2.19282e-08	2.11156e-24
3.43485e-09	2.29032e-08	1.82764e-24
2.76733e-09	2.09077e-08	1.84846e-24
3.66116e-09	2.76583e-08	4.23873e-24
2.41903e-09	1.87004e-08	6.70728e-25
4.05631e-09	2.78552e-08	5.40653e-24
4.06184e-09	2.58191e-08	3.02082e-24
5.15193e-09	3.38744e-08	7.50249e-24
2.40953e-09	1.68563e-08	1.08845e-24
3.22908e-09	1.4784e-08	7.14163e-25
3.63231e-09	3.20509e-08	5.6812e-24
2.89284e-09	2.16776e-08	2.95785e-24
4.02404e-09	2.90083e-08	4.83318e-24
3.71188e-09	2.76583e-08	4.20475e-24
3.77657e-09	3.27257e-08	4.67337e-24
4.14395e-09	3.06567e-08	5.65631e-24
4.44627e-09	1.98348e-08	1.37032e-24
4.05778e-09	3.06567e-08	4.59233e-24
4.46603e-09	3.25583e-08	8.10991e-24
4.98013e-09	2.72603e-08	5.4269e-24
3.61188e-09	3.27257e-08	5.10876e-24
2.72515e-09	2.01084e-08	1.06896e-24
4.34231e-09	2.66522e-08	3.3509e-24
5.08815e-09	4.06223e-08	1.18791e-23
3.80617e-09	2.66522e-08	4.89854e-24
4.15671e-09	2.99353e-08	4.38651e-24
3.83922e-09	2.01084e-08	2.18508e-24
3.20346e-09	1.98348e-08	1.74763e-24
4.34463e-09	2.72603e-08	4.06705e-24
6.04306e-09	4.33551e-08	1.26461e-23
4.62764e-09	3.0478e-08	7.5871e-24
3.97474e-09	2.40666e-08	2.19778e-24
4.39969e-09	2.90083e-08	5.07595e-24
4.12603e-09	2.64464e-08	4.22232e-24
4.07979e-09	2.86291e-08	4.97124e-24
3.66902e-09	2.60299e-08	4.59905e-24
3.24271e-09	1.6195e-08	8.48296e-25
5.0139e-09	3.89748e-08	8.83036e-24
4.03244e-09	1.6195e-08	1.02267e-24
3.49893e-09	2.06447e-08	1.77827e-24
4.07366e-09	3.41954e-08	6.5362e-24
3.14308e-09	2.78552e-08	3.95164e-24
4.09522e-09	2.64464e-08	4.08639e-24
3.21385e-09	2.42926e-08	2.34666e-24
3.87031e-09	2.58191e-08	3.51494e-24
3.90148e-09	2.40666e-08	2.98721e-24
4.61732e-09	1.98348e-08	2.93685e-24
3.60779e-09	2.51762e-08	3.27566e-24
4.45428e-09	2.88193e-08	5.21451e-24
4.38383e-09	3.63638e-08	6.78117e-24
4.4049e-09	2.70591e-08	3.38673e-24
3.10327e-09	2.2421e-08	3.11696e-24
4.03807e-09	2.93826e-08	6.01043e-24
3.57454e-09	2.76583e-08	4.83051e-24
4.3484e-09	3.20509e-08	6.3934e-24
3.81837e-09	3.68118e-08	9.7304e-24
4.36521e-09	3.27257e-08	4.9117e-24
3.55983e-09	2.47383e-08	2.13576e-24
5.3249e-09	3.96696e-08	8.07419e-24
4.3329e-09	3.06567e-08	6.44107e-24
3.81832e-09	2.76583e-08	4.08315e-24
5.17102e-09	3.188e-08	6.30895e-24
4.31081e-09	3.46715e-08	4.88139e-24
4.23445e-09	3.43549e-08	7.43763e-24
3.42055e-09	1.87004e-08	1.41095e-24
2.79424e-09	1.6195e-08	8.71596e-25
3.88237e-09	2.97522e-08	4.76615e-24
3.4543e-09	2.9196e-08	4.65e-24
3.51762e-09	2.80506e-08	3.36991e-24
3.59513e-09	2.78552e-08	3.75225e-24
4.10194e-09	2.78552e-08	4.43509e-24
4.89532e-09	3.0478e-08	6.53255e-24
3.39025e-09	2.93826e-08	4.13386e-24
4.38143e-09	3.28923e-08	8.38594e-24
4.75273e-09	3.72545e-08	1.00303e-23
4.44177e-09	2.42926e-08	3.49264e-24
3.09344e-09	1.14516e-08	2.60291e-25
3.94177e-09	2.1424e-08	9.13681e-25
3.93946e-09	3.37127e-08	7.53624e-24
2.67702e-09	1.32232e-08	3.72747e-25
4.04759e-09	3.15353e-08	5.22789e-24
4.37254e-09	2.93826e-08	5.45861e-24
4.09802e-09	3.13616e-08	7.20479e-24
5.12536e-09	2.80506e-08	4.29879e-24
4.60312e-09	2.84376e-08	6.30498e-24
4.11047e-09	2.56066e-08	4.12372e-24
3.85855e-09	3.48287e-08	4.1939e-24
4.54903e-09	2.99353e-08	3.9729e-24
5.25454e-09	4.31023e-08	1.12974e-23
3.73518e-09	2.19282e-08	1.95268e-24
4.31549e-09	2.09077e-08	7.26498e-25
4.12148e-09	2.76583e-08	3.43924e-24
4.79189e-09	3.6062e-08	8.16592e-24
3.22521e-09	2.2176e-08	2.37718e-24
3.62372e-09	2.58191e-08	3.96423e-24
3.41731e-09	2.49582e-08	2.03965e-24
2.89783e-09	1.98348e-08	1.19737e-24
3.05303e-09	1.51491e-08	1.28266e-24
4.18208e-09	2.9568e-08	3.56968e-24
4.79124e-09	3.43549e-08	6.76269e-24
4.35713e-09	2.53923e-08	2.99194e-24
1.82094e-09	5.72581e-09	1.77291e-26
4.40179e-09	2.40666e-08	3.39978e-24
4.8375e-09	3.48287e-08	6.80348e-24
3.44136e-09	2.19282e-08	1.62159e-24
3.62188e-09	2.746e-08	3.41746e-24
3.71985e-09	2.19282e-08	9.07187e-25
3.04153e-09	2.29032e-08	6.49505e-25
4.64112e-09	3.15353e-08	5.68504e-24
2.89895e-09	2.47383e-08	3.08398e-24
4.0385e-09	2.9196e-08	5.27382e-24
2.91086e-09	1.89904e-08	1.25522e-24
4.17145e-09	3.17081e-08	6.17317e-24
3.84242e-09	2.78552e-08	5.94931e-24
5.0476e-09	3.52963e-08	9.5858e-24
2.97566e-09	1.81066e-08	1.17252e-24
3.45791e-09	2.80506e-08	5.11956e-24
3.61324e-09	2.76583e-08	3.77993e-24
4.14846e-09	3.01173e-08	4.89389e-24
3.50682e-09	2.29032e-08	2.02202e-24
4.42545e-09	2.88193e-08	5.43777e-24
3.71319e-09	2.90083e-08	3.64571e-24
3.4688e-09	1.78023e-08	2.23812e-24
3.99685e-09	3.38744e-08	5.71466e-24
3.87096e-09	2.90083e-08	4.17252e-24
3.07388e-09	2.33755e-08	2.92062e-24
3.99884e-09	2.03783e-08	1.29225e-24
3.63598e-09	2.51762e-08	4.38117e-24
3.99951e-09	2.47383e-08	1.16266e-24
2.92912e-09	1.78023e-08	1.53725e-24
4.60232e-09	3.08344e-08	6.79363e-24
4.93876e-09	2.88193e-08	4.78777e-24
3.50525e-09	2.03783e-08	1.81038e-24
4.07177e-09	3.17081e-08	6.22322e-24
3.79076e-09	1.78023e-08	3.44975e-25
4.43948e-09	3.93931e-08	9.95252e-24
2.97288e-09	2.33755e-08	2.13757e-24
4.66627e-09	3.01173e-08	4.76161e-24
3.36029e-09	2.11674e-08	1.97693e-24
4.63184e-09	2.9568e-08	4.30397e-24
3.27281e-09	1.28033e-08	4.67975e-25
5.24269e-09	2.19282e-08	9.48459e-25
4.44772e-09	2.72603e-08	3.73242e-24
3.57379e-09	1.55056e-08	5.15031e-25
4.48837e-09	2.66522e-08	2.74166e-24
4.17694e-09	2.1424e-08	1.78336e-24
3.28455e-09	2.78552e-08	4.44395e-24
5.09768e-09	3.22209e-08	5.27002e-24
4.74773e-09	2.03783e-08	1.28878e-24
4.1281e-09	2.51762e-08	2.17067e-24
3.87233e-09	2.82448e-08	3.02036e-24
4.04468e-09	3.45135e-08	4.70956e-24
2.03469e-09	8.74632e-09	1.52089e-25
5.17702e-09	3.28923e-08	6.359e-24
2.92707e-09	1.78023e-08	9.05186e-25
4.54555e-09	2.19282e-08	1.61681e-24
3.65606e-09	2.6239e-08	2.66797e-24
4.33418e-09	3.68118e-08	5.12901e-24
3.52069e-09	2.47383e-08	2.98904e-24
3.39442e-09	2.58191e-08	2.94866e-24
3.37344e-09	2.49582e-08	3.24698e-24
3.91609e-09	2.84376e-08	3.7862e-24
4.36883e-09	3.10111e-08	5.38448e-24
2.17417e-09	7.39199e-09	6.66219e-26
3.66925e-09	2.29032e-08	1.41057e-24
4.27494e-09	2.72603e-08	5.17446e-24
3.43684e-09	3.08344e-08	5.85678e-24
3.56149e-09	2.42926e-08	3.19581e-24
3.91266e-09	2.76583e-08	2.59175e-24
4.10537e-09	3.40353e-08	7.75134e-24
4.07352e-09	2.86291e-08	4.68838e-24
3.43982e-09	2.09077e-08	1.50698e-24
2.52186e-09	1.32232e-08	4.29418e-25
4.05327e-09	1.98348e-08	1.16656e-24
4.95552e-09	1.40253e-08	1.48823e-24
4.69429e-09	3.0478e-08	6.55732e-24
3.24512e-09	2.78552e-08	4.3315e-24
4.21298e-09	2.84376e-08	4.71794e-24
5.22739e-09	3.45135e-08	7.15784e-24
3.79677e-09	2.06447e-08	1.49318e-24
3.93748e-09	2.72603e-08	4.01255e-24
3.56213e-09	1.98348e-08	8.13531e-25
4.2629e-09	2.56066e-08	3.23996e-24
4.50117e-09	3.68118e-08	9.17741e-24
2.36071e-09	1.40253e-08	5.11849e-25
3.89797e-09	3.13616e-08	5.59328e-24
2.77144e-09	1.98348e-08	1.63609e-24
3.6678e-09	2.53923e-08	3.6889e-24
1.7937e-09	1.28033e-08	2.48881e-25
3.64997e-09	1.98348e-08	1.48612e-24
4.87521e-09	2.90083e-08	4.42259e-24
3.60099e-09	1.04539e-08	7.29667e-26
3.58844e-09	2.6239e-08	4.34414e-24
3.80268e-09	3.65137e-08	7.98351e-24
3.93296e-09	2.84376e-08	5.1518e-24
3.91285e-09	3.15353e-08	4.84992e-24
3.37308e-09	2.16776e-08	2.63139e-24
3.43612e-09	2.58191e-08	4.09148e-24
2.85952e-09	1.95574e-08	9.28602e-25
3.3119e-09	1.98348e-08	8.00949e-25
4.67447e-09	3.15353e-08	5.80579e-24
4.50966e-09	4.25922e-08	1.18196e-23
3.86401e-09	1.98348e-08	1.2926e-24
3.82566e-09	2.66522e-08	3.13747e-24
4.39262e-09	3.43549e-08	8.46187e-24
4.27835e-09	2.72603e-08	3.59438e-24
3.09885e-09	2.03783e-08	1.42045e-24
4.26636e-09	2.82448e-08	5.51852e-24
3.0965e-09	1.74926e-08	3.8302e-25
4.51518e-09	2.97522e-08	4.2234e-24
3.5273e-09	2.2176e-08	1.94596e-24
3.06928e-09	2.1424e-08	2.40736e-24
4.46467e-09	2.746e-08	4.20397e-24
3.97268e-09	2.64464e-08	4.25865e-24
3.41761e-09	1.9276e-08	2.19998e-24
3.97412e-09	2.80506e-08	3.11801e-24
3.98498e-09	2.60299e-08	2.69732e-24
4.30312e-09	3.15353e-08	4.19896e-24
4.02313e-09	3.69599e-08	8.59149e-24
3.18512e-09	1.68563e-08	7.15612e-25
4.76147e-09	3.32229e-08	6.79936e-24
3.5596e-09	2.51762e-08	4.05601e-24
3.38859e-09	3.41954e-08	5.58034e-24
4.19677e-09	2.86291e-08	4.00179e-24
3.5783e-09	2.70591e-08	3.83832e-24
3.36619e-09	2.49582e-08	2.99692e-24
5.08102e-09	3.96696e-08	1.10692e-23
3.03603e-09	1.84059e-08	1.58189e-24
4.19786e-09	2.33755e-08	3.10659e-24
3.26764e-09	2.53923e-08	4.17498e-24
3.42577e-09	2.16776e-08	2.15555e-24
4.55042e-09	3.13616e-08	5.28112e-24
4.28343e-09	2.84376e-08	4.49449e-24
3.42835e-09	2.68564e-08	4.55507e-24
3.17043e-09	3.11868e-08	3.90922e-24
4.3286e-09	2.72603e-08	3.65284e-24
3.78647e-09	2.56066e-08	4.19571e-24
3.55172e-09	1.95574e-08	1.74257e-24
3.47521e-09	3.49853e-08	6.51233e-24
3.40301e-09	2.45165e-08	3.00493e-24
4.05501e-09	3.48287e-08	7.59254e-24
4.42491e-09	1.98348e-08	6.37915e-25
4.47381e-09	2.53923e-08	4.53174e-24
4.18727e-09	2.53923e-08	4.88829e-24
4.50729e-09	3.63638e-08	8.82705e-24
3.63292e-09	2.2176e-08	2.65756e-24
3.76849e-09	3.56045e-08	6.6926e-24
3.691e-09	2.68564e-08	4.11571e-24
3.43255e-09	2.19282e-08	2.73824e-24
3.23783e-09	2.56066e-08	3.48445e-24
3.67105e-09	2.68564e-08	4.93965e-24
5.00219e-09	3.32229e-08	6.06673e-24
4.16997e-09	2.31406e-08	2.86559e-24
3.29561e-09	2.03783e-08	1.34888e-24
4.25636e-09	2.80506e-08	4.00468e-24
3.84191e-09	3.49853e-08	7.186e-24
3.43591e-09	2.29032e-08	3.53302e-24
5.549e-09	3.37127e-08	7.98169e-24
4.79728e-09	3.43549e-08	6.64934e-24
3.46093e-09	1.68563e-08	4.60082e-25
3.13704e-09	2.09077e-08	1.32953e-24
4.66172e-09	3.10111e-08	4.66092e-24
3.91485e-09	3.72545e-08	1.00655e-23
3.15493e-09	2.2176e-08	2.09168e-24
2.93705e-09	2.82448e-08	4.14413e-24
4.0041e-09	2.33755e-08	1.29684e-24
3.83422e-09	2.31406e-08	3.57852e-24
2.75223e-09	1.71774e-08	1.66601e-24
5.11984e-09	3.22209e-08	6.90244e-24
3.17808e-09	2.58191e-08	4.20144e-24
4.17666e-09	3.13616e-08	4.04877e-24
4.07185e-09	3.25583e-08	5.96067e-24
4.52876e-09	3.02981e-08	6.10013e-24
4.60533e-09	3.78366e-08	7.64172e-24
4.59006e-09	2.90083e-08	6.91571e-24
3.40523e-09	3.17081e-08	5.80356e-24
2.74213e-09	1.55056e-08	5.43291e-25
3.63211e-09	2.66522e-08	2.73866e-24
4.12153e-09	3.48287e-08	8.37154e-24
4.08331e-09	2.51762e-08	4.39291e-24
3.60643e-09	3.08344e-08	6.03875e-24
4.16471e-09	3.51411e-08	5.28802e-24
2.95767e-09	1.36302e-08	7.04707e-25
5.38929e-09	3.20509e-08	3.00018e-24
3.00202e-09	2.38385e-08	3.59365e-24
5.34148e-09	3.54507e-08	8.07492e-24
3.05109e-09	2.53923e-08	2.42654e-24
3.87967e-09	2.9568e-08	4.26503e-24
3.82624e-09	2.97522e-08	6.6275e-24
4.16309e-09	4.07566e-08	1.11325e-23
4.2287e-09	3.57577e-08	8.67482e-24
3.72666e-09	3.38744e-08	5.56198e-24
4.27054e-09	2.66522e-08	4.33067e-24
3.96992e-09	2.80506e-08	4.60812e-24
3.84737e-09	2.45165e-08	2.24592e-24
4.44787e-09	2.9568e-08	6.4239e-24
4.22595e-09	2.82448e-08	5.63017e-24
4.9593e-09	4.85851e-08	1.47354e-23
3.42853e-09	2.31406e-08	3.11934e-24
4.35076e-09	4.12894e-08	8.36644e-24
2.93014e-09	1.9276e-08	1.70044e-24
4.01295e-09	2.80506e-08	5.91038e-24
4.29641e-09	3.28923e-08	8.31996e-24
4.05854e-09	3.43549e-08	7.50102e-24
3.77348e-09	2.58191e-08	2.35284e-24
3.89339e-09	3.02981e-08	6.32267e-24
4.56309e-09	2.76583e-08	4.42491e-24
2.84549e-09	1.87004e-08	9.51023e-25
4.98346e-09	3.35502e-08	5.50433e-24
4.69179e-09	3.0478e-08	6.54019e-24
4.24879e-09	2.90083e-08	4.95917e-24
3.80628e-09	2.80506e-08	4.96304e-24
3.49446e-09	1.6529e-08	1.82297e-24
3.44317e-09	1.44096e-08	3.7814e-25
3.68165e-09	2.31406e-08	3.73969e-24
2.86036e-09	9.35021e-09	2.78854e-25
3.61188e-09	2.60299e-08	2.59321e-24
3.61069e-09	2.40666e-08	3.85001e-24
3.28478e-09	2.56066e-08	1.51211e-24
4.87039e-09	3.22209e-08	5.45719e-24
4.96901e-09	3.17081e-08	8.33699e-24
3.81958e-09	2.47383e-08	3.9765e-24
2.37729e-09	1.6529e-08	9.83005e-25
3.84567e-09	2.88193e-08	5.50841e-24
2.74842e-09	1.09641e-08	1.45508e-26
4.35077e-09	3.48287e-08	7.46147e-24
4.26225e-09	2.2421e-08	2.17879e-24
3.65544e-09	2.51762e-08	2.18289e-24
4.34059e-09	3.75467e-08	8.2107e-24
4.08866e-09	3.74008e-08	7.07757e-24
5.04543e-09	3.89748e-08	7.99852e-24
2.99612e-09	2.78552e-08	4.23604e-24
2.7902e-09	2.19282e-08	2.23505e-24
3.81326e-09	2.93826e-08	5.49733e-24
4.64178e-09	3.93931e-08	1.00191e-23
4.00434e-09	2.56066e-08	3.68953e-24
3.8282e-09	3.75467e-08	8.03263e-24
3.03101e-09	2.31406e-08	2.6362e-24
3.31441e-09	2.16776e-08	1.39171e-24
4.65194e-09	3.37127e-08	5.16558e-24
3.28504e-09	1.40253e-08	6.89786e-25
3.50369e-09	2.2421e-08	2.5335e-24
3.66901e-09	3.78366e-08	5.44761e-24
3.36383e-09	2.56066e-08	2.79408e-24
3.23988e-09	1.95574e-08	1.15458e-24
3.57698e-09	2.16776e-08	2.64206e-24
3.75466e-09	2.78552e-08	5.81922e-24
3.08763e-09	1.6529e-08	1.29826e-24
3.57624e-09	2.51762e-08	2.19736e-24
3.61241e-09	2.58191e-08	3.64767e-24
3.67665e-09	2.16776e-08	2.91759e-24
5.24641e-09	3.28923e-08	8.25402e-24
3.70976e-09	3.6062e-08	5.10073e-24
3.93068e-09	1.78023e-08	7.35917e-25
4.43349e-09	3.76919e-08	1.01322e-23
3.15717e-09	1.68563e-08	6.51616e-25
3.24526e-09	2.2176e-08	2.73698e-24
4.72407e-09	3.32229e-08	8.38697e-24
3.93936e-09	2.64464e-08	4.31104e-24
4.46103e-09	2.82448e-08	3.37677e-24
3.14806e-09	2.45165e-08	3.04698e-24
4.06174e-09	2.58191e-08	4.90283e-24
3.49417e-09	2.33755e-08	3.55e-24
3.65138e-09	1.74926e-08	8.4928e-25
4.44076e-09	2.76583e-08	4.65615e-24
4.50517e-09	2.80506e-08	5.23762e-24
4.0934e-09	3.37127e-08	6.36132e-24
4.50532e-09	3.27257e-08	7.78039e-24
3.6565e-09	2.40666e-08	3.26916e-24
5.18366e-09	4.07566e-08	1.27411e-23
3.54434e-09	2.58191e-08	3.08606e-24
2.79284e-09	1.44096e-08	6.41211e-25
2.60356e-09	1.6529e-08	1.03786e-24
4.49181e-09	2.97522e-08	5.42178e-24
3.38843e-09	1.28033e-08	6.44363e-26
2.71056e-09	9.35021e-09	1.62774e-25
4.64258e-09	2.03783e-08	2.66287e-24
3.14707e-09	2.1424e-08	2.72306e-24
3.48625e-09	2.60299e-08	4.38082e-24
1.81648e-09	1.14516e-08	3.01025e-26
4.5485e-09	3.20509e-08	5.57467e-24
4.06549e-09	2.40666e-08	2.29241e-24
4.60168e-09	4.11569e-08	1.0706e-23
3.48475e-09	2.58191e-08	4.52152e-24
3.38396e-09	2.16776e-08	1.2449e-24
3.82354e-09	2.9568e-08	4.80448e-24
3.13704e-09	2.29032e-08	1.8467e-24
3.79846e-09	2.64464e-08	3.6251e-24
4.40721e-09	3.86934e-08	1.18931e-23
4.30892e-09	3.65137e-08	1.01735e-23
4.38827e-09	3.65137e-08	7.72683e-24
3.54796e-09	2.66522e-08	4.17196e-24
4.30928e-09	2.88193e-08	3.46269e-24
3.91483e-09	2.68564e-08	2.66917e-24
3.19082e-09	2.51762e-08	2.95406e-24
3.2972e-09	1.9276e-08	1.98263e-24
4.26214e-09	2.64464e-08	2.81309e-24
3.02639e-09	1.81066e-08	1.55667e-24
4.93263e-09	3.11868e-08	5.00841e-24
3.68722e-09	2.2421e-08	1.5597e-24
4.34491e-09	3.02981e-08	5.7085e-24
5.42725e-09	3.66631e-08	9.68536e-24
3.45083e-09	3.17081e-08	5.13743e-24
5.3719e-09	3.38744e-08	6.85001e-24
4.0819e-09	2.53923e-08	3.46514e-24
4.36855e-09	2.16776e-08	1.39162e-24
3.98884e-09	2.6239e-08	3.64851e-24
4.72547e-09	3.37127e-08	6.70875e-24
3.31969e-09	2.1424e-08	1.68319e-24
3.29769e-09	2.2176e-08	2.69035e-24
3.49841e-09	1.32232e-08	1.50022e-25
4.9167e-09	4.37316e-08	1.11009e-23
4.82669e-09	2.97522e-08	4.60404e-24
3.97407e-09	3.20509e-08	5.9934e-24
4.25633e-09	3.33869e-08	5.60628e-24
4.44654e-09	2.90083e-08	4.40701e-24
4.575e-09	3.06567e-08	6.29609e-24
3.29201e-09	2.51762e-08	1.17188e-24
3.48181e-09	2.49582e-08	3.29894e-24
2.84799e-09	2.03783e-08	1.97517e-24
2.39768e-09	1.68563e-08	1.20576e-24
5.15268e-09	4.12894e-08	9.94364e-24
2.9649e-09	1.87004e-08	1.84049e-24
3.87188e-09	2.51762e-08	3.07427e-24
4.3581e-09	2.76583e-08	4.60005e-24
4.37468e-09	4.31023e-08	1.22308e-23
4.65331e-09	3.40353e-08	6.23343e-24
3.70147e-09	2.11674e-08	2.01579e-24
3.76649e-09	2.51762e-08	2.40321e-24
4.33072e-09	2.09077e-08	1.50014e-24
3.77488e-09	3.02981e-08	6.30129e-24
3.01739e-09	2.51762e-08	3.5188e-24
3.19704e-09	2.45165e-08	3.66206e-24
4.17327e-09	2.97522e-08	5.65246e-24
4.18643e-09	2.746e-08	4.15269e-24
2.61712e-09	1.98348e-08	1.67539e-24
3.32203e-09	2.45165e-08	1.93079e-24
4.30089e-09	3.11868e-08	5.06316e-24
3.62512e-09	2.88193e-08	2.49579e-24
2.72122e-09	1.44096e-08	5.72942e-25
3.84942e-09	3.20509e-08	6.50487e-24
3.1961e-09	2.33755e-08	2.25175e-24
2.41144e-09	1.74926e-08	8.42253e-25
5.05538e-09	2.09077e-08	1.72894e-24
5.4913e-09	2.86291e-08	6.09258e-24
3.25465e-09	2.60299e-08	3.08895e-24
4.24201e-09	2.64464e-08	1.77369e-24
4.59123e-09	3.41954e-08	6.13852e-24
3.16421e-09	2.09077e-08	2.25868e-24
4.73928e-09	3.17081e-08	6.41657e-24
4.24113e-09	3.02981e-08	4.70848e-24
3.90749e-09	2.42926e-08	2.97264e-24
4.08317e-09	3.06567e-08	5.56098e-24
4.26173e-09	2.33755e-08	2.74171e-24
4.48248e-09	4.02168e-08	1.08054e-23
2.93981e-09	1.40253e-08	5.66045e-25
3.93604e-09	2.26634e-08	2.33311e-24
3.85789e-09	2.58191e-08	3.63102e-24
4.18544e-09	3.10111e-08	5.62306e-24
3.60497e-09	2.33755e-08	2.65986e-24
3.59332e-09	2.82448e-08	1.48503e-24
4.92421e-09	3.27257e-08	6.4093e-24
4.73695e-09	3.0478e-08	5.73696e-24
3.74898e-09	2.90083e-08	4.33696e-24
3.20386e-09	2.11674e-08	1.8856e-24
3.44662e-09	2.6239e-08	3.46714e-24
3.47575e-09	2.2176e-08	2.07221e-24
4.0106e-09	3.23901e-08	5.85969e-24
4.19332e-09	2.84376e-08	4.44296e-24
3.96085e-09	3.20509e-08	5.8098e-24
2.35291e-09	1.4784e-08	5.11713e-25
3.94964e-09	2.88193e-08	6.61284e-24
4.04145e-09	2.51762e-08	3.60154e-24
4.1162e-09	3.76919e-08	8.59579e-24
4.02139e-09	2.6239e-08	3.86958e-24
3.83489e-09	2.53923e-08	2.93086e-24
4.04579e-09	2.78552e-08	4.26824e-24
4.56232e-09	3.89748e-08	8.21921e-24
4.27092e-09	2.88193e-08	3.49319e-24
2.7468e-09	1.6529e-08	1.26727e-24
3.3894e-09	1.44096e-08	7.6713e-25
4.11362e-09	2.01084e-08	6.72512e-25
3.85651e-09	3.48287e-08	5.98493e-24
4.52028e-09	3.22209e-08	6.79266e-24
3.55739e-09	3.20509e-08	6.54483e-24
4.29308e-09	2.746e-08	4.86784e-24
3.47634e-09	2.53923e-08	2.37842e-24
4.26383e-09	2.88193e-08	5.45098e-24
3.34424e-09	2.2176e-08	2.69547e-24
4.64672e-09	3.17081e-08	7.64072e-24
2.87496e-09	2.16776e-08	1.54965e-24
2.75584e-09	2.2421e-08	2.26335e-24
3.16102e-09	2.09077e-08	2.23302e-24
4.05469e-09	2.53923e-08	4.28933e-24
2.81659e-09	1.74926e-08	1.19621e-24
4.37886e-09	2.78552e-08	4.82987e-24
4.91065e-09	3.33869e-08	7.21617e-24
4.55338e-09	2.746e-08	4.66333e-24
3.04162e-09	2.42926e-08	2.89571e-24
4.99758e-09	3.06567e-08	7.29699e-24
3.51579e-09	2.82448e-08	3.96034e-24
4.86249e-09	2.90083e-08	4.42225e-24
2.6524e-09	1.51491e-08	8.80422e-25
4.28498e-09	2.746e-08	4.97301e-24
3.735e-09	2.45165e-08	3.11998e-24
3.18463e-09	1.6195e-08	6.52857e-25
4.37929e-09	4.55673e-08	1.39315e-23
3.75443e-09	2.26634e-08	2.40735e-24
4.94079e-09	3.01173e-08	5.92135e-24
3.1588e-09	3.40353e-08	6.33825e-24
4.01884e-09	2.09077e-08	1.92946e-24
3.97426e-09	1.98348e-08	2.21726e-24
3.80116e-09	3.22209e-08	4.4185e-24
2.04521e-09	1.19192e-08	2.85794e-25
3.5746e-09	2.6239e-08	4.39141e-24
4.32167e-09	2.70591e-08	4.39309e-24
4.16145e-09	2.97522e-08	4.36979e-24
3.63887e-09	2.47383e-08	3.20115e-24
4.7916e-09	4.06223e-08	1.06811e-23
3.73718e-09	2.58191e-08	2.65565e-24
2.33069e-09	5.72581e-09	4.8311e-26
2.63604e-09	2.38385e-08	2.05889e-24
3.84749e-09	2.82448e-08	3.71781e-24
3.58684e-09	1.04539e-08	6.87055e-26
3.24451e-09	1.95574e-08	1.45458e-24
4.41705e-09	3.32229e-08	6.53141e-24
4.61055e-09	3.11868e-08	6.6918e-24
4.40751e-09	3.76919e-08	8.09814e-24
4.67131e-09	3.0478e-08	6.08797e-24
3.1484e-09	2.01084e-08	2.53622e-24
4.81273e-09	3.10111e-08	7.2281e-24
3.73311e-09	2.51762e-08	3.54462e-24
3.7866e-09	2.66522e-08	4.29749e-24
4.42391e-09	3.35502e-08	4.65656e-24
3.00099e-09	2.03783e-08	2.35267e-24
4.12229e-09	2.90083e-08	5.48136e-24
3.12507e-09	2.16776e-08	2.27033e-24
4.26136e-09	3.01173e-08	4.60107e-24
2.56527e-09	2.09077e-08	1.08655e-24
2.99984e-09	2.42926e-08	2.72586e-24
4.05261e-09	2.56066e-08	2.87591e-24
3.46852e-09	2.45165e-08	3.12589e-24
4.11123e-09	3.01173e-08	4.61179e-24
3.85498e-09	3.38744e-08	6.3916e-24
3.02765e-09	1.6195e-08	7.82426e-25
3.61439e-09	2.72603e-08	3.47068e-24
4.57732e-09	3.85519e-08	1.1249e-23
4.3917e-09	2.80506e-08	2.54168e-24
4.18064e-09	3.33869e-08	5.72321e-24
3.39849e-09	2.72603e-08	4.70776e-24
4.25373e-09	2.80506e-08	4.78088e-24
3.12053e-09	2.03783e-08	1.97275e-24
3.77652e-09	2.51762e-08	3.17667e-24
3.36306e-09	1.04539e-08	7.22935e-25
3.93019e-09	3.06567e-08	5.79618e-24
4.4629e-09	3.08344e-08	4.46091e-24
4.50499e-09	3.41954e-08	5.71608e-24
4.46886e-09	3.22209e-08	4.11724e-24
4.00132e-09	1.89904e-08	1.05306e-24
4.88915e-09	3.84099e-08	8.27807e-24
4.07919e-09	2.68564e-08	8.61755e-25
3.43693e-09	2.45165e-08	2.39914e-24
3.63655e-09	2.64464e-08	3.60273e-24
4.98488e-09	3.40353e-08	6.77546e-24
3.47725e-09	2.40666e-08	2.07943e-24
5.00291e-09	3.33869e-08	7.34829e-24
4.48711e-09	3.20509e-08	6.82178e-24
3.86022e-09	2.70591e-08	4.0366e-24
3.84201e-09	3.13616e-08	4.20512e-24
3.86078e-09	2.6239e-08	3.43639e-24
4.63352e-09	1.58541e-08	5.16993e-25
4.63004e-09	2.93826e-08	5.58159e-24
4.01981e-09	3.41954e-08	7.62737e-24
3.25447e-09	1.78023e-08	1.42686e-24
3.8729e-09	2.86291e-08	4.58144e-24
3.74548e-09	2.84376e-08	4.56918e-24
3.3665e-09	4.10239e-08	8.60519e-24
4.44134e-09	2.38385e-08	2.23988e-24
3.30048e-09	2.76583e-08	3.24851e-24
3.16155e-09	1.84059e-08	1.48477e-24
3.95025e-09	2.45165e-08	3.09092e-24
4.36988e-09	4.29754e-08	1.09395e-23
4.45748e-09	2.90083e-08	3.88768e-24
3.73982e-09	3.17081e-08	5.67801e-24
3.07474e-09	2.1424e-08	2.45778e-24
3.19616e-09	1.87004e-08	9.01106e-25
3.59477e-09	2.78552e-08	3.59314e-24
3.55538e-09	2.60299e-08	4.73344e-24
3.78501e-09	2.70591e-08	4.12759e-24
2.55054e-09	1.81066e-08	1.28993e-24
2.88283e-09	2.31406e-08	2.8457e-24
4.21006e-09	3.56045e-08	7.36992e-24
3.36822e-09	2.09077e-08	2.53902e-24
2.83087e-09	2.03783e-08	1.3363e-24
3.15564e-09	1.81066e-08	1.62178e-24
3.89318e-09	3.78366e-08	5.0285e-24
2.85059e-09	2.01084e-08	2.19165e-24
3.46658e-09	3.23901e-08	5.17367e-24
2.94103e-09	1.87004e-08	1.80025e-24
3.65377e-09	1.71774e-08	9.7483e-25
4.54775e-09	3.17081e-08	6.27058e-24
4.00788e-09	4.24637e-08	9.79355e-24
3.0857e-09	1.6529e-08	4.74811e-25
4.52805e-09	2.80506e-08	5.08003e-24
3.42616e-09	2.11674e-08	2.00686e-24
2.96114e-09	1.6529e-08	7.60932e-25
4.44338e-09	3.08344e-08	6.49893e-24
3.75028e-09	3.27257e-08	5.29678e-24
5.35432e-09	3.35502e-08	8.81496e-24
3.49542e-09	2.16776e-08	1.65197e-24
3.29751e-09	2.06447e-08	1.84718e-24
3.36684e-09	2.70591e-08	4.7119e-24
3.36947e-09	2.38385e-08	3.46221e-24
4.46417e-09	2.64464e-08	3.9157e-24
3.95305e-09	2.93826e-08	4.80125e-24
3.07057e-09	2.2176e-08	1.87285e-24
3.73707e-09	2.84376e-08	4.33274e-24
3.92938e-09	2.66522e-08	3.41005e-24
4.28832e-09	2.31406e-08	2.25825e-24
3.63741e-09	2.58191e-08	2.61185e-24
3.08565e-09	1.9276e-08	2.00638e-24
2.68539e-09	8.74632e-09	3.74023e-26
4.50935e-09	2.86291e-08	5.12461e-24
4.58745e-09	3.37127e-08	7.91907e-24
3.51918e-09	3.88343e-08	9.14618e-24
4.38724e-09	2.56066e-08	3.30976e-24
4.67416e-09	2.72603e-08	4.46766e-24
3.85313e-09	2.68564e-08	5.21361e-24
3.70271e-09	2.56066e-08	3.15319e-24
4.15822e-09	2.90083e-08	3.79983e-24
3.57137e-09	1.95574e-08	1.48887e-24
3.53905e-09	2.86291e-08	4.96296e-24
4.22938e-09	2.56066e-08	3.165e-24
4.46229e-09	2.56066e-08	5.10183e-24
4.95103e-09	3.79807e-08	9.68578e-24
2.70479e-09	2.36081e-08	2.52849e-24
3.01032e-09	1.68563e-08	6.29026e-25
3.97575e-09	3.02981e-08	6.41919e-24
2.61959e-09	1.44096e-08	7.26012e-25
4.47665e-09	2.33755e-08	2.51986e-24
4.09975e-09	2.80506e-08	5.1102e-24
3.79129e-09	2.97522e-08	5.29305e-24
2.28624e-09	1.09641e-08	3.39099e-25
2.89029e-09	1.55056e-08	5.48144e-25
3.43105e-09	2.42926e-08	2.96501e-24
3.06419e-09	1.84059e-08	1.65844e-24
4.14795e-09	1.98348e-08	9.88913e-25
4.01284e-09	1.78023e-08	1.09466e-24
4.05915e-09	2.82448e-08	4.74581e-24
3.63078e-09	3.10111e-08	6.96088e-24
4.20539e-09	3.81243e-08	9.18036e-24
3.63356e-09	2.97522e-08	4.26824e-24
3.82972e-09	2.40666e-08	2.37822e-24
3.39596e-09	2.6239e-08	3.54563e-24
5.11627e-09	3.15353e-08	6.8451e-24
3.4821e-09	3.23901e-08	5.62167e-24
3.75291e-09	2.60299e-08	4.15907e-24
4.30372e-09	2.78552e-08	4.97109e-24
4.42171e-09	2.82448e-08	5.13321e-24
3.76935e-09	2.09077e-08	1.62247e-24
3.73611e-09	2.68564e-08	4.13149e-24
2.48715e-09	1.32232e-08	6.15194e-25
4.39348e-09	2.88193e-08	5.09754e-24
3.3647e-09	2.72603e-08	3.0194e-24
3.57551e-09	1.4784e-08	9.58647e-26
2.46557e-09	8.09752e-09	7.57315e-26
3.87127e-09	2.746e-08	3.46963e-24
3.31944e-09	1.9276e-08	1.42421e-24
3.94093e-09	3.13616e-08	4.7331e-24
3.50723e-09	2.42926e-08	2.42637e-24
3.79577e-09	3.59102e-08	8.10089e-24
4.09852e-09	3.11868e-08	7.43244e-24
2.36023e-09	1.04539e-08	2.75957e-25
4.48571e-09	2.66522e-08	5.01752e-24
3.7915e-09	2.47383e-08	2.54542e-24
4.35198e-09	2.58191e-08	4.41259e-24
3.79238e-09	2.68564e-08	4.17683e-24
2.80732e-09	1.89904e-08	1.42841e-24
3.7503e-09	2.58191e-08	2.74917e-24
3.54695e-09	2.53923e-08	3.76169e-24
3.20763e-09	2.38385e-08	3.74379e-24
3.39247e-09	1.74926e-08	1.43885e-24
5.4374e-09	3.52963e-08	7.64471e-24
2.82501e-09	2.1424e-08	2.26293e-24
3.61308e-09	2.51762e-08	2.11824e-24
3.19906e-09	1.58541e-08	1.04504e-24
4.25584e-09	2.80506e-08	5.62993e-24
2.96306e-09	2.06447e-08	1.61519e-24
3.86488e-09	2.31406e-08	3.91625e-24
3.9226e-09	2.56066e-08	3.32442e-24
4.2858e-09	2.88193e-08	5.58505e-24
3.65381e-09	2.19282e-08	2.62407e-24
4.2646e-09	2.93826e-08	4.22868e-24
4.81522e-09	2.97522e-08	5.24777e-24
3.52773e-09	2.01084e-08	1.39999e-24
4.72615e-09	3.13616e-08	7.17978e-24
3.71157e-09	1.40253e-08	2.18435e-25
4.30359e-09	3.56045e-08	6.47634e-24
3.28429e-09	2.53923e-08	3.68489e-24
3.47303e-09	2.2176e-08	2.27118e-24
4.60479e-09	3.08344e-08	6.61452e-24
3.85325e-09	4.02168e-08	1.02503e-23
3.68322e-09	2.38385e-08	3.19514e-24
4.93224e-09	2.42926e-08	3.62513e-24
4.08584e-09	2.60299e-08	3.76618e-24
2.78207e-09	1.81066e-08	1.08325e-24
3.58749e-09	2.36081e-08	2.76935e-24
4.60418e-09	3.20509e-08	7.23593e-24
4.22181e-09	2.45165e-08	2.23569e-24
4.54468e-09	2.29032e-08	9.79523e-25
4.23188e-09	2.9568e-08	6.48245e-24
3.90492e-09	2.38385e-08	2.64822e-24
3.59617e-09	2.6239e-08	4.2527e-24
3.50355e-09	2.26634e-08	2.77069e-24
4.43183e-09	2.70591e-08	6.45481e-25
3.81837e-09	3.72545e-08	7.50695e-24
5.04379e-09	4.03524e-08	1.01674e-23
5.1148e-09	4.07566e-08	1.05653e-23
4.74908e-09	3.85519e-08	8.88601e-24
4.49404e-09	2.76583e-08	5.34707e-24
4.18095e-09	2.746e-08	2.81829e-24
3.91001e-09	2.51762e-08	3.38968e-24
5.20072e-09	3.25583e-08	7.81827e-24
4.55518e-09	3.32229e-08	6.13889e-24
3.74505e-09	2.93826e-08	5.49744e-24
3.1627e-09	2.58191e-08	3.98652e-24
4.6435e-09	2.19282e-08	1.60918e-24
5.24033e-09	3.45135e-08	6.70753e-24
3.66174e-09	1.74926e-08	4.0266e-25
3.36564e-09	2.06447e-08	1.76553e-24
4.91693e-09	4.04876e-08	1.13009e-23
4.97749e-09	2.9196e-08	3.70239e-24
3.7297e-09	3.15353e-08	4.41917e-24
3.07685e-09	2.2176e-08	1.19305e-24
4.25308e-09	2.19282e-08	1.45e-24
5.33452e-09	3.56045e-08	9.19779e-24
3.34361e-09	1.98348e-08	1.70679e-24
4.7562e-09	3.93931e-08	8.09468e-24
3.20737e-09	2.6239e-08	2.73449e-24
3.47536e-09	2.29032e-08	2.19435e-24
3.94357e-09	3.68118e-08	6.98811e-24
5.45681e-09	3.22209e-08	8.51684e-24
3.58529e-09	2.19282e-08	2.28829e-24
4.20773e-09	2.70591e-08	5.06967e-24
4.95854e-09	3.23901e-08	7.26906e-24
3.46444e-09	2.2421e-08	1.11336e-24
4.00267e-09	3.62132e-08	5.45616e-24
3.88955e-09	2.11674e-08	1.98229e-24
3.23437e-09	1.6529e-08	1.08959e-24
3.88556e-09	2.51762e-08	4.13358e-24
3.9752e-09	2.06447e-08	2.85904e-24
5.31552e-09	3.37127e-08	8.20774e-24
3.38595e-09	3.01173e-08	5.18031e-24
4.78805e-09	2.11674e-08	1.6022e-24
4.59453e-09	2.90083e-08	2.90731e-24
4.41466e-09	3.49853e-08	6.46572e-24
3.02166e-09	1.98348e-08	2.01982e-24
3.52013e-09	1.87004e-08	1.44868e-24
3.71234e-09	3.08344e-08	4.89258e-24
3.87304e-09	2.53923e-08	3.25601e-24
3.83568e-09	2.60299e-08	2.25133e-24
3.66214e-09	3.13616e-08	6.27293e-24
4.36647e-09	2.86291e-08	5.65314e-24
3.8437e-09	2.99353e-08	5.03548e-24
3.11986e-09	2.03783e-08	1.77157e-24
4.16451e-09	2.746e-08	4.44868e-24
3.65233e-09	2.78552e-08	4.71496e-24
3.58784e-09	2.11674e-08	2.57032e-24
3.21812e-09	2.51762e-08	3.4626e-24
4.45792e-09	3.45135e-08	6.49379e-24
4.15342e-09	2.36081e-08	3.20947e-24
4.3716e-09	2.93826e-08	5.3951e-24
3.97587e-09	2.60299e-08	2.77379e-24
4.22205e-09	2.68564e-08	2.36913e-24
4.7762e-09	3.25583e-08	6.85544e-24
4.27543e-09	2.84376e-08	3.23778e-24
3.13312e-09	1.36302e-08	9.22156e-26
5.89924e-09	3.54507e-08	1.10791e-23
3.22119e-09	3.02981e-08	5.41885e-24
3.40847e-09	3.02981e-08	4.01902e-24
3.90494e-09	3.81243e-08	8.56412e-24
3.49987e-09	2.09077e-08	2.71741e-24
2.69046e-09	1.58541e-08	1.15468e-24
3.40948e-09	2.53923e-08	4.0204e-24
4.64345e-09	4.36065e-08	1.15283e-23
5.05613e-09	3.13616e-08	6.81763e-24
3.71476e-09	1.98348e-08	1.05382e-24
3.08032e-09	2.45165e-08	3.40977e-24
4.22597e-09	3.81243e-08	1.08677e-23
4.20328e-09	2.9196e-08	5.36038e-24
3.66812e-09	3.54507e-08	8.60295e-24
4.55078e-09	3.75467e-08	9.41066e-24
3.15209e-09	3.01173e-08	3.7666e-24
4.35704e-09	3.13616e-08	6.37874e-24
4.9484e-09	3.23901e-08	6.36934e-24
4.53119e-09	3.35502e-08	8.08167e-24
3.48456e-09	2.64464e-08	4.57274e-24
3.9628e-09	2.51762e-08	1.90205e-24
3.57775e-09	1.84059e-08	1.17275e-24
3.0128e-09	9.9174e-09	4.18056e-26
2.31136e-09	1.23692e-08	1.61148e-25
3.33677e-09	2.9568e-08	3.25932e-24
3.84489e-09	3.17081e-08	5.38357e-24
3.44043e-09	2.51762e-08	3.65196e-24
3.12495e-09	2.11674e-08	1.90859e-24
3.70376e-09	2.36081e-08	2.87721e-24
3.36689e-09	2.03783e-08	1.67367e-24
4.76793e-09	3.35502e-08	6.50706e-24
4.03229e-09	2.51762e-08	3.24734e-24
4.21316e-09	2.84376e-08	2.62e-24
4.46884e-09	3.32229e-08	6.78308e-24
3.48645e-09	2.58191e-08	3.11338e-24
2.69e-09	2.09077e-08	2.60131e-24
4.1006e-09	2.88193e-08	4.66848e-24
4.40987e-09	2.9568e-08	4.46461e-24
3.85139e-09	2.6239e-08	1.65789e-24
3.59449e-09	3.01173e-08	4.66853e-24
5.73191e-09	3.49853e-08	7.49135e-24
3.65995e-09	3.0478e-08	5.50288e-24
3.63768e-09	3.41954e-08	5.99317e-24
3.40854e-09	2.88193e-08	3.2791e-24
4.55806e-09	2.88193e-08	5.31985e-24
2.94688e-09	1.98348e-08	1.69998e-24
5.06154e-09	3.10111e-08	6.74194e-24
3.51681e-09	3.28923e-08	6.67613e-24
3.52687e-09	2.45165e-08	3.37873e-24
4.03242e-09	2.9568e-08	4.95645e-24
3.87666e-09	1.95574e-08	4.9933e-25
3.25543e-09	2.56066e-08	3.32065e-24
3.78315e-09	2.33755e-08	1.80401e-24
3.7687e-09	3.43549e-08	6.17835e-24
4.60394e-09	3.13616e-08	5.84948e-24
3.29601e-09	2.6239e-08	1.97268e-24
4.37898e-09	3.98071e-08	9.23399e-24
2.74071e-09	2.58191e-08	2.2251e-24
3.768e-09	3.0478e-08	3.68785e-24
5.43648e-09	3.38744e-08	7.67753e-24
3.93133e-09	2.29032e-08	1.98915e-24
4.35203e-09	2.93826e-08	3.35975e-24
4.57061e-09	3.57577e-08	9.49721e-24
2.92132e-09	1.6529e-08	1.02421e-24
4.04249e-09	3.38744e-08	6.33356e-24
5.28437e-09	3.95316e-08	8.70147e-24
3.07556e-09	2.36081e-08	2.00349e-24
4.441e-09	3.02981e-08	6.2639e-24
3.68856e-09	2.51762e-08	2.16839e-24
4.94999e-09	3.02981e-08	4.92297e-24
3.63853e-09	3.01173e-08	4.43733e-24
4.23142e-09	2.42926e-08	3.25202e-24
4.3577e-09	3.81243e-08	7.53993e-24
3.11631e-09	2.42926e-08	2.16182e-24
2.89089e-09	2.2176e-08	1.35855e-24
3.00671e-09	1.95574e-08	1.98957e-24
4.36803e-09	3.54507e-08	9.56168e-24
3.03033e-09	2.84376e-08	3.30924e-24
4.62237e-09	2.78552e-08	4.64279e-24
3.59836e-09	2.51762e-08	3.66076e-24
3.88818e-09	2.51762e-08	3.20659e-24
3.52242e-09	1.84059e-08	1.08575e-24
3.80256e-09	2.36081e-08	2.83371e-24
3.74282e-09	2.66522e-08	3.56893e-24
5.25087e-09	3.35502e-08	8.32301e-24
2.78807e-09	2.19282e-08	1.7773e-24
3.29308e-09	2.2421e-08	2.83946e-24
4.96885e-09	3.35502e-08	8.41859e-24
3.69238e-09	2.2421e-08	3.09336e-24
5.01423e-09	3.25583e-08	7.11563e-24
5.0269e-09	2.03783e-08	4.61285e-25
2.89408e-09	1.40253e-08	8.62672e-25
4.28765e-09	3.02981e-08	5.12045e-24
3.34772e-09	2.16776e-08	9.67589e-25
4.67939e-09	3.43549e-08	7.50799e-24
3.95225e-09	2.82448e-08	4.43707e-24
3.60904e-09	2.33755e-08	2.99557e-24
3.4982e-09	2.06447e-08	1.61892e-24
3.28545e-09	1.6195e-08	5.77426e-25
2.94218e-09	2.01084e-08	1.78291e-24
2.29122e-09	9.9174e-09	2.81417e-25
2.20043e-09	5.72581e-09	4.15074e-26
4.00278e-09	3.46715e-08	6.9378e-24
3.81072e-09	2.09077e-08	1.37897e-24
4.89069e-09	3.22209e-08	6.17091e-24
3.68423e-09	2.11674e-08	7.49676e-25
4.45064e-09	2.97522e-08	5.54239e-24
3.28941e-09	2.2421e-08	1.67561e-24
2.24345e-09	8.74632e-09	4.29935e-26
2.85578e-09	9.35021e-09	2.03292e-25
5.09849e-09	3.08344e-08	6.02662e-24
3.42178e-09	1.95574e-08	1.38051e-24
3.07497e-09	1.40253e-08	3.675e-25
4.48543e-09	3.43549e-08	5.55104e-24
3.49601e-09	1.68563e-08	8.60139e-25
3.29216e-09	2.49582e-08	2.46442e-24
3.39122e-09	2.90083e-08	3.28005e-24
3.40807e-09	2.19282e-08	2.64108e-24
2.72526e-09	1.98348e-08	1.38991e-24
3.16499e-09	2.40666e-08	2.85783e-24
4.61028e-09	2.80506e-08	3.48083e-24
3.99931e-09	2.03783e-08	1.31118e-24
3.76731e-09	2.40666e-08	2.76447e-24
3.49657e-09	2.82448e-08	5.06203e-24
3.31129e-09	2.40666e-08	1.34791e-24
5.25625e-09	3.92542e-08	1.22457e-23
3.65604e-09	3.15353e-08	7.38496e-24
4.51524e-09	2.64464e-08	3.22461e-24
4.83892e-09	3.01173e-08	5.45145e-24
4.14756e-09	2.40666e-08	4.0742e-24
2.98884e-09	1.14516e-08	1.18681e-25
3.15907e-09	1.98348e-08	1.66313e-24
3.07166e-09	2.31406e-08	3.15705e-24
3.85736e-09	2.66522e-08	4.07695e-24
3.90976e-09	2.90083e-08	3.06482e-24
3.59497e-09	2.51762e-08	4.61908e-24
3.33952e-09	1.81066e-08	1.36785e-24
3.57083e-09	2.36081e-08	3.40704e-24
2.9348e-09	1.44096e-08	5.54029e-25
3.34147e-09	2.90083e-08	4.15409e-24
4.21001e-09	3.54507e-08	7.35164e-24
3.57668e-09	2.38385e-08	2.75187e-24
4.0612e-09	2.86291e-08	4.71602e-24
3.71465e-09	3.15353e-08	3.70862e-24
4.22477e-09	3.188e-08	6.73728e-24
4.37445e-09	3.76919e-08	5.13179e-24
4.09936e-09	2.06447e-08	1.27351e-24
4.21746e-09	2.76583e-08	4.25755e-24
3.68685e-09	3.01173e-08	4.89498e-24
4.45687e-09	2.80506e-08	6.2775e-24
4.74042e-09	2.97522e-08	6.62746e-24
3.72707e-09	3.25583e-08	5.69806e-24
3.49099e-09	2.19282e-08	2.15339e-24
3.95049e-09	1.9276e-08	2.46547e-24
3.70156e-09	1.78023e-08	9.40122e-26
3.46353e-09	2.49582e-08	3.13326e-24
3.401e-09	3.33869e-08	6.56334e-24
4.49404e-09	3.46715e-08	8.40332e-24
3.87099e-09	2.93826e-08	5.69787e-24
4.72304e-09	4.10239e-08	1.01128e-23
3.76027e-09	2.16776e-08	1.45339e-24
4.44006e-09	2.49582e-08	3.95425e-24
4.02281e-09	2.72603e-08	3.872e-24
3.88728e-09	3.82674e-08	1.03722e-23
4.35691e-09	3.06567e-08	6.32428e-24
4.56448e-09	2.16776e-08	1.11779e-24
3.97156e-09	2.78552e-08	4.76744e-24
4.17079e-09	2.58191e-08	4.06405e-24
3.59527e-09	2.60299e-08	3.07471e-24
3.39487e-09	1.6529e-08	1.02625e-24
4.18552e-09	3.27257e-08	6.26327e-24
3.12201e-09	2.29032e-08	2.90657e-24
2.56135e-09	1.74926e-08	9.50892e-25
3.5359e-09	2.51762e-08	4.10919e-24
4.54634e-09	3.22209e-08	6.88106e-24
3.95484e-09	3.40353e-08	5.30561e-24
3.91707e-09	1.95574e-08	1.93348e-24
4.92001e-09	3.28923e-08	7.74528e-24
4.34493e-09	3.06567e-08	6.16193e-24
3.51995e-09	1.71774e-08	4.93312e-25
4.33081e-09	3.01173e-08	6.49294e-24
4.12197e-09	2.84376e-08	6.42196e-24
2.64974e-09	1.23692e-08	7.93053e-26
3.50093e-09	3.25583e-08	6.53821e-24
3.53925e-09	2.42926e-08	3.06667e-24
4.71512e-09	3.89748e-08	1.12491e-23
3.69508e-09	2.40666e-08	4.08884e-24
3.9456e-09	2.93826e-08	4.94394e-24
3.52765e-09	2.16776e-08	1.97061e-24
4.22505e-09	2.90083e-08	4.59768e-24
3.66028e-09	2.06447e-08	5.96493e-25
5.00129e-09	2.93826e-08	6.14359e-24
4.005e-09	3.40353e-08	5.59481e-24
3.30714e-09	2.2176e-08	2.56275e-24
2.9895e-09	1.74926e-08	1.04546e-24
3.97774e-09	2.1424e-08	1.49665e-24
4.30243e-09	3.22209e-08	5.28692e-24
3.87405e-09	2.6239e-08	2.45599e-24
3.97159e-09	2.72603e-08	5.20549e-24
4.20091e-09	3.28923e-08	5.40355e-24
3.99873e-09	1.9276e-08	1.29981e-24
3.63296e-09	1.78023e-08	8.32836e-25
4.65396e-09	3.17081e-08	8.36303e-24
3.7736e-09	2.29032e-08	2.24349e-24
4.50599e-09	3.65137e-08	8.13382e-24
3.93996e-09	3.06567e-08	6.20837e-24
2.16745e-09	8.74632e-09	6.8071e-26
3.22374e-09	2.29032e-08	1.54038e-24
3.85437e-09	1.51491e-08	6.55307e-25
2.73911e-09	2.19282e-08	1.64319e-24
3.20253e-09	2.42926e-08	3.22896e-24
4.44033e-09	2.70591e-08	4.69398e-24
2.97454e-09	2.11674e-08	2.07661e-24
4.56642e-09	2.80506e-08	5.10027e-24
3.36546e-09	2.78552e-08	4.52768e-24
4.0201e-09	3.89748e-08	9.83792e-24
3.56133e-09	2.40666e-08	2.83963e-24
5.10279e-09	3.45135e-08	9.15899e-24
3.04785e-09	2.36081e-08	3.05641e-24
3.23886e-09	1.9276e-08	1.33458e-24
4.19301e-09	1.9276e-08	5.89177e-25
5.06641e-09	3.6062e-08	8.35011e-24
4.79357e-09	2.9196e-08	5.49987e-24
3.79525e-09	2.42926e-08	4.36808e-24
4.19123e-09	2.97522e-08	2.59289e-24
3.13717e-09	2.03783e-08	4.45422e-25
3.3842e-09	2.68564e-08	3.41506e-24
3.87421e-09	2.45165e-08	3.20042e-24
3.28458e-09	1.84059e-08	8.49333e-25
3.8468e-09	2.93826e-08	3.82952e-24
4.96134e-09	3.51411e-08	7.26055e-24
4.11677e-09	2.58191e-08	4.0397e-24
4.24764e-09	2.70591e-08	4.13504e-24
3.63869e-09	1.71774e-08	1.14719e-24
3.55801e-09	1.78023e-08	1.64359e-24
3.07642e-09	1.89904e-08	7.86278e-25
3.88821e-09	2.56066e-08	4.40184e-24
3.52345e-09	2.40666e-08	3.29381e-24
3.8059e-09	3.10111e-08	4.75712e-24
4.84065e-09	4.27203e-08	1.09962e-23
3.82153e-09	3.40353e-08	6.95223e-24
3.00903e-09	1.89904e-08	1.13216e-24
4.07859e-09	3.76919e-08	7.90865e-24
5.34422e-09	5.02438e-08	1.82548e-23
2.73947e-09	2.90083e-08	3.32906e-24
4.15442e-09	3.13616e-08	4.84244e-24
4.29764e-09	3.08344e-08	5.29218e-24
3.58792e-09	1.95574e-08	1.67755e-24
3.18445e-09	2.78552e-08	4.81965e-24
4.1264e-09	3.45135e-08	7.94176e-24
4.07789e-09	2.9196e-08	5.56921e-24
2.38234e-09	1.81066e-08	1.09401e-24
3.98572e-09	2.45165e-08	2.76175e-24
3.81286e-09	2.78552e-08	5.34275e-24
3.58147e-09	2.78552e-08	4.97926e-24
4.23647e-09	3.38744e-08	7.2444e-24
3.17495e-09	2.45165e-08	3.30228e-24
3.05341e-09	2.03783e-08	2.00019e-24
3.44962e-09	1.55056e-08	5.45494e-25
2.89045e-09	2.31406e-08	2.19871e-24
4.28871e-09	3.06567e-08	5.89565e-24
3.93852e-09	2.38385e-08	2.95948e-24
4.7121e-09	3.56045e-08	7.95266e-24
4.13129e-09	3.41954e-08	7.00064e-24
3.06293e-09	1.6195e-08	7.6769e-25
4.27155e-09	2.97522e-08	5.37778e-24
4.48057e-09	3.02981e-08	7.86527e-24
3.8602e-09	1.23692e-08	3.12394e-28
4.40863e-09	2.82448e-08	4.31451e-24
5.03453e-09	3.41954e-08	6.88285e-24
4.60396e-09	3.188e-08	5.38902e-24
4.13143e-09	2.29032e-08	3.10452e-24
4.36521e-09	3.62132e-08	7.81709e-24
3.40797e-09	1.9276e-08	1.18801e-24
3.40217e-09	1.44096e-08	9.14691e-26
3.19549e-09	2.56066e-08	3.76057e-24
3.86736e-09	2.80506e-08	3.05344e-24
4.77352e-09	2.9568e-08	5.77932e-24
4.27078e-09	2.80506e-08	5.5646e-24
3.97041e-09	2.60299e-08	4.24182e-24
4.23746e-09	1.89904e-08	4.51695e-25
3.22603e-09	2.72603e-08	4.43807e-24
4.2545e-09	3.85519e-08	8.33242e-24
3.46973e-09	2.97522e-08	3.76851e-24
3.05743e-09	2.16776e-08	1.73307e-24
3.68755e-09	2.97522e-08	5.43946e-24
3.87076e-09	2.64464e-08	2.826e-24
4.45242e-09	2.40666e-08	3.19291e-24
4.0365e-09	3.65137e-08	7.47868e-24
5.03566e-09	3.71075e-08	1.05503e-23
4.11924e-09	2.78552e-08	4.98515e-24
3.78347e-09	2.68564e-08	2.08438e-24
2.90633e-09	1.55056e-08	6.53358e-25
3.58458e-09	2.49582e-08	3.68701e-24
3.67515e-09	2.93826e-08	5.29484e-24
3.26302e-09	2.06447e-08	2.18524e-24
4.28233e-09	2.9196e-08	5.91224e-24
3.6712e-09	3.22209e-08	6.16926e-24
3.69125e-09	2.19282e-08	8.49596e-25
3.42464e-09	1.95574e-08	2.3677e-25
3.10631e-09	2.1424e-08	2.4185e-24
4.81355e-09	3.46715e-08	7.49547e-24
2.96514e-09	1.32232e-08	1.98912e-25
4.42134e-09	2.9568e-08	6.20509e-24
3.99865e-09	2.38385e-08	3.48803e-24
2.77831e-09	1.36302e-08	7.04556e-25
4.04519e-09	1.9276e-08	2.62176e-24
3.76048e-09	2.31406e-08	2.43777e-24
3.35999e-09	2.16776e-08	1.9741e-24
4.32538e-09	3.02981e-08	6.47643e-24
3.56798e-09	3.01173e-08	4.76381e-24
3.58474e-09	1.78023e-08	1.09636e-24
3.84052e-09	3.02981e-08	6.22193e-24
4.67073e-09	2.99353e-08	5.26676e-24
4.14952e-09	2.9196e-08	5.84286e-24
4.73323e-09	2.82448e-08	9.87002e-25
3.11311e-09	2.11674e-08	2.67091e-24
3.5466e-09	2.2176e-08	2.65481e-24
5.38201e-09	3.81243e-08	8.06813e-24
3.84288e-09	2.68564e-08	4.46243e-24
4.52173e-09	2.84376e-08	5.13434e-24
4.22623e-09	4.12894e-08	1.18749e-23
3.83552e-09	2.03783e-08	1.56342e-24
3.58568e-09	2.09077e-08	1.55501e-24
4.46282e-09	2.9568e-08	5.5811e-24
3.92547e-09	3.01173e-08	4.65178e-24
4.1616e-09	2.84376e-08	4.16123e-24
4.19192e-09	2.86291e-08	5.68224e-24
4.52267e-09	4.53268e-08	1.4534e-23
3.92995e-09	1.84059e-08	1.23921e-24
4.16089e-09	2.53923e-08	4.48093e-24
4.6526e-09	2.9568e-08	5.55292e-24
3.17087e-09	2.29032e-08	2.48646e-24
4.24797e-09	2.31406e-08	2.55946e-24
2.20053e-09	9.35021e-09	1.83224e-25
3.26136e-09	2.16776e-08	2.58615e-24
4.82621e-09	2.86291e-08	5.77268e-24
4.02797e-09	2.99353e-08	3.44627e-24
2.88863e-09	2.1424e-08	2.42814e-24
4.05929e-09	3.188e-08	7.72332e-24
3.14348e-09	2.19282e-08	2.34643e-24
3.74262e-09	2.99353e-08	4.87708e-24
3.96854e-09	3.25583e-08	6.30569e-24
5.66742e-09	4.19459e-08	1.03203e-23
4.45112e-09	2.82448e-08	4.98483e-24
4.16963e-09	3.48287e-08	6.63998e-24
3.30177e-09	2.86291e-08	3.82752e-24
2.95679e-09	1.89904e-08	1.21906e-24
4.07885e-09	2.76583e-08	4.13435e-24
4.70196e-09	3.17081e-08	6.95294e-24
4.70192e-09	3.40353e-08	5.30308e-24
4.11962e-09	3.69599e-08	9.79774e-24
3.23758e-09	1.09641e-08	1.19963e-25
4.60202e-09	3.188e-08	6.6383e-24
3.28721e-09	2.40666e-08	3.00379e-24
4.08914e-09	2.78552e-08	4.58502e-24
3.6135e-09	1.71774e-08	9.43796e-25
3.72652e-09	1.68563e-08	1.0776e-24
3.44398e-09	2.29032e-08	2.4072e-25
3.3298e-09	9.35021e-09	1.02902e-25
3.67896e-09	2.16776e-08	3.03159e-24
4.2312e-09	2.64464e-08	3.89829e-24
3.6901e-09	1.9276e-08	1.2051e-24
3.96563e-09	3.20509e-08	6.30527e-24
1.72387e-09	7.39199e-09	4.65339e-26
4.33238e-09	3.20509e-08	5.69058e-24
3.07548e-09	2.40666e-08	2.81269e-24
3.31075e-09	2.64464e-08	2.54659e-24
4.71457e-09	3.22209e-08	6.10296e-24
4.58456e-09	2.66522e-08	5.24865e-24
4.88197e-09	3.08344e-08	5.37484e-24
4.25554e-09	2.82448e-08	4.99183e-24
4.50854e-09	3.20509e-08	7.15997e-24
3.7896e-09	2.19282e-08	3.5749e-25
3.56969e-09	2.36081e-08	3.04377e-24
3.42982e-09	2.70591e-08	3.54611e-24
3.15045e-09	1.98348e-08	1.12056e-24
4.56558e-09	3.0478e-08	5.16837e-24
4.45586e-09	2.16776e-08	2.88213e-24
4.3246e-09	3.06567e-08	5.80126e-24
3.26779e-09	2.11674e-08	2.39421e-24
4.4195e-09	2.82448e-08	6.13271e-24
2.64585e-09	1.6529e-08	9.24673e-25
3.8081e-09	2.86291e-08	4.8425e-24
3.71232e-09	1.09641e-08	1.02167e-25
3.57267e-09	2.70591e-08	4.18156e-24
3.92015e-09	3.59102e-08	5.31287e-24
4.5433e-09	1.28033e-08	4.99779e-26
4.17781e-09	2.9568e-08	4.89046e-24
3.81277e-09	2.84376e-08	3.23965e-24
4.53616e-09	3.56045e-08	6.25812e-24
5.20742e-09	3.57577e-08	7.93066e-24
2.80636e-09	1.81066e-08	1.06942e-24
2.9515e-09	1.32232e-08	5.23569e-25
5.1833e-09	3.81243e-08	8.4551e-24
4.00323e-09	3.15353e-08	5.88199e-24
4.57315e-09	1.95574e-08	8.74382e-25
2.91735e-09	1.9276e-08	1.07618e-24
5.24262e-09	3.46715e-08	8.72389e-24
3.37997e-09	2.45165e-08	3.36199e-24
4.06704e-09	4.25922e-08	9.80193e-24
4.50961e-09	2.93826e-08	5.9111e-24
3.87339e-09	3.27257e-08	6.21141e-24
3.74541e-09	2.47383e-08	1.55852e-24
4.13547e-09	2.97522e-08	5.89725e-24
3.39815e-09	1.89904e-08	1.50164e-24
3.91356e-09	2.33755e-08	2.97879e-24
5.11289e-09	3.78366e-08	8.91444e-24
4.4038e-09	2.93826e-08	6.11023e-24
5.46997e-09	4.14215e-08	1.19178e-23
4.64039e-09	2.9196e-08	4.6945e-24
4.09866e-09	3.69599e-08	7.12785e-24
3.54537e-09	2.51762e-08	3.73922e-24
3.27336e-09	3.13616e-08	6.13203e-24
4.49704e-09	3.84099e-08	1.06834e-23
4.2196e-09	2.64464e-08	2.25669e-24
4.76929e-09	2.80506e-08	3.77689e-24
3.77874e-09	2.60299e-08	4.7463e-24
2.07069e-09	1.74926e-08	6.85099e-25
4.28352e-09	3.81243e-08	8.36878e-24
3.822e-09	2.51762e-08	4.44314e-24
3.86341e-09	2.47383e-08	2.99122e-24
3.03405e-09	2.11674e-08	2.05983e-24
4.75487e-09	3.10111e-08	6.52071e-24
4.25618e-09	1.98348e-08	5.44035e-25
3.77335e-09	2.68564e-08	3.43824e-24
3.06076e-09	1.89904e-08	1.39656e-24
3.26012e-09	1.9276e-08	1.61828e-24
3.75672e-09	3.22209e-08	4.10746e-24
3.94872e-09	2.33755e-08	3.38996e-24
3.70946e-09	2.09077e-08	1.20184e-24
3.56728e-09	2.93826e-08	4.23848e-24
6.08702e-09	3.68118e-08	8.65465e-24
4.30129e-09	4.52061e-08	1.24813e-23
4.9817e-09	4.24637e-08	1.23768e-23
4.12892e-09	2.66522e-08	5.13416e-24
3.83918e-09	1.78023e-08	7.90173e-25
3.42687e-09	1.81066e-08	1.67953e-24
3.39628e-09	1.98348e-08	2.29712e-24
3.05844e-09	2.26634e-08	2.90276e-24
3.76784e-09	2.746e-08	3.79569e-24
3.79465e-09	2.88193e-08	5.006e-24
4.58693e-09	3.3058e-08	7.66067e-24
1.68139e-09	9.35021e-09	9.87075e-26
4.50846e-09	2.99353e-08	4.78694e-24
3.51143e-09	2.45165e-08	3.33728e-24
4.29251e-09	3.28923e-08	6.11225e-24
3.93871e-09	3.188e-08	6.3116e-24
3.99884e-09	2.9568e-08	4.30804e-24
3.82072e-09	2.38385e-08	1.58186e-24
3.22615e-09	1.6529e-08	1.66026e-24
3.65455e-09	2.53923e-08	4.19953e-24
4.49406e-09	3.41954e-08	6.68229e-24
4.12137e-09	3.11868e-08	6.53193e-24
4.27258e-09	3.0478e-08	5.48733e-24
3.92686e-09	2.47383e-08	2.76973e-24
4.00808e-09	2.2421e-08	4.3212e-25
3.78015e-09	2.29032e-08	1.68269e-24
4.03409e-09	3.06567e-08	5.23054e-24
3.95237e-09	2.11674e-08	2.78012e-24
4.81164e-09	3.40353e-08	7.50329e-24
3.5771e-09	2.90083e-08	4.8336e-24
3.66935e-09	2.19282e-08	3.09997e-24
4.70663e-09	3.79807e-08	6.32323e-24
4.75647e-09	3.32229e-08	6.53576e-24
4.29714e-09	2.06447e-08	1.16349e-24
3.80871e-09	2.38385e-08	1.45923e-24
4.22854e-09	1.89904e-08	1.16618e-24
3.40892e-09	1.95574e-08	8.45475e-25
3.93906e-09	2.56066e-08	3.932e-24
4.1638e-09	2.56066e-08	2.4518e-24
2.26858e-09	1.55056e-08	8.15044e-25
4.08923e-09	2.93826e-08	4.92191e-24
4.44134e-09	3.28923e-08	6.19215e-24
3.45302e-09	1.19192e-08	2.38676e-25
4.2222e-09	3.11868e-08	6.03789e-24
4.20061e-09	2.9196e-08	5.86363e-24
2.64611e-09	1.14516e-08	2.52756e-26
3.20833e-09	3.33869e-08	5.41546e-24
3.34291e-09	1.95574e-08	8.46955e-25
4.30943e-09	3.13616e-08	6.8948e-24
4.75881e-09	4.14215e-08	9.7253e-24
4.43211e-09	3.188e-08	6.9889e-24
3.13905e-09	1.84059e-08	8.18827e-25
4.41747e-09	2.72603e-08	4.65415e-24
4.08754e-09	2.80506e-08	5.55955e-24
3.16506e-09	3.22209e-08	4.70872e-24
3.9987e-09	2.82448e-08	4.84817e-24
4.4951e-09	3.01173e-08	6.26428e-24
3.25487e-09	1.40253e-08	1.61242e-25
3.54599e-09	2.70591e-08	4.60516e-24
4.73636e-09	3.84099e-08	9.43504e-24
3.18931e-09	1.95574e-08	1.70915e-24
3.87838e-09	1.6529e-08	4.18604e-25
2.7407e-09	1.68563e-08	1.23177e-24
2.99146e-09	2.19282e-08	2.69251e-24
4.11547e-09	2.49582e-08	2.43524e-24
4.41574e-09	2.9196e-08	6.59453e-24
5.49642e-09	4.4842e-08	1.27135e-23
3.20565e-09	2.31406e-08	3.05587e-24
4.57053e-09	2.88193e-08	5.23992e-24
4.5238e-09	2.58191e-08	3.83167e-24
4.18008e-09	2.29032e-08	2.28487e-24
2.93034e-09	1.32232e-08	4.26e-25
4.53125e-09	2.66522e-08	4.48231e-24
3.61607e-09	2.2421e-08	1.67578e-24
3.20765e-09	1.81066e-08	8.27041e-25
4.52071e-09	2.76583e-08	4.48087e-24
5.13922e-09	3.69599e-08	9.17617e-24
4.66338e-09	3.11868e-08	6.32253e-24
3.79383e-09	2.01084e-08	1.17934e-24
3.57126e-09	3.52963e-08	5.6905e-24
4.14901e-09	3.06567e-08	5.2369e-24
3.07261e-09	2.31406e-08	1.54102e-24
3.54531e-09	2.70591e-08	2.20813e-24
2.22881e-09	1.19192e-08	2.25586e-25
3.02832e-09	2.70591e-08	3.38365e-24
3.09152e-09	1.78023e-08	1.21619e-24
3.41992e-09	3.17081e-08	5.26468e-24
3.77012e-09	2.31406e-08	1.91339e-24
4.00806e-09	3.188e-08	5.4087e-24
3.07408e-09	1.89904e-08	2.55729e-25
3.97018e-09	3.54507e-08	7.96185e-24
4.76336e-09	3.25583e-08	5.38579e-24
3.78034e-09	2.60299e-08	3.66581e-24
4.0493e-09	2.76583e-08	4.84811e-24
3.42915e-09	2.29032e-08	2.84705e-24
4.24302e-09	4.36065e-08	1.05499e-23
4.28591e-09	2.97522e-08	4.08953e-24
4.1635e-09	2.80506e-08	4.36616e-24
2.89286e-09	2.16776e-08	1.89024e-24
2.73245e-09	1.74926e-08	1.30064e-24
5.05101e-09	3.66631e-08	9.67975e-24
4.31678e-09	2.76583e-08	5.78518e-24
4.30135e-09	3.188e-08	5.39839e-24
3.00047e-09	2.45165e-08	3.31849e-24
4.57666e-09	2.93826e-08	4.64836e-24
3.227e-09	2.03783e-08	2.09001e-24
3.30143e-09	1.95574e-08	8.68096e-25
4.78396e-09	3.40353e-08	8.63766e-24
3.62654e-09	2.2176e-08	3.21394e-24
4.54739e-09	4.25922e-08	9.51956e-24
4.19493e-09	2.64464e-08	4.49016e-24
4.83328e-09	3.0478e-08	5.80062e-24
4.37859e-09	3.02981e-08	3.95813e-24
4.10329e-09	3.63638e-08	9.25298e-24
4.39253e-09	3.01173e-08	4.48388e-24
4.30273e-09	2.9196e-08	4.28138e-24
3.15767e-09	2.42926e-08	3.9144e-24
3.47338e-09	2.45165e-08	3.50974e-24
4.41176e-09	2.58191e-08	3.64798e-24
3.86777e-09	2.19282e-08	1.56221e-24
4.2311e-09	3.06567e-08	6.5433e-24
4.18284e-09	2.99353e-08	6.24605e-24
3.95569e-09	2.82448e-08	4.01162e-24
3.60255e-09	2.56066e-08	2.43364e-24
3.66617e-09	2.19282e-08	2.79555e-24
4.08086e-09	2.11674e-08	4.66442e-25
4.03834e-09	2.56066e-08	4.31242e-24
3.95265e-09	2.60299e-08	4.32305e-24
4.92929e-09	3.188e-08	6.12589e-24
3.94092e-09	2.70591e-08	2.9425e-24
4.03979e-09	2.84376e-08	4.34784e-24
3.09153e-09	2.97522e-08	4.92754e-24
5.26331e-09	3.49853e-08	7.8708e-24
5.68714e-09	3.23901e-08	7.38679e-24
4.27818e-09	3.49853e-08	6.61906e-24
3.52125e-09	2.19282e-08	4.91438e-25
5.40355e-09	3.69599e-08	1.11479e-23
4.26726e-09	2.99353e-08	4.49388e-24
4.09447e-09	2.66522e-08	4.20641e-24
3.71262e-09	2.31406e-08	3.19366e-24
4.56435e-09	2.72603e-08	5.01288e-24
3.56097e-09	2.60299e-08	3.8272e-24
4.04496e-09	2.68564e-08	3.44531e-24
3.59144e-09	3.62132e-08	7.59598e-24
5.22659e-09	3.49853e-08	6.34253e-24
4.61044e-09	3.35502e-08	6.57887e-24
3.62827e-09	2.42926e-08	2.39682e-24
3.62896e-09	1.36302e-08	1.04986e-24
4.72341e-09	3.3058e-08	7.41719e-24
3.64189e-09	2.6239e-08	4.40408e-24
3.55066e-09	2.66522e-08	4.70092e-24
5.2135e-09	2.03783e-08	2.33896e-24
2.65832e-09	1.6529e-08	7.15942e-25
3.74559e-09	2.9568e-08	4.34801e-24
3.35551e-09	2.40666e-08	3.65912e-24
3.95971e-09	3.20509e-08	6.97879e-24
4.28365e-09	2.76583e-08	4.8866e-24
2.66264e-09	1.14516e-08	3.97622e-25
3.56502e-09	2.47383e-08	3.43424e-24
3.90361e-09	3.06567e-08	3.8624e-24
4.14662e-09	3.95316e-08	9.43975e-24
4.25664e-09	2.746e-08	3.67895e-24
4.31233e-09	2.82448e-08	4.1056e-24
4.52237e-09	3.23901e-08	6.98259e-24
3.48565e-09	3.08344e-08	4.94263e-24
3.08398e-09	2.6239e-08	3.35203e-24
3.60823e-09	2.84376e-08	5.10475e-24
3.22316e-09	1.51491e-08	7.67763e-25
4.05602e-09	2.47383e-08	2.3973e-24
3.91192e-09	2.64464e-08	4.25966e-24
4.05072e-09	3.3058e-08	6.42456e-24
3.85451e-09	2.56066e-08	4.02584e-24
3.20816e-09	2.26634e-08	1.6905e-24
3.78145e-09	2.33755e-08	2.74276e-24
3.70297e-09	3.48287e-08	6.09682e-24
4.11581e-09	3.11868e-08	4.80714e-24
4.28085e-09	2.60299e-08	4.92478e-24
4.56474e-09	2.49582e-08	1.98521e-24
4.20691e-09	2.60299e-08	4.14834e-24
3.8022e-09	2.9568e-08	5.56141e-24
4.03035e-09	2.82448e-08	4.04026e-24
3.22718e-09	2.06447e-08	2.16957e-24
3.06122e-09	1.23692e-08	3.89592e-25
3.09029e-09	1.89904e-08	1.58354e-24
4.20662e-09	2.26634e-08	2.2312e-24
5.22266e-09	2.06447e-08	1.6811e-24
4.24728e-09	2.2176e-08	7.584e-25
3.70976e-09	2.70591e-08	3.57996e-24
4.14652e-09	2.53923e-08	1.82231e-24
3.28508e-09	1.95574e-08	2.10752e-24
3.58805e-09	3.11868e-08	6.05862e-24
3.78212e-09	2.26634e-08	3.47599e-24
3.37981e-09	2.40666e-08	2.86929e-24
4.5019e-09	2.99353e-08	6.59709e-24
4.00865e-09	2.72603e-08	3.72761e-24
5.24855e-09	3.48287e-08	9.51695e-24
4.31687e-09	3.01173e-08	4.81224e-24
4.32816e-09	2.36081e-08	1.35169e-24
4.75961e-09	4.71004e-08	1.52473e-23
5.09628e-09	3.49853e-08	7.62972e-24
3.57153e-09	2.60299e-08	2.39619e-24
3.75529e-09	3.11868e-08	6.86734e-24
4.22583e-09	2.70591e-08	4.73654e-24
5.00709e-09	2.90083e-08	3.48311e-24
3.75849e-09	2.42926e-08	3.30721e-24
2.86359e-09	1.58541e-08	1.28837e-24
3.07147e-09	2.42926e-08	3.3178e-24
4.21064e-09	2.97522e-08	4.89452e-24
4.69339e-09	1.6195e-08	8.21808e-25
2.86791e-09	2.01084e-08	1.45419e-24
4.92557e-09	2.26634e-08	1.77402e-24
3.32571e-09	2.03783e-08	1.97347e-24
4.46639e-09	4.00807e-08	6.59e-24
3.17802e-09	1.87004e-08	1.36385e-24
5.39665e-09	3.68118e-08	9.91847e-24
4.57474e-09	2.1424e-08	8.49841e-25
3.0991e-09	2.09077e-08	2.25869e-24
3.10814e-09	2.42926e-08	4.04455e-24
3.12097e-09	1.44096e-08	7.28841e-25
4.66717e-09	2.76583e-08	4.05648e-24
3.82513e-09	1.04539e-08	1.62007e-25
4.05053e-09	2.49582e-08	3.82534e-24
3.76883e-09	3.59102e-08	8.57658e-24
3.94033e-09	3.13616e-08	3.7044e-24
4.14605e-09	3.06567e-08	6.34978e-24
3.60619e-09	2.51762e-08	4.36773e-24
3.11058e-09	1.68563e-08	1.20016e-24
3.79432e-09	1.78023e-08	1.70011e-24
4.93905e-09	2.1424e-08	1.6456e-24
4.12784e-09	3.27257e-08	7.1306e-24
3.67493e-09	3.01173e-08	4.93039e-24
3.55325e-09	2.16776e-08	2.50541e-24
3.46018e-09	2.36081e-08	3.55981e-24
3.35691e-09	2.90083e-08	4.5339e-24
3.99477e-09	2.60299e-08	3.51709e-24
4.37911e-09	2.6239e-08	4.0149e-24
3.81349e-09	4.00807e-08	1.04249e-23
3.39954e-09	2.88193e-08	4.49877e-24
4.23938e-09	3.0478e-08	5.66185e-24
4.10286e-09	3.63638e-08	6.28155e-24
3.4305e-09	2.2176e-08	1.71789e-24
2.1942e-09	8.74632e-09	1.50098e-25
2.70129e-09	1.78023e-08	9.96393e-25
3.16796e-09	3.95316e-08	7.37581e-24
4.15144e-09	3.15353e-08	5.35473e-24
4.0838e-09	2.06447e-08	1.78044e-24
2.23738e-09	1.28033e-08	6.29333e-25
1.99474e-09	1.6195e-08	7.99283e-25
3.59433e-09	3.23901e-08	4.40825e-24
3.35136e-09	2.2421e-08	3.12862e-24
3.6062e-09	2.746e-08	4.08113e-24
3.59299e-09	2.45165e-08	3.4454e-24
3.38108e-09	2.80506e-08	4.90478e-24
2.779e-09	2.36081e-08	3.14193e-24
3.93431e-09	2.72603e-08	4.21627e-24
5.5047e-09	2.78552e-08	4.19353e-24
3.85346e-09	2.11674e-08	1.77168e-24
4.41581e-09	2.90083e-08	5.58871e-24
3.6292e-09	2.6239e-08	3.91938e-24
3.64609e-09	2.49582e-08	1.67794e-24
4.82411e-09	1.81066e-08	4.82433e-25
2.88026e-09	1.81066e-08	1.04099e-24
4.63641e-09	3.74008e-08	1.04911e-23
4.99021e-09	3.188e-08	7.08689e-24
3.40413e-09	2.42926e-08	2.95209e-24
3.88001e-09	1.14516e-08	1.33477e-25
3.87887e-09	2.16776e-08	2.44942e-24
4.33115e-09	3.15353e-08	6.05388e-24
4.10855e-09	2.03783e-08	1.57479e-24
4.01759e-09	2.42926e-08	1.96098e-24
3.78809e-09	3.51411e-08	6.8307e-24
4.52082e-09	2.11674e-08	1.86732e-24
4.947e-09	3.33869e-08	8.8595e-24
3.41005e-09	3.0478e-08	4.48489e-24
4.48453e-09	2.9196e-08	5.84357e-24
4.3972e-09	2.33755e-08	3.05416e-24
4.70184e-09	3.0478e-08	5.20061e-24
3.48045e-09	1.74926e-08	9.90491e-25
4.73599e-09	3.22209e-08	6.14146e-24
4.57516e-09	3.74008e-08	9.35761e-24
4.78137e-09	2.9568e-08	5.34592e-24
4.22618e-09	2.9568e-08	6.03013e-24
3.317e-09	2.53923e-08	3.76104e-24
3.57506e-09	2.40666e-08	2.87109e-24
3.43537e-09	4.10239e-08	9.62501e-24
3.97083e-09	2.72603e-08	3.04005e-24
2.69961e-09	1.87004e-08	1.45357e-24
3.63567e-09	2.82448e-08	4.3265e-24
3.62594e-09	1.9276e-08	4.23061e-25
3.37532e-09	2.45165e-08	3.10362e-24
3.45802e-09	2.09077e-08	1.25222e-24
3.2953e-09	2.42926e-08	3.06149e-24
3.6391e-09	3.79807e-08	8.93224e-24
4.92994e-09	4.2848e-08	1.45651e-23
4.85384e-09	3.45135e-08	6.86251e-24
3.21848e-09	2.58191e-08	3.15702e-24
3.18216e-09	1.9276e-08	2.10888e-24
3.34399e-09	2.45165e-08	3.27891e-24
4.98275e-09	2.66522e-08	3.99476e-24
4.82456e-09	3.20509e-08	7.16305e-24
4.62724e-09	3.72545e-08	8.82392e-24
3.31645e-09	2.11674e-08	2.54563e-24
3.88135e-09	2.53923e-08	4.48742e-24
3.31815e-09	2.19282e-08	3.09055e-24
3.75117e-09	2.68564e-08	2.64402e-24
4.21612e-09	2.60299e-08	4.09406e-24
4.11042e-09	2.78552e-08	3.52017e-24
4.54718e-09	3.92542e-08	1.04528e-23
5.28017e-09	3.188e-08	6.65576e-24
4.72719e-09	3.32229e-08	8.03527e-24
4.87948e-09	3.13616e-08	7.38761e-24
3.3174e-09	2.38385e-08	3.84502e-24
2.51343e-09	1.44096e-08	4.50543e-25
4.22212e-09	3.51411e-08	6.23293e-24
3.34945e-09	1.9276e-08	1.30176e-24
4.22686e-09	3.82674e-08	7.44694e-24
4.89496e-09	3.188e-08	7.40899e-24
5.3428e-09	3.22209e-08	7.3808e-24
4.15981e-09	2.42926e-08	1.74046e-24
4.90638e-09	2.03783e-08	1.40958e-24
3.55028e-09	2.90083e-08	5.69998e-24
4.07829e-09	3.28923e-08	5.40339e-24
2.52199e-09	9.35021e-09	2.86705e-26
3.60135e-09	2.82448e-08	4.57456e-24
4.6713e-09	2.90083e-08	5.77954e-24
4.66253e-09	2.6239e-08	1.91065e-24
3.93233e-09	3.188e-08	5.73153e-24
3.13634e-09	2.26634e-08	2.44708e-24
2.67487e-09	9.35021e-09	6.84859e-26
4.86523e-09	3.0478e-08	4.42912e-24
4.30046e-09	4.65167e-08	1.36073e-23
3.03828e-09	1.44096e-08	7.31705e-25
4.31784e-09	3.45135e-08	5.68775e-24
4.52064e-09	3.38744e-08	6.99635e-24
4.24348e-09	3.32229e-08	6.65713e-24
4.06187e-09	2.78552e-08	5.29114e-24
2.56577e-09	2.06447e-08	2.35228e-24
3.48158e-09	2.80506e-08	2.54367e-24
3.57985e-09	2.19282e-08	2.72488e-24
3.62678e-09	2.70591e-08	4.65433e-24
4.06488e-09	2.03783e-08	1.31194e-24
4.09417e-09	2.60299e-08	3.13407e-24
4.1336e-09	2.9196e-08	4.38255e-24
3.24115e-09	2.70591e-08	3.63656e-24
2.58512e-09	1.58541e-08	6.18884e-25
5.4198e-09	3.54507e-08	1.03442e-23
3.82349e-09	2.99353e-08	4.66336e-24
4.72288e-09	2.29032e-08	2.80214e-24
4.93261e-09	2.93826e-08	4.92147e-24
3.44523e-09	2.9568e-08	5.11804e-24
4.69723e-09	3.69599e-08	7.30483e-24
3.86895e-09	2.09077e-08	1.27322e-24
3.61774e-09	2.45165e-08	3.05704e-24
3.9581e-09	4.02168e-08	9.66407e-24
4.12326e-09	2.53923e-08	3.99532e-24
3.68552e-09	2.88193e-08	1.86609e-24
3.87036e-09	3.35502e-08	5.65637e-24
3.81264e-09	2.33755e-08	2.18435e-24
4.13201e-09	2.60299e-08	4.89708e-24
2.71621e-09	1.68563e-08	9.18113e-25
3.67286e-09	1.95574e-08	5.29082e-25
4.02255e-09	1.81066e-08	2.26932e-25
4.28941e-09	1.95574e-08	1.14259e-24
4.46198e-09	2.40666e-08	2.35301e-24
4.76712e-09	2.1424e-08	8.89736e-25
2.85121e-09	1.68563e-08	3.63688e-25
3.76339e-09	2.68564e-08	5.37432e-24
4.57835e-09	3.02981e-08	5.30682e-24
4.12142e-09	3.32229e-08	6.73425e-24
3.99372e-09	1.95574e-08	1.409e-24
3.66069e-09	2.26634e-08	3.28442e-24
3.66135e-09	2.47383e-08	3.85869e-24
3.43248e-09	3.17081e-08	5.69693e-24
4.50057e-09	3.28923e-08	4.67012e-24
3.14981e-09	2.51762e-08	3.10299e-24
3.78383e-09	3.02981e-08	5.67125e-24
3.43842e-09	2.93826e-08	4.97131e-24
4.85207e-09	3.3058e-08	7.03044e-24
2.99045e-09	1.14516e-08	2.58991e-26
4.40748e-09	2.99353e-08	5.44343e-24
3.79443e-09	2.80506e-08	2.48748e-24
4.67249e-09	3.28923e-08	4.84459e-24
3.24321e-09	2.56066e-08	4.02657e-24
4.00461e-09	2.90083e-08	4.66535e-24
2.80174e-09	1.6529e-08	7.72793e-25
3.93369e-09	2.78552e-08	3.26101e-24
3.60265e-09	2.60299e-08	2.7574e-24
3.31608e-09	1.81066e-08	8.80188e-25
3.68262e-09	1.95574e-08	8.83874e-25
3.92636e-09	2.90083e-08	4.92542e-24
5.03304e-09	3.40353e-08	7.32591e-24
3.32527e-09	2.29032e-08	2.96992e-24
3.5921e-09	2.72603e-08	4.96998e-24
4.44421e-09	2.29032e-08	2.56608e-24
4.0493e-09	3.71075e-08	5.28821e-24
4.69042e-09	3.188e-08	7.56885e-24
3.09787e-09	2.90083e-08	4.02982e-24
3.61273e-09	2.2421e-08	2.33153e-24
4.58299e-09	3.13616e-08	3.72589e-24
4.97788e-09	3.56045e-08	8.52657e-24
3.53515e-09	2.746e-08	3.52774e-24
2.76323e-09	1.32232e-08	5.79768e-25
3.67288e-09	2.38385e-08	3.0451e-24
4.15114e-09	3.17081e-08	6.16406e-24
3.89448e-09	3.01173e-08	4.96585e-24
3.35361e-09	2.84376e-08	3.83266e-24
4.0614e-09	3.0478e-08	4.71205e-24
3.93106e-09	2.45165e-08	3.34009e-24
4.40155e-09	3.188e-08	7.16606e-24
3.68106e-09	1.95574e-08	1.91092e-24
3.92233e-09	3.17081e-08	4.56055e-24
4.29035e-09	3.06567e-08	5.6056e-24
4.92599e-09	3.08344e-08	6.62836e-24
4.02084e-09	3.3058e-08	6.73767e-24
4.4393e-09	2.90083e-08	5.77526e-24
3.22351e-09	2.64464e-08	3.88423e-24
3.9184e-09	2.68564e-08	4.47055e-24
3.15451e-09	1.68563e-08	1.28774e-24
5.38273e-09	3.76919e-08	1.00005e-23
3.59271e-09	2.746e-08	4.37545e-24
4.36025e-09	3.72545e-08	7.67941e-24
4.37746e-09	3.11868e-08	5.16367e-24
3.98249e-09	2.86291e-08	5.95587e-24
3.97069e-09	2.40666e-08	2.90151e-24
4.30187e-09	3.13616e-08	6.97223e-24
4.00951e-09	3.01173e-08	4.50329e-24
3.00339e-09	1.81066e-08	1.15273e-24
3.3469e-09	2.1424e-08	2.60158e-24
4.29539e-09	3.40353e-08	7.60552e-24
4.40684e-09	3.38744e-08	8.22364e-24
4.17323e-09	2.78552e-08	5.08436e-24
3.77176e-09	2.47383e-08	4.20601e-24
4.01267e-09	2.68564e-08	5.22431e-24
3.80612e-09	2.2421e-08	1.78157e-24
3.94668e-09	2.58191e-08	1.82359e-24
3.2024e-09	2.36081e-08	3.04682e-24
2.65769e-09	1.95574e-08	2.2862e-24
3.62742e-09	2.6239e-08	3.04632e-24
3.53388e-09	2.88193e-08	4.82387e-24
3.79071e-09	3.68118e-08	7.97861e-24
3.95347e-09	2.6239e-08	3.94882e-24
5.13725e-09	3.28923e-08	7.19692e-24
3.85987e-09	1.78023e-08	4.51462e-25
3.98056e-09	2.70591e-08	5.66322e-24
2.96456e-09	2.26634e-08	2.68629e-24
3.27453e-09	3.66631e-08	7.91044e-24
4.35321e-09	3.06567e-08	5.91458e-24
3.67965e-09	3.10111e-08	6.37751e-24
4.40254e-09	2.2176e-08	2.6981e-24
3.82161e-09	2.64464e-08	3.90517e-24
3.51438e-09	3.188e-08	4.15089e-24
3.85129e-09	3.54507e-08	6.35938e-24
4.23763e-09	2.70591e-08	5.12634e-24
3.71875e-09	2.29032e-08	2.21131e-24
3.43347e-09	2.19282e-08	2.39622e-24
4.30853e-09	3.02981e-08	4.10559e-24
3.70229e-09	2.38385e-08	3.47582e-24
4.2382e-09	3.15353e-08	7.12017e-24
3.80522e-09	2.29032e-08	2.65961e-24
4.4112e-09	3.27257e-08	6.27194e-24
2.83113e-09	3.188e-08	2.7973e-24
3.34444e-09	2.26634e-08	2.2146e-24
4.24052e-09	3.41954e-08	6.78473e-24
4.40295e-09	3.65137e-08	5.59957e-24
3.64874e-09	2.746e-08	3.75789e-24
3.07312e-09	1.78023e-08	1.2323e-24
3.77711e-09	2.2176e-08	1.75958e-24
4.75427e-09	3.02981e-08	5.0369e-24
4.342e-09	3.72545e-08	1.14639e-23
3.96035e-09	2.45165e-08	4.23115e-24
2.9425e-09	2.03783e-08	9.86225e-25
3.82282e-09	2.38385e-08	2.60923e-24
3.80872e-09	2.47383e-08	2.06424e-24
3.21714e-09	2.45165e-08	2.562e-24
3.66024e-09	2.33755e-08	2.46179e-24
3.72219e-09	2.70591e-08	3.98686e-24
3.5533e-09	3.43549e-08	7.79886e-24
4.11545e-09	2.72603e-08	4.11016e-24
3.39345e-09	2.82448e-08	4.18599e-24
4.29733e-09	2.47383e-08	4.63844e-24
3.67898e-09	3.37127e-08	6.17405e-24
4.21434e-09	3.27257e-08	5.93569e-24
3.75349e-09	2.49582e-08	3.40553e-24
3.527e-09	3.22209e-08	5.84597e-24
3.50428e-09	2.49582e-08	3.31151e-24
3.3677e-09	2.78552e-08	3.92031e-24
3.24441e-09	1.55056e-08	7.52024e-25
4.58029e-09	3.08344e-08	6.5604e-24
3.91013e-09	2.68564e-08	1.92777e-24
3.42712e-09	2.26634e-08	2.5109e-24
4.09675e-09	2.72603e-08	4.32915e-24
3.36155e-09	2.42926e-08	3.28601e-24
3.98908e-09	3.28923e-08	5.92382e-24
3.60458e-09	2.40666e-08	3.10116e-24
3.50957e-09	2.78552e-08	3.62351e-24
4.40771e-09	3.02981e-08	5.13051e-24
4.96918e-09	2.9196e-08	6.14682e-24
3.56143e-09	2.53923e-08	3.34612e-24
2.41313e-09	8.74632e-09	9.83754e-26
4.79923e-09	3.32229e-08	6.1639e-24
4.25616e-09	2.40666e-08	1.31579e-24
2.76503e-09	1.19192e-08	4.20496e-25
3.9882e-09	2.36081e-08	2.97593e-24
3.01103e-09	1.9276e-08	1.82964e-24
3.88709e-09	3.20509e-08	5.78806e-24
3.72975e-09	2.88193e-08	4.73121e-24
3.54385e-09	3.06567e-08	5.03318e-24
3.62547e-09	2.80506e-08	4.49399e-24
2.99999e-09	2.78552e-08	4.12081e-24
5.1667e-09	2.2421e-08	1.09187e-24
4.12326e-09	2.78552e-08	4.03582e-24
4.47466e-09	2.99353e-08	5.99963e-24
3.77283e-09	1.74926e-08	1.12454e-24
4.03069e-09	2.56066e-08	4.2403e-24
3.28159e-09	1.87004e-08	2.05967e-24
3.95784e-09	2.9196e-08	4.92666e-24
3.59063e-09	1.84059e-08	8.33768e-25
3.13904e-09	1.87004e-08	1.47664e-24
4.50229e-09	2.68564e-08	2.65036e-24
3.98748e-09	3.37127e-08	5.90391e-24
4.57332e-09	2.31406e-08	3.69191e-24
3.18113e-09	2.16776e-08	2.1673e-24
3.81662e-09	2.746e-08	3.07212e-24
4.95787e-09	3.41954e-08	8.60279e-24
4.49535e-09	3.79807e-08	8.37987e-24
3.68778e-09	1.6529e-08	1.7498e-25
3.92964e-09	2.1424e-08	1.24904e-24
4.83367e-09	3.01173e-08	6.40877e-24
4.56289e-09	2.1424e-08	1.29637e-24
4.25339e-09	3.27257e-08	5.31279e-24
3.28982e-09	2.29032e-08	3.0687e-24
4.36733e-09	2.06447e-08	1.04091e-24
3.38022e-09	2.40666e-08	3.18371e-24
3.896e-09	2.97522e-08	4.22728e-24
2.30748e-09	2.09077e-08	2.01246e-24
4.53629e-09	3.69599e-08	7.2921e-24
4.20797e-09	3.89748e-08	9.4777e-24
4.15508e-09	2.80506e-08	5.22354e-24
4.03133e-09	2.06447e-08	9.9946e-25
3.36252e-09	2.38385e-08	1.94545e-24
4.43503e-09	4.38564e-08	1.01432e-23
4.85593e-09	2.16776e-08	1.83959e-24
4.01255e-09	3.46715e-08	5.88788e-24
3.3547e-09	2.45165e-08	2.72645e-24
2.67037e-09	1.14516e-08	1.30423e-25
2.91729e-09	1.44096e-08	5.28611e-25
4.09647e-09	3.3058e-08	7.54952e-24
4.47459e-09	3.10111e-08	5.11761e-24
3.50377e-09	2.64464e-08	4.69748e-24
4.45523e-09	3.41954e-08	7.9485e-24
3.62336e-09	2.31406e-08	3.31655e-24
3.61001e-09	2.56066e-08	2.45832e-24
4.15874e-09	3.0478e-08	6.95052e-24
5.29521e-09	3.75467e-08	9.59979e-24
3.03385e-09	1.89904e-08	1.8411e-24
4.03753e-09	2.93826e-08	5.02879e-24
3.91954e-09	2.9196e-08	2.94528e-24
3.88454e-09	2.49582e-08	4.16268e-24
4.40707e-09	3.15353e-08	5.44601e-24
4.66705e-09	3.17081e-08	5.78328e-24
4.7304e-09	4.12894e-08	1.07961e-23
3.73086e-09	3.74008e-08	8.30673e-24
4.54434e-09	3.11868e-08	4.98843e-24
2.27151e-09	1.84059e-08	1.41175e-24
3.88874e-09	3.49853e-08	6.73725e-24
3.79352e-09	2.97522e-08	5.37882e-24
4.6552e-09	4.4842e-08	1.11478e-23
2.97738e-09	2.03783e-08	2.41881e-24
4.58008e-09	3.13616e-08	6.58094e-24
4.80845e-09	3.38744e-08	4.9703e-24
5.13992e-09	2.99353e-08	5.40755e-24
2.23242e-09	1.40253e-08	5.52827e-25
3.9106e-09	2.72603e-08	2.40544e-24
3.87798e-09	3.33869e-08	5.24844e-24
3.48836e-09	4.2848e-08	1.2933e-23
4.87049e-09	4.15532e-08	1.15242e-23
2.40302e-09	1.89904e-08	1.16503e-24
3.40945e-09	2.51762e-08	2.72476e-24
4.45696e-09	3.46715e-08	6.86261e-24
4.50037e-09	3.38744e-08	7.82958e-24
4.5139e-09	3.57577e-08	8.4053e-24
3.7091e-09	1.98348e-08	1.40146e-24
5.29792e-09	3.08344e-08	5.64634e-24
3.57094e-09	2.90083e-08	4.30948e-24
3.85138e-09	2.72603e-08	4.07327e-24
2.431e-09	1.28033e-08	3.83557e-25
3.92151e-09	2.72603e-08	4.02744e-24
3.76737e-09	2.53923e-08	3.29989e-24
2.97517e-09	2.09077e-08	1.0545e-24
4.51058e-09	2.88193e-08	5.59905e-24
4.61569e-09	2.66522e-08	5.6475e-24
3.57457e-09	2.31406e-08	3.98467e-24
3.4266e-09	2.80506e-08	4.34053e-24
4.46138e-09	2.80506e-08	6.91989e-24
3.54558e-09	2.19282e-08	2.10603e-24
4.24758e-09	2.86291e-08	4.71508e-24
2.72969e-09	2.1424e-08	1.56023e-24
3.69573e-09	2.36081e-08	1.57778e-24
3.32188e-09	1.09641e-08	5.86846e-25
3.2137e-09	1.28033e-08	9.72486e-25
2.06209e-09	8.74632e-09	1.23233e-25
2.53468e-09	6.6116e-09	1.44405e-25
1.94989e-09	7.39199e-09	1.20946e-25
2.11305e-09	9.35021e-09	2.8157e-25
1.97059e-09	1.14516e-08	3.71048e-25
1.99431e-09	1.04539e-08	2.61618e-25
1.41264e-09	5.72581e-09	3.3811e-26
